"Generation","Average","Max","Min","BestGen","amountOfTours","repeatedGens","BestValue: 1020.5918"
0,2174.8965,1811.8954,2438.5388,";;12;37;27;13;14;9;33;16*15;5;2;8;21;19;22;1*6;30;29;23;4*25;20;31;7;35;26;3*24;17;38;18;28;36;32;11*10;34","6",""
1,2047.3795,1783.7694,2252.873,";;12;37;27;13;14;9;33;16*15;5;2;8;21;19;22;1*6;30;29;23;4*25;20;31;7;35;3;26*24;17;38;18;28;36;32;11*10;34","6",""
2,1992.9854,1747.9242,2296.6296,";;12;37;27;13;14;9;33;16*15;5;2;8;21;19;22;1*6;30;29;23;4*25;20;31;7;3;26;35*24;17;38;18;28;36;32;11*10;34","6",""
3,1913.6278,1675.5518,2325.0796,";;14;6;13;7;22;10*33;3;24;27;28;8*21;19;12;1;2;30;29;23;4*25;20;31;5;35;15;26;17*36;34;16;37;32;38;18;9;11","5",""
4,1803.1659,1675.5518,2121.5618,";;14;6;13;7;22;10*33;3;24;27;28;8*16;19;12;1;2;30;29;23;4*25;20;31;5;35;15;26;17*36;34;21;37;32;38;18;9;11","5",""
5,1768.3469,1675.5518,1979.8065,";;14;6;13;7;22;10*33;3;24;27;28;8*21;19;12;1;2;30;29;23;4*25;20;31;5;35;15;26;17*36;34;16;37;32;38;18;9;11","5",""
6,1753.7979,1668.8103,2004.0695,";;12;37;27;13;14;9;33;16*15;5;2;8;21;19;22;1*6;30;29;23;4*25;20;31;7;35;3;32;24*17;38;18;26;36;34;10;11*28","6",""
7,1730.3022,1587.6157,2015.0365,";;14;37;27;13;6;9;33*3;22;10;28;8;21;19*12;1;2;30;29;23;4;25;20;31*5;35;15;26;17;36;34*16;7;32;38;18;24;11","5",""
8,1727.9203,1587.6157,1956.858,";;14;37;27;13;6;9;33*3;22;10;28;8;21;19*12;1;2;30;29;23;4;25;20;31*5;35;15;26;17;36;34*16;7;32;38;18;24;11","5",""
9,1691.4457,1575.7549,2007.6094,";;14;6;13;27;37;9;33*3;22;10;28;8;21;19*12;1;2;30;29;23;4;25;20;31*5;35;15;26;17;36;34*16;7;32;38;18;24;11","5",""
10,1669.3209,1544.9003,2050.2979,";;14;6;13;27;37;9;33*3;22;10;28;8;21;19*12;1;2;11;29;23;4;25*20;31;5;35;15;26;17;36*34;16;7;32;38;18;24;30","5",""
11,1607.831,1512.5347,2029.8279,";;14;37;27;13;6;9;33*3;22;5;2;8;21;19;12;1*28;30;29;23;4;25;20*31;10;35;15;26;17;36;34*16;7;32;38;18;24;11","5",""
12,1595.5199,1512.5347,2048.245,";;14;37;27;13;6;9;33*3;22;5;2;8;21;19;12;1*28;30;29;23;4;25;20*31;10;35;15;26;17;36;34*16;7;32;38;18;24;11","5",""
13,1571.1296,1510.5642,1937.9714,";;14;37;27;13;6;9;33*3;22;5;2;8;21;19;12;1*28;30;29;23;4;25;20*31;10;16;35;26;17;36;34*15;7;32;38;18;24;11","5",""
14,1525.3293,1510.5642,1714.3518,";;14;37;27;13;6;9;33*3;22;5;2;8;21;19;12;1*28;30;29;23;4;25;20*31;10;16;35;26;17;36;34*15;7;32;38;18;24;11","5",""
15,1520.2775,1510.5642,1778.0896,";;14;37;27;13;6;9;33*3;22;5;2;8;21;19;12;1*28;30;29;23;4;25;20*31;10;16;35;26;17;36;34*15;7;32;38;18;24;11","5",""
16,1514.7216,1510.312,1639.197,";;14;37;27;13;6;9;33;22*3;5;2;8;21;19;12;1*28;30;29;23;4;25;20*31;10;16;35;26;17;36;34*15;7;32;38;18;24;11","5",""
17,1517.2578,1510.312,1699.2957,";;14;37;27;13;6;9;33;22*3;5;2;8;21;19;12;1*28;30;29;23;4;25;20*31;10;16;35;26;17;36;34*15;7;32;38;18;24;11","5",""
18,1514.857,1480.593,1716.2651,";;14;37;27;13;6;9;33;22*3;5;2;8;21;19;12*25;28;30;29;23;4;1;20*31;10;16;35;26;17;36;34*15;7;32;38;18;24;11","5",""
19,1520.8672,1480.593,1825.9067,";;14;37;27;13;6;9;33;22*3;5;2;8;21;19;12*25;28;30;29;23;4;1;20*31;10;16;35;26;32;36;34*15;7;17;38;18;24;11","5",""
20,1510.4269,1480.593,1643.1497,";;14;37;27;13;6;9;33;22*3;5;2;8;21;19;12*25;28;30;29;23;4;1;20*31;10;16;35;26;17;36;34*15;7;32;38;18;24;11","5",""
21,1500.9016,1480.593,1658.1025,";;14;37;27;13;6;9;33;22*3;5;2;8;21;19;12*25;28;30;29;23;4;1;20*31;10;16;35;26;17;36;34*15;7;32;38;18;24;11","5",""
22,1487.6664,1480.593,1685.9509,";;14;37;27;13;6;9;33;22*3;5;2;8;21;19;12*25;28;30;29;23;4;1;20*31;10;16;35;26;17;36;34*15;7;32;38;18;24;11","5",""
23,1483.0977,1459.563,1619.1921,";;14;37;27;13;6;9;33;22*3;5;2;8;21;19;12*25;28;24;29*23;4;1;20;31;10;16;35;26;17*36;34;15;7;32;38;18;30*11","6",""
24,1482.271,1459.563,1605.4053,";;14;37;27;13;6;9;33;22*3;5;2;8;21;19;12*25;28;24;29*23;4;1;20;31;10;16;35;26;17*36;34;15;7;32;38;18;30*11","6",""
25,1475.048,1459.563,1569.6846,";;14;37;27;13;6;9;33;22*3;5;2;8;21;19;12*25;28;24;29*23;4;1;20;31;10;16;35;26;17*36;34;15;7;32;38;18;30*11","6",""
26,1470.4988,1459.563,1692.5457,";;14;37;27;13;6;9;33;22*3;5;2;8;21;19;12*25;28;24;29*23;4;1;20;31;10;16;35;26;17*36;34;15;7;32;38;18;30*11","6",""
27,1467.2963,1412.418,1609.4155,";;14;37;27;13;6*28;33;22;3;5;2;8*21;19;12;25;9;24;29*23;4;1;20;31;10;16;35;26;17*36;34;15;7;32;38;18;30*11","6",""
28,1467.19,1412.418,1730.3279,";;14;37;27;13;6*28;33;22;3;5;2;8*21;19;12;23;9;24;29*25;4;1;20;31;10;16;35;26;17*36;34;15;7;32;38;18;30*11","6",""
29,1459.3247,1412.418,1718.0632,";;14;37;27;13;6*28;33;22;3;5;2;8*21;19;12;25;9;24;29*23;4;1;20;31;10;16;35;26;17*36;34;15;7;32;38;18;30*11","6",""
30,1438.1547,1412.418,1527.9524,";;14;37;27;13;6*28;33;22;3;5;2;8*21;19;12;25;9;24;29*23;4;1;20;31;10;16;35;26;17*36;34;15;7;32;38;18;30*11","6",""
31,1422.0366,1393.6284,1617.9902,";;14;37;27;13;6*28;33;22;3;5;2;8*21;19;25;12;9;11;29*23;4;1;20;31;10;16;35;26;17*36;34;15;7;32;38;18;30*24","6",""
32,1413.3085,1379.3582,1564.8179,";;14;37;27;13;6*28;33;22;3;5;9;8*21;19;25;12;2;24;29*23;4;1;20;31;10;16;35;26;17*36;34;15;7;32;38;18;30*11","6",""
33,1416.8636,1379.3582,1701.7561,";;14;37;27;13;6*28;33;22;3;5;9;8*21;19;25;12;2;24;29*23;4;1;20;31;10;16;35;26;17*36;34;15;7;32;38;18;30*11","6",""
34,1400.9784,1367.2471,1535.3464,";;14;37;27;13;6*28;33;5;3;22;2;8*21;19;25;12;9;24;29*23;4;1;20;31;10;16;35;26;17*36;34;15;7;32;38;18;30*11","6",""
35,1383.3738,1367.2471,1423.4778,";;14;37;27;13;6*28;33;5;3;22;2;8*21;19;25;12;9;24;29*23;4;1;20;31;10;16;35;26;17*36;34;15;7;32;38;18;30*11","6",""
36,1379.0331,1356.1482,1624.8835,";;14;37;27;13;6*28;33;5;3;22;2;8*21;19;25;12;9;24;29*23;4;35;20;1;10;16;31;26;17*36;34;15;7;32;38;18;30*11","6",""
37,1384.4498,1356.1482,1950.7393,";;14;37;27;13;6*28;33;5;3;22;2;8*21;19;25;12;9;24;29*23;4;31;20;1;10;16;35;26;17*36;34;15;7;32;38;18;30*11","6",""
38,1368.8081,1355.9736,1481.4939,";;14;37;27;13;6*28;33;5;3;22;9;8*21;19;25;12;2;24;1;23;4;31;20*29;10;16;35;26;17*36;34;15;7;32;38;18;30*11","6",""
39,1361.1791,1340.5065,1469.3143,";;14;37;27;13;6*28;33;5;3;22;2;8*21;19;25;12;9;24;29*23;4;31;20;1;10;16;35;26;17*36;34;15;7;32;38;18*11;30","6",""
40,1361.2169,1340.1642,1470.395,";;4;37;27;13;6*28;33;5;3;22;2;8*21;19;25;12;9;24;29*23;14;31;20;1;10;16;35;26;17*36;34;15;7;32;38;18*11;30","6",""
41,1364.8074,1330.3002,1745.0125,";;4;37;27;13;6*28;33;5;3;22;2;8*21;19;25;12;9;24;1;23;14;31;20*29;10;16;35;26;17*36;34;15;7;32;38;18*11;30","6",""
42,1358.3364,1330.3002,1657.4851,";;4;37;27;13;6*28;33;5;3;22;2;8*21;19;25;12;9;24;1;23;14;31;20*29;10;16;35;26;17*36;34;15;7;32;38;18*11;30","6",""
43,1357.5764,1330.3002,1923.2915,";;4;37;27;13;6*28;33;5;3;22;2;8*21;19;25;12;9;24;1;23;14;31;20*29;10;16;35;26;17*36;34;15;7;32;38;18*11;30","6",""
44,1345.72,1330.3002,1841.1476,";;4;37;27;13;6*28;33;5;3;22;2;8*21;19;25;12;9;24;1;23;14;31;20*29;10;16;35;26;17*36;34;15;7;32;38;18*11;30","6",""
45,1334.0537,1330.3002,1516.0232,";;4;37;27;13;6*28;33;5;3;22;2;8*21;19;25;12;9;24;1;23;14;31;20*29;10;16;35;26;17*36;34;15;7;32;38;18*11;30","6",""
46,1338.3644,1330.3002,1615.518,";;4;37;27;13;6*28;33;5;3;22;2;8*21;19;25;12;9;24;1;23;14;31;20*29;10;16;35;26;17*36;34;15;7;32;38;18*11;30","6",""
47,1334.2281,1330.3002,1473.3837,";;4;37;27;13;6*28;33;5;3;22;2;8*21;19;25;12;9;24;1;23;14;31;20*29;10;16;35;18;17;36*34;15;7;32;38;26;11;30","5",""
48,1340.0735,1312.7062,1589.6407,";;4;37;27;13;28*6;33;5;3;22;2*8;21;19;25;12;9;24;1*23;14;31;20;29;10;16;35*26;17;36;34;15;7;32;38*18;11;30","6",""
49,1337.8522,1312.7062,1621.597,";;4;37;27;13;28*6;33;5;3;22;2*8;21;19;25;12;9;24;1*23;14;31;20;29;10;16;35*26;17;36;34;15;7;32;38*18;11;30","6",""
50,1332.3096,1312.7062,1528.4445,";;4;37;27;13;28*6;33;5;3;22;2*8;21;19;25;12;9;24;1*23;14;31;20;29;10;16;35*26;17;36;34;15;7;32;38*18;11;30","6",""
51,1325.5381,1312.7062,1620.4138,";;4;37;27;13;28*6;33;5;3;22;2*8;21;19;25;12;9;24;1*23;14;31;20;29;10;16;35*26;17;36;34;15;7;32;38*18;11;30","6",""
52,1326.0854,1312.7062,1820.0771,";;4;37;27;13;28*6;33;5;3;22;2*8;21;19;25;12;9;24;1*23;14;31;20;29;10;16;35*26;17;36;34;15;7;32;38*18;11;30","6",""
53,1324.6271,1307.5856,1548.1041,";;4;37;27;13;28*6;33;5;3;22*15;8;21;19;25;12;9*24;1;23;14;31;20;29;10*16;35;26;17;36;34;2;7;32*38;18;11;30","6",""
54,1320.8192,1294.5193,1606.8568,";;4;37;27;13;28*6;33;5;3;22*15;30;21;19;25;12;9;24;1*23;14;31;20;29;10;16;35*26;17;36;34;2;7;32;38;18*11;8","6",""
55,1334.9758,1294.5193,1672.2473,";;4;37;27;13;28*6;33;5;3;22*15;30;21;19;25;12;9;24;1*23;14;31;20;29;10;16;35*26;17;36;34;2;7;32;38;18*11;8","6",""
56,1310.5251,1294.5193,1517.26,";;4;37;27;13;28*6;33;5;3;22*15;30;21;19;25;12;9;24;1*23;14;31;20;29;10;16;35*26;17;36;34;2;7;32;38;18*11;8","6",""
57,1307.4375,1294.5193,1554.4509,";;4;37;27;13;28*6;33;5;3;22*15;30;21;19;25;12;9;24;1*23;14;31;20;29;10;16;35*26;17;36;34;2;7;32;38;18*11;8","6",""
58,1303.0146,1294.5193,1560.2614,";;4;37;27;13;28*6;33;5;3;22*15;30;21;19;25;12;9;24;1*23;14;31;20;29;10;16;35*26;17;36;34;2;7;32;38;18*11;8","6",""
59,1299.7609,1294.5193,1416.635,";;4;37;27;13;28*6;33;5;3;22*15;30;21;19;25;12;9;24;1*23;14;31;20;29;10;16;35*26;17;36;34;2;7;32;38;18*11;8","6",""
60,1301.6698,1294.5193,1438.4048,";;4;37;27;13;28*6;33;5;3;22*15;30;21;19;25;12;9;24;1*23;14;31;20;29;10;16;35*26;17;36;34;2;7;32;38;18*11;8","6",""
61,1301.3135,1294.5193,1439.7776,";;4;37;27;13;28*6;33;5;3;22*15;30;21;19;25;12;9;24;1*23;14;31;20;29;10;16;35*26;17;36;34;2;7;32;38;18*11;8","6",""
62,1300.0151,1293.1606,1458.1099,";;4;37;27;13;28*6;33;5;3;22;35;30*21;19;25;12;9;24;1;23;14;31;20*29;10;16;15;26;17*36;34;2;7;32;38;18;11*8","6",""
63,1300.5608,1293.1606,1467.7258,";;4;37;27;13;28*6;33;5;3;22;35;30*21;36;25;12;9;24;1;23;14*31;20;29;10;16;15;26*17;11;34;2;7;32;38;18;19;8","5",""
64,1298.1698,1293.1606,1411.1992,";;4;37;27;13;28*6;33;5;3;22;35;30*21;19;25;12;9;24;1;23;14;31;20*29;10;16;15;26;17*36;34;2;7;32;38;18;11*8","6",""
65,1298.9501,1293.1606,1422.7886,";;4;37;27;13;28*6;33;5;3;22;35;30*21;19;25;12;9;24;1;23;14;31;20*29;10;16;15;26;17*36;34;2;7;32;38;18;11*8","6",""
66,1305.221,1293.1606,1483.1914,";;4;37;27;13;28*6;33;5;3;22;35;30*21;19;25;12;9;24;1;23;14;31;20*29;10;16;15;26;17*36;34;2;7;32;38;18;11*8","6",""
67,1302.8322,1293.1606,1568.7903,";;4;37;27;13;28*6;33;5;3;22;35;30*21;19;25;12;9;24;1;23;14;31;20*29;10;16;15;26;17*36;34;2;7;32;38;18;11*8","6",""
68,1301.6648,1293.1606,1622.5054,";;4;37;27;13;28*6;33;5;3;22;35;30*21;19;25;12;9;24;1;23;14;31;20*29;10;16;15;26;17*36;34;2;7;32;38;18;11*8","6",""
69,1295.5394,1280.0679,1420.6567,";;4;34;27;13;28;6*33;5;3;22;35;30;21;19*25;12;9;24;1;23;14;31;20*29;10;16;15;26;17*36;37;2;7;32;38;18;11*8","6",""
70,1296.3391,1280.0679,1464.1162,";;4;34;27;13;28;6*33;5;3;22;35;30;21;19*25;12;9;24;1;23;14;31;20*29;10;16;15;26;17*36;37;2;7;32;38;18;11*8","6",""
71,1304.8522,1280.0679,1837.6724,";;4;34;27;13;28;6*33;5;3;22;35;30;21;19*25;12;9;24;1;23;14;31;20*29;10;16;15;26;17*36;37;2;7;32;38;18;11*8","6",""
72,1291.295,1280.0679,1487.4075,";;4;34;27;13;28;6*33;5;3;22;35;30;21;19*25;12;9;24;1;23;14;31;20*29;10;16;15;26;17*36;37;2;7;32;38;18;11*8","6",""
73,1292.927,1279.4852,1739.6324,";;4;34;27;13;28;6*33;5;32;22;35;30;21;19;25;12;9*24;1;23;14;31;20;29;10*16;15;26;17;36;37*2;7;3;38;18;11;8","5",""
74,1298.395,1279.4852,1754.5052,";;4;34;27;13;28;6*33;5;32;22;35;30;21;19;25;12;9*24;1;23;14;31;20;29;10*16;15;26;17;36;37*2;7;3;38;18;11;8","5",""
75,1285.2737,1279.4852,1562.8143,";;4;34;27;13;28;6*33;5;32;22;35;30;21;19;25;12;9*24;1;23;14;31;20;29;10*16;15;26;17;36;37*2;7;3;38;18;11;8","5",""
76,1286.031,1279.4852,1434.9496,";;4;34;27;13;28;6*33;5;32;22;35;30;21;19;25;12;9*24;1;23;14;31;20;29;10*16;15;26;17;36;37*2;7;3;38;18;11;8","5",""
77,1292.9269,1275.5378,1638.2076,";;4;34;27;13;28;6;18*5;32;22;35;30;21;19;25;12;9*24;1;23;14;31;20;29;10*16;15;26;17;36;37*2;7;3;38;33;11;8","5",""
78,1281.0398,1275.5378,1352.7222,";;4;34;27;13;28;6;18*5;32;22;35;30;21;19;25;12;9*24;1;23;14;31;20;29;10*16;15;26;17;36;37*2;7;3;38;33;11;8","5",""
79,1280.4503,1275.5378,1476.51,";;4;34;27;13;28;6;18*5;32;22;35;30;21;19;25;12;9*24;1;23;14;31;20;29;10*16;15;26;17;36;37*2;7;3;38;33;11;8","5",""
80,1292.2872,1216.6154,1527.3253,";;4;34;27;13;28;6;18*5;32;22;35;30;21;19;25;12;9*15;1;23;14;31;20;29;10*16;24;26;17;36;37;2*7;3;38;33;11;8","5",""
81,1277.0281,1216.6154,1587.0134,";;4;34;27;13;28;6;18*5;32;22;35;30;21;19;25;12;9*15;1;23;14;31;20;29;10*16;24;26;17;36;37;2*7;3;38;33;11;8","5",""
82,1285.6108,1216.6154,1876.3002,";;4;34;27;13;28;6;18*5;32;22;35;30;21;19;25;12;9*15;1;23;14;31;20;29;10*16;24;26;17;36;37;2*7;3;38;33;11;8","5",""
83,1256.7026,1209.2375,1587.5825,";;4;34;27;13;28;6;18*5;32;22;35;30;21;19;9;12;31;15;1*23;14;25;20;29;10*16;24;26;17;36;37;2*3;7;38;33;11;8","5",""
84,1230.0264,1209.2375,1618.3962,";;4;34;27;13;28;6;18*5;32;22;35;30;21;19;25;12;9*15;1;23;14;31;20;29;10*16;24;26;17;36;37;2*3;7;38;33;11;8","5",""
85,1226.5953,1209.2375,1566.9523,";;4;34;27;13;28;6;18*5;32;22;35;30;21;19;25;12;9*15;1;23;14;31;20;29;10*16;24;26;17;36;37;2*3;7;38;33;11;8","5",""
86,1218.4884,1207.5322,1370.8215,";;4;34;27;13;28;6;18*5;32;22;35;30;21;19;25;12;31*15;1;23;14;9;20;29;10*16;24;26;17;36;37;2*3;7;38;33;11;8","5",""
87,1216.5922,1207.5322,1527.3993,";;4;34;27;13;28;6;18*5;32;22;35;30;21;19;25;12;31*15;1;23;14;9;20;29;10*16;24;26;17;36;37;2*3;7;38;33;11;8","5",""
88,1209.4803,1207.5322,1303.5549,";;4;34;27;13;28;6;18*5;32;22;35;30;21;19;25;12;31*15;1;23;14;9;20;29;10*16;24;26;17;36;37;2*3;7;38;33;11;8","5",""
89,1216.3038,1207.5322,1746.7751,";;4;34;27;13;28;6;18*5;32;22;35;30;21;19;25;12;31*15;1;23;14;9;20;29;10*16;24;26;17;36;37;2*3;7;38;33;11;8","5",""
90,1221.8417,1207.5322,1790.7454,";;4;34;27;13;28;6;18*5;32;22;35;30;21;19;25;12;31*15;1;23;14;9;20;29;10*16;24;26;17;36;37;2*3;7;38;33;11;8","5",""
91,1212.1776,1207.5322,1335.1289,";;4;34;27;13;28;6;18*5;32;22;35;30;21;19;25;12;31*15;1;23;14;9;20;29;10*16;24;26;17;36;37;2*3;7;38;33;11;8","5",""
92,1217.362,1207.5322,1475.0667,";;4;34;27;13;28;6;18*5;32;22;35;30;21;19;25;12;31*15;1;23;14;9;20;29;10*16;24;26;17;36;37;2*3;7;38;33;11;8","5",""
93,1223.3601,1207.5322,1726.9858,";;4;34;27;13;28;6;18*5;32;22;35;30;21;19;25;12;31*15;1;23;14;9;20;29;10*16;24;26;17;36;37;2*3;7;38;33;11;8","5",""
94,1213.3011,1207.5322,1356.2697,";;4;34;27;13;28;6;18*5;32;22;35;30;21;19;25;12;31*15;1;23;14;9;20;29;10*16;24;26;17;36;37;2*3;7;38;33;11;8","5",""
95,1223.6925,1207.5322,1667.3782,";;4;34;27;13;28;6;18*5;32;22;35;30;21;19;25;12;31*15;1;23;14;9;20;29;10*16;24;26;17;36;37;2*3;7;38;33;11;8","5",""
96,1217.966,1204.404,1432.9216,";;4;34;27;13;28;6;18*5;32;22;35;30;21;19;25;33;31*15;1;23;14;9;20;29;10*16;24;26;17;36;37;2*3;7;38;12;11;8","5",""
97,1213.7214,1197.3702,1472.3972,";;4;34;27;13;28;6;18*5;32;22;35;30;21;19;25;12;31*15;1;38;14;9;20;29;10;16*24;26;17;36;37;2*3;7;23;33;11*8","6",""
98,1216.5225,1197.3702,1430.0754,";;4;34;27;13;28;6;18*5;32;22;35;30;21;19;25;12;31*15;1;38;14;9;20;29;10;16*24;26;17;36;37;2*3;7;23;33;11*8","6",""
99,1208.5022,1197.3702,1360.6427,";;4;34;27;13;28;6;18*5;32;22;35;30;21;19;25;12;31*15;1;38;14;9;20;29;10;16*24;26;17;36;37;2*3;7;23;33;11*8","6",""
100,1208.959,1197.3702,1354.484,";;4;34;27;13;28;6;18*5;32;22;35;30;21;19;25;12;31*15;1;38;14;9;20;29;10;16*24;26;17;36;37;2*3;7;23;33;11*8","6",""
101,1204.3693,1197.3702,1324.8375,";;4;34;27;13;28;6;18*5;32;22;35;30;21;19;25;12;31*15;1;38;14;9;20;29;10;16*24;26;17;36;37;2*3;7;23;33;11*8","6",""
102,1204.4823,1197.3702,1376.1611,";;4;34;27;13;28;6;18*5;32;22;35;30;21;19;25;12;31*15;1;38;14;9;20;29;10;16*24;26;17;36;37;2*3;7;23;33;11*8","6",""
103,1207.2881,1197.3702,1548.5645,";;4;34;27;13;28;6;18*5;32;22;35;30;21;19;25;12;31*15;1;38;14;9;20;29;10;16*24;26;17;36;37;2*3;7;23;33;11*8","6",""
104,1211.1068,1197.3702,1519.2397,";;4;34;27;13;28;6;18*5;32;22;35;30;21;19;25;12;31*15;1;38;14;9;20;29;10;16*24;26;17;36;37;2*3;7;23;33;11*8","6",""
105,1202.7905,1197.3702,1439.3198,";;4;34;27;13;28;6;18*5;32;22;35;30;21;19;25;12;31*15;1;38;14;9;20;29;10;16*24;26;17;36;37;2*3;7;23;33;11*8","6",""
106,1208.1062,1197.3702,1370.4768,";;4;34;27;13;28;6;18*5;32;22;35;30;21;19;25;12;31*15;1;38;14;9;20;29;10;16*24;26;17;36;37;2*3;7;23;33;11*8","6",""
107,1202.2758,1197.3702,1453.7612,";;4;34;27;13;28;6;18*5;32;22;35;30;21;19;25;12;31*15;1;38;14;9;20;29;10;16*24;26;17;36;37;2*3;7;23;33;11*8","6",""
108,1202.6631,1197.3702,1520.26,";;4;34;27;13;28;6;18*5;32;22;35;30;21;19;25;12;31*15;1;38;14;9;20;29;10;16*24;26;17;36;37;2*3;7;23;33;11*8","6",""
109,1207.8176,1197.3702,1421.6636,";;4;34;27;13;28;6;18*5;32;22;35;30;21;19;25;12;31*15;1;38;14;9;20;29;10;16*24;26;17;36;37;2*3;7;23;33;11*8","6",""
110,1207.4906,1197.3702,1548.5645,";;4;34;27;13;28;6;18*5;32;22;35;30;21;19;25;12;31*15;1;38;14;9;20;29;10;16*24;26;17;36;37;2*3;7;23;33;11*8","6",""
111,1203.1461,1197.3702,1406.9187,";;4;34;27;13;28;6;18*5;32;22;35;30;21;19;25;12;31*15;1;38;14;9;20;29;10;16*24;26;17;36;37;2*3;7;23;33;11*8","6",""
112,1210.8799,1197.3702,1627.9622,";;4;34;27;13;28;6;18*5;32;22;35;30;21;19;25;12;31*15;1;38;14;9;20;29;10;16*24;26;17;36;37;2*3;7;23;33;11*8","6",""
113,1211.5557,1197.3702,1549.4293,";;4;34;27;13;28;6;18*5;32;22;35;30;21;19;25;12;31*15;1;38;14;9;20;29;10;16*24;26;17;36;37;2*3;7;23;33;11*8","6",""
114,1209.8805,1197.3702,1520.26,";;4;34;27;13;28;6;18*5;32;22;35;30;21;19;25;12;31*15;1;38;14;9;20;29;10;16*24;26;17;36;37;2*3;7;23;33;11*8","6",""
115,1210.8949,1197.3702,1624.9065,";;4;34;27;13;28;6;18*5;32;22;35;30;21;19;25;12;31*15;1;38;14;9;20;29;10;16*24;26;17;36;37;2*3;7;23;33;11*8","6",""
116,1205.3832,1197.3702,1507.2441,";;4;34;27;13;28;6;18*5;32;22;35;30;21;19;25;12;31*15;1;38;14;9;20;29;10;16*24;26;17;36;37;2*3;7;23;33;11*8","6",""
117,1204.9614,1197.3702,1575.2091,";;4;34;27;13;28;6;18*5;32;22;35;30;21;19;25;12;31*15;1;38;14;9;20;29;10;16*24;26;17;36;37;2*3;7;23;33;11*8","6",""
118,1211.5135,1197.3702,1636.2185,";;4;34;27;13;28;6;18*5;32;22;35;30;21;19;25;12;31*15;1;38;14;9;20;29;10;16*24;26;17;36;37;2*3;7;23;33;11*8","6",""
119,1204.7145,1195.8726,1448.1776,";;9;34;27;13;28;6;18*5;32;22;35;30;21;19;25;12;31*15;1;38;14;4;20;29;10;16*24;26;17;36;37;2*3;7;23;33;11*8","6",""
120,1209.9796,1195.8726,1628.19,";;9;34;27;13;28;6;18*5;32;22;35;30;21;19;25;12;31*15;1;38;14;4;20;29;10;16*24;26;17;36;37;2*3;7;23;33;11*8","6",""
121,1203.7998,1195.8726,1413.6221,";;9;34;27;13;28;6;18*5;32;22;35;30;21;19;25;12;31*15;1;38;14;4;20;29;10;16*24;26;17;36;37;2*3;7;23;33;11*8","6",""
122,1205.4551,1195.8726,1426.7107,";;9;34;27;13;28;6;18*5;32;22;35;30;21;19;25;12;31*15;1;38;14;4;20;29;10;16*24;26;17;36;37;2*3;7;23;33;11*8","6",""
123,1200.8458,1195.8726,1432.2577,";;9;34;27;13;28;6;18*5;32;22;35;30;21;19;25;12;31*15;1;38;14;4;20;29;10;16*24;26;17;36;37;2*3;7;23;33;11*8","6",""
124,1204.9761,1195.8726,1671.4673,";;9;34;27;13;28;6;18*5;32;22;35;30;21;19;25;12;31*15;1;38;14;4;20;29;10;16*24;26;17;36;37;2*3;7;23;33;11*8","6",""
125,1217.467,1195.8726,1550.4257,";;9;34;27;13;28;6;18*5;32;22;35;30;21;19;25;12;31*15;1;38;14;4;20;29;10;16*24;26;17;36;37;2*3;7;23;33;11*8","6",""
126,1205.0609,1195.8726,1462.5269,";;9;34;27;13;28;6;18*5;32;22;35;30;21;19;25;12;31*15;1;38;14;4;20;29;10;16*24;26;17;36;37;2*3;7;23;33;11*8","6",""
127,1208.836,1195.8726,1577.0846,";;9;34;27;13;28;6;18*5;32;22;35;30;21;19;25;12;31*15;1;38;14;4;20;29;10;16*24;26;17;36;37;2*3;7;23;33;11*8","6",""
128,1201.7961,1195.8726,1363.6321,";;9;34;27;13;28;6;18*5;32;22;35;30;21;19;25;12;31*15;1;38;14;4;20;29;10;16*24;26;17;36;3;2*37;7;23;33;11*8","6",""
129,1209.2384,1195.8726,1505.7465,";;9;34;27;13;28;6;18*5;32;22;35;30;21;19;25;12;31*15;1;38;14;4;20;29;10;16*24;26;17;36;37;2*3;7;23;33;11*8","6",""
130,1210.3772,1195.8726,1518.4075,";;9;34;27;13;28;6;18*5;32;22;35;30;21;19;25;12;31*15;1;38;14;4;20;29;10;16*24;26;17;36;37;2*3;7;23;33;11*8","6",""
131,1214.936,1195.8726,1508.9867,";;9;34;27;13;28;6;18*5;32;22;35;30;21;19;25;12;31*15;1;38;14;4;20;29;10;16*24;26;17;36;37;2*3;7;23;33;11*8","6",""
132,1203.5314,1195.8726,1486.5349,";;9;34;27;13;28;6;18*5;32;22;35;30;21;19;25;12;31*15;1;38;14;4;20;29;10;16*24;26;17;36;37;2*3;7;23;33;11*8","6",""
133,1210.0072,1195.8726,1731.1204,";;9;34;27;13;28;6;18*5;32;22;35;30;21;19;25;12;31*15;1;38;14;4;20;29;10;16*24;26;17;36;37;2*3;7;23;33;11*8","6",""
134,1201.603,1195.8726,1446.6799,";;9;34;27;13;28;6;18*5;32;22;35;30;21;19;25;12;31*15;1;38;14;4;20;29;10;16*24;26;17;36;37;2*3;7;23;33;11*8","6",""
135,1205.7555,1184.3645,1443.0231,";;9;34;27;13;28;20;18;5;32;22*35;30;21;19;25;12;38;15*36;31;14;4;6;29*10;16;24;26;17;1;37;2*3;7;23;33;11*8","6",""
136,1211.7075,1184.3645,1473.7725,";;9;34;27;13;28;6;18*5;32;22;35;30;21;19;25;12;38*15;1;31;14;4;20;29;10;16*24;26;17;36;37;2*3;7;23;33;11*8","6",""
137,1204.4374,1184.3645,1502.7722,";;9;34;27;13;28;6;18*5;32;22;35;30;21;19;25;12;38*15;1;31;14;4;20;29;10;16*24;26;17;36;37;2*3;7;23;33;11*8","6",""
138,1199.7437,1184.3645,1657.7476,";;9;16;27;13;28;6*18;5;32;22;35;30;21;19;25;12;38*15;1;31;14;4;20;29;10;34*24;26;17;36;37;2*3;7;23;33;11*8","6",""
139,1191.3054,1184.3645,1421.1041,";;9;34;27;13;28;6;18*5;32;22;35;30;21;19;25;12;38*15;1;31;14;4;20;29;10;16*24;26;17;36;37;2*3;7;23;33;11*8","6",""
140,1202.272,1184.3645,1452.6702,";;9;34;27;13;28;6;18*5;32;22;35;30;21;19;25;12;38*15;1;31;14;4;20;29;10;16*24;26;17;36;37;2*3;7;23;33;11*8","6",""
141,1195.446,1184.3645,1496.4597,";;9;34;27;13;28;6;18*5;32;22;35;30;21;19;25;12;38*15;1;31;14;4;20;29;10;16*24;26;17;36;37;2*3;7;23;33;11*8","6",""
142,1188.0277,1184.3645,1477.7019,";;9;34;27;13;28;6;18*5;32;22;35;30;21;19;25;12;38*15;1;31;14;4;20;29;10;16*24;26;17;36;37;2*3;7;23;33;11*8","6",""
143,1185.8827,1184.3645,1297.598,";;9;34;27;13;28;6;18*5;32;22;35;30;21;19;25;12;38*15;1;31;14;4;20;29;10;16*24;26;17;36;37;2*3;7;23;33;11*8","6",""
144,1185.2489,1184.3645,1246.8429,";;9;34;27;13;28;6;18*5;32;22;35;30;21;19;25;12;38*15;1;31;14;4;20;29;10;16*24;26;17;36;37;2*3;7;23;33;11*8","6",""
145,1194.64,1184.1533,1400.6163,";;9;34;27;13;28;6;18*5;32;22;35;30;21;19;25;12;38*15;1;31;4;14;20;29;10;16*24;26;17;36;37;2*3;7;23;33;11*8","6",""
146,1190.3564,1184.1533,1407.7432,";;9;34;27;13;28;6;18*5;32;22;35;30;21;19;25;12;38*15;1;31;4;14;20;29;10;16*24;26;17;36;37;2*3;7;23;33;11*8","6",""
147,1193.534,1184.1533,1427.8091,";;9;34;27;13;28;6;18*5;32;22;35;30;21;19;25;12;38*15;1;31;4;14;20;29;10;16*24;26;17;36;37;2*3;7;23;33;11*8","6",""
148,1189.0919,1184.1533,1371.8606,";;9;34;27;13;28;6;18*5;32;22;35;30;21;19;25;12;38*15;1;31;4;14;20;29;10;16*24;26;17;36;37;2*3;7;23;33;11*8","6",""
149,1195.1998,1184.1533,1482.1943,";;9;34;27;13;28;6;18*5;32;22;35;30;21;19;25;12;38*15;1;31;4;14;20;29;10;16*24;26;17;36;37;2*3;7;23;33;11*8","6",""
150,1187.8914,1184.1533,1378.1951,";;9;34;27;13;28;6;18*5;32;22;35;30;21;19;25;12;38*15;1;31;4;14;20;29;10;16*24;26;17;36;37;2*3;7;23;33;11*8","6",""
151,1186.15,1184.1533,1339.8707,";;9;34;27;13;28;6;18*5;32;22;35;30;21;19;36;12;38*15;1;31;4;14;20;29;10;16*24;26;17;25;37;2*3;7;23;33;11*8","6",""
152,1193.3771,1184.1533,1366.3167,";;9;34;27;13;28;6;18*5;32;22;35;30;21;19;25;12;38*15;1;31;4;14;20;29;10;16*24;26;17;36;37;2*3;7;23;33;11*8","6",""
153,1200.0063,1184.1533,1544.8385,";;9;34;27;13;28;6;18*5;32;22;35;30;21;19;25;12;38*15;1;31;4;14;20;29;10;16*24;26;17;36;37;2*3;7;23;33;11*8","6",""
154,1196.4741,1172.6221,1430.0013,";;9;34;27;28;13;6;18*5;32;22;35;30;21;19;25;12;38*15;1;31;4;14;20;29;10;16*24;26;17;36;37;2*3;7;23;33;11*8","6",""
155,1193.6411,1172.6221,1366.0815,";;9;34;27;28;13;6;18*5;32;22;35;30;21;19;25;12;38*15;1;31;4;14;20;29;10;16*24;26;17;36;37;2*3;7;23;33;11*8","6",""
156,1185.574,1172.3868,1463.6698,";;9;34;27;28;13;6;18*5;32;22;35;30;21;19;25;10;38*15;1;14;4;31;20;29;12;16;24*26;17;36;37;2;3*7;23;33;11;8","5",""
157,1188.4999,1172.3868,1570.041,";;9;34;27;28;13;6;18*5;32;22;35;30;21;19;25;12;38*15;1;14;4;31;20;29;10;16*24;26;17;36;37;2*3;7;23;33;11*8","6",""
158,1188.8253,1172.3868,1537.188,";;9;34;27;28;13;6;18*5;32;22;35;30;21;19;25;12;38*15;1;14;4;31;20;29;10;16*24;26;17;36;37;2*3;7;23;33;11*8","6",""
159,1182.8975,1172.3868,1408.7721,";;9;34;27;28;13;6;18*5;32;22;35;30;21;19;25;12;38*15;1;14;4;31;20;29;10;16*24;26;17;36;37;2*3;7;23;33;11*8","6",""
160,1176.4023,1172.3868,1336.3354,";;9;34;27;28;13;6;18*5;32;22;35;30;21;19;25;12;38*15;1;14;4;31;20;29;10;16*24;26;17;36;37;2*3;7;23;33;11*8","6",""
161,1174.1774,1172.3868,1255.4225,";;9;34;27;28;13;6;18*5;32;22;35;30;21;19;25;12;38*15;1;14;4;31;20;29;10;16*24;26;17;36;37;2*3;7;23;33;11*8","6",""
162,1186.559,1172.3868,1551.5829,";;9;34;27;28;13;6;18*5;32;22;35;30;21;19;25;12;38*15;1;14;4;31;20;29;10;16*24;26;17;36;37;2*3;7;23;33;11*8","6",""
163,1178.4214,1172.3868,1351.333,";;9;34;27;28;13;6;18*5;32;22;35;30;21;19;25;12;38*15;1;14;4;31;20;29;10;16*24;26;17;36;37;2*3;7;23;33;11*8","6",""
164,1181.5533,1172.3868,1534.7942,";;9;34;27;28;13;6;18*5;32;22;35;30;21;19;25;12;38*15;1;14;4;31;20;29;10;16*24;26;17;36;37;2*3;7;23;33;11*8","6",""
165,1185.8723,1171.24,1496.094,";;9;34;27;28;13;6;18*5;32;22;35;30;21;19;25;12;1*15;38;14;4;31;20;29;10;16*24;26;17;36;37;2*3;7;23;33;11*8","6",""
166,1182.7463,1171.24,1583.6671,";;9;34;27;28;13;6;18*5;32;22;35;30;21;19;25;12;1*15;38;14;4;31;20;29;10;16*24;26;17;36;37;2*3;7;23;33;11*8","6",""
167,1181.3152,1160.3586,1428.7606,";;9;34;27;25;13;6;18*5;32;22;35;30;21;19;28;12;1*15;38;14;4;33;20;29;10*16;24;26;17;36;37;2*3;7;23;31;11;8","5",""
168,1182.4872,1160.3586,1448.1294,";;9;34;27;28;13;6;18*5;32;22;35;30;21;19;25;12;1*15;38;14;4;33;20;29;10*16;24;26;17;36;37;2*3;7;23;31;11;8","5",""
169,1174.4078,1160.3586,1318.9885,";;9;34;27;28;13;6;18*5;32;22;35;30;21;19;25;12;1*15;38;14;4;33;20;29;10*16;24;26;17;36;37;2*3;7;23;31;11;8","5",""
170,1174.2941,1160.3586,1429.4932,";;9;34;27;28;13;6;18*5;32;22;35;30;21;19;25;12;1*15;38;14;4;33;20;29;10*16;24;26;17;36;37;2*3;7;23;31;11;8","5",""
171,1181.2517,1160.3586,1484.0831,";;9;34;27;28;13;6;18*5;32;22;35;30;21;19;25;12;1*15;38;14;4;33;20;29;10*16;24;26;17;36;37;2*3;7;23;31;11;8","5",""
172,1170.3595,1160.3586,1500.0211,";;9;34;27;28;13;6;18*5;32;22;35;30;21;19;25;12;1*15;38;14;4;33;20;29;10*16;24;26;17;36;37;2*3;7;23;31;11;8","5",""
173,1163.4406,1160.3586,1370.0741,";;9;34;27;28;13;6;18*5;32;22;35;30;21;19;25;12;1*15;38;14;4;33;20;29;10*16;24;26;17;36;37;2*3;7;23;31;11;8","5",""
174,1180.0487,1160.3586,1567.6074,";;9;34;27;28;13;6;18*5;32;22;35;30;21;19;25;12;1*15;38;14;4;33;20;29;10*16;24;26;17;36;37;2*3;7;23;31;11;8","5",""
175,1168.8594,1160.3586,1647.7437,";;9;34;27;28;13;6;18*5;32;22;35;30;21;19;25;12;1*15;38;14;4;33;20;29;10*16;24;26;17;36;37;2*3;7;23;31;11;8","5",""
176,1168.518,1160.3586,1654.3379,";;9;34;27;28;13;6;18*5;32;22;35;30;21;19;25;12;1*15;38;14;4;33;20;29;10*16;24;26;17;36;37;2*3;7;23;31;11;8","5",""
177,1164.5133,1160.3586,1316.076,";;9;34;27;28;13;6;18*5;32;22;35;30;21;19;25;12;1*15;38;14;4;33;20;29;10*16;24;26;17;36;37;2*3;7;23;31;11;8","5",""
178,1174.0393,1160.3586,1694.3196,";;9;34;27;28;13;6;18*5;32;22;35;30;21;19;25;12;1*15;38;14;4;33;20;29;10*16;24;26;17;36;37;2*3;7;23;31;11;8","5",""
179,1166.2395,1160.3586,1272.9741,";;9;34;27;28;13;6;18*5;32;22;35;30;21;19;25;12;1*15;38;14;4;33;20;29;10*16;24;26;17;36;37;2*3;7;23;31;11;8","5",""
180,1178.2214,1160.3586,1412.229,";;9;34;27;28;13;6;18*5;32;22;35;30;21;19;25;12;1*15;38;14;4;33;20;29;10*16;24;26;17;36;37;2*3;7;23;31;11;8","5",""
181,1170.3643,1160.3586,1357.0483,";;9;34;27;28;13;6;18*5;32;22;35;30;21;19;25;12;1*15;38;14;4;33;20;29;10*16;24;26;17;36;37;2*3;7;23;31;11;8","5",""
182,1165.4852,1160.3586,1364.0668,";;9;34;27;28;13;6;18*5;32;22;35;30;21;19;25;12;1*15;38;14;4;33;20;29;10*16;24;26;17;36;37;2*3;7;23;31;11;8","5",""
183,1168.1377,1160.3586,1654.3379,";;9;34;27;28;13;6;18*5;32;22;35;30;21;19;25;12;1*15;38;14;4;33;20;29;10*16;24;26;17;36;37;2*3;7;23;31;11;8","5",""
184,1168.249,1160.3586,1540.5865,";;9;34;27;28;13;6;18*5;32;22;35;30;21;19;25;12;1*15;38;14;4;33;20;29;10*16;24;26;17;36;37;2*3;7;23;31;11;8","5",""
185,1168.5238,1160.3586,1495.1534,";;9;34;27;28;13;6;18*5;32;22;35;30;21;19;25;12;1*15;38;14;4;33;20;29;10*16;24;26;17;36;37;2*3;7;23;31;11;8","5",""
186,1163.4568,1160.3586,1299.083,";;9;34;27;28;13;6;18*5;32;22;35;30;21;19;25;12;1*15;38;14;4;33;20;29;10*16;24;26;17;36;37;2*3;7;23;31;11;8","5",""
187,1177.5348,1160.3586,1694.3196,";;9;34;27;28;13;6;18*5;32;22;35;30;21;19;25;12;1*15;38;14;4;33;20;29;10*16;24;26;17;36;37;2*3;7;23;31;11;8","5",""
188,1182.1675,1160.3586,1546.4524,";;9;34;27;28;13;6;18*5;32;22;35;30;21;19;25;12;1*15;38;14;4;33;20;29;10*16;24;26;17;36;37;2*3;7;23;31;11;8","5",""
189,1172.0408,1160.3586,1647.7437,";;9;34;27;28;13;6;18*5;32;22;35;30;21;19;25;12;1*15;38;14;4;33;20;29;10*16;24;26;17;36;37;2*3;7;23;31;11;8","5",""
190,1175.5789,1160.3586,1546.4451,";;9;34;27;28;13;6;18*5;32;22;35;30;21;19;25;12;1*15;38;14;4;33;20;29;10*16;24;26;17;36;37;2*3;7;23;31;11;8","5",""
191,1169.4337,1160.3586,1491.1272,";;9;34;27;28;13;6;18*5;32;22;35;30;21;19;25;12;1*15;38;14;4;33;20;29;10*16;24;26;17;36;37;2*3;7;23;31;11;8","5",""
192,1167.9362,1157.8329,1711.1943,";;36;34;27;28;13*6;18;5;32;22;35;30;21;19*25;12;1;15;38;14;4;33;20*29;10;16;24;26;17;9*37;2;3;7;23;31*11;8","6",""
193,1175.7317,1157.8329,1654.3379,";;36;34;27;28;13*6;18;5;32;22;35;30;21;19*25;12;1;15;38;14;4;33;20*29;10;16;24;26;17;9*37;2;3;7;23;31*11;8","6",""
194,1169.619,1157.8329,1658.2285,";;36;34;27;28;13*6;18;5;32;22;35;30;21;19*25;12;1;15;38;14;4;33;20*29;10;16;24;26;17;9*37;2;3;7;23;31*11;8","6",""
195,1174.6593,1157.8329,1396.5481,";;36;34;27;28;13*6;18;5;32;22;35;30;21;19*25;12;1;15;38;14;4;33;20*29;10;16;24;26;17;9*37;2;3;7;23;31*11;8","6",""
196,1171.8613,1157.8329,1393.6011,";;36;34;27;28;13*6;18;5;32;22;35;30;21;19*25;12;1;15;38;14;4;33;20*29;10;16;24;26;17;9*37;2;3;7;23;31*11;8","6",""
197,1170.5526,1157.8329,1634.9438,";;36;34;27;28;13*6;18;5;32;22;35;30;21;19*25;12;1;15;38;14;4;33;20*29;10;16;24;26;17;9*37;2;3;7;23;31*11;8","6",""
198,1167.391,1157.8329,1517.6011,";;36;34;27;28;13*6;18;5;32;22;35;30;21;19*25;12;1;15;38;14;4;33;20*29;10;16;24;26;17;9*37;2;3;7;23;31*11;8","6",""
199,1162.588,1157.8329,1466.6377,";;36;34;27;28;13*6;18;5;32;22;35;30;21;19*25;12;1;15;38;14;4;33;20*29;10;16;24;26;17;9*37;2;3;7;23;31*11;8","6",""
200,1168.9474,1157.8329,1532.8937,";;36;34;27;28;13*6;18;5;32;22;35;30;21;19*25;12;1;15;38;14;4;33;20*29;10;16;24;26;17;9*37;2;3;7;23;31*11;8","6",""
201,1169.0702,1157.8329,1404.8088,";;36;34;27;28;13*6;18;5;32;22;35;30;21;19*25;12;1;15;38;14;4;33;20*29;10;16;24;26;17;9*37;2;3;7;23;31*11;8","6",""
202,1168.2007,1157.8329,1441.5798,";;36;34;27;28;13*6;18;5;32;22;35;30;21;19*25;12;1;15;38;14;4;33;20*29;10;16;24;26;17;9*37;2;3;7;23;31*11;8","6",""
203,1165.6365,1157.8329,1700.4269,";;36;34;27;28;13*6;18;5;32;22;35;30;21;19*25;12;1;15;38;14;4;33;20*29;10;16;24;26;17;9*37;2;3;7;23;31*11;8","6",""
204,1166.2418,1157.8329,1417.2493,";;36;34;27;28;13*6;18;5;32;22;35;30;21;19*25;12;1;15;38;14;4;33;20*29;10;16;24;26;17;9*37;2;3;7;23;31*11;8","6",""
205,1177.7407,1157.8329,1742.2134,";;36;34;27;28;13*6;18;5;32;22;35;30;21;19*25;12;1;15;38;14;4;33;20*29;10;16;24;26;17;9*37;2;3;7;23;31*11;8","6",""
206,1161.2018,1157.8329,1396.5481,";;36;34;27;28;13*6;18;5;32;22;35;30;21;19*25;12;1;15;38;14;4;33;20*29;10;16;24;26;17;9*37;2;3;7;23;31*11;8","6",""
207,1171.7555,1157.8329,1532.5186,";;36;34;27;28;13*6;18;5;32;22;35;30;21;19*25;12;1;15;38;14;4;33;20*29;10;16;24;26;17;9*37;2;3;7;23;31*11;8","6",""
208,1165.1594,1157.8329,1468.7476,";;36;34;27;28;13*6;18;5;32;22;35;30;21;19*25;12;1;15;38;14;4;33;20*29;10;16;24;26;17;9*37;2;3;7;23;31*11;8","6",""
209,1161.9758,1157.8329,1441.5798,";;36;34;27;28;13*6;18;5;32;22;35;30;21;19*25;12;1;15;38;14;4;33;20*29;10;16;24;26;17;9*37;2;3;7;23;31*11;8","6",""
210,1178.4257,1157.8329,1747.1392,";;36;34;27;28;13*6;18;5;32;22;35;30;21;19*25;12;1;15;38;14;4;33;20*29;10;16;24;26;17;9*37;2;3;7;23;31*11;8","6",""
211,1165.2959,1157.8329,1388.2996,";;36;34;27;28;13*6;18;5;32;22;35;30;21;19*25;12;1;15;38;14;4;33;20*29;10;16;24;26;17;9*37;2;3;7;23;31*11;8","6",""
212,1163.5103,1157.8329,1543.7576,";;36;34;27;28;13*6;18;5;32;22;35;30;21;19*25;12;1;15;38;14;4;33;20*29;10;16;24;26;17;9*37;2;3;7;23;31*11;8","6",""
213,1161.3121,1157.8329,1291.8431,";;36;34;27;28;13*6;18;5;32;22;35;30;21;19*25;12;1;15;38;14;4;33;20*29;10;16;24;26;17;9*37;2;3;7;23;31*11;8","6",""
214,1160.6718,1157.8329,1330.1996,";;36;34;27;28;13*6;18;5;32;22;35;30;21;19*25;12;1;15;38;14;4;33;20*29;10;16;24;26;17;9*37;2;3;7;23;31*11;8","6",""
215,1181.6184,1157.8329,1640.4595,";;36;34;27;28;13*6;18;5;32;22;35;30;21;19*25;12;1;15;38;14;4;33;20*29;10;16;24;26;17;9*37;2;3;7;23;31*11;8","6",""
216,1172.659,1157.8329,1480.9996,";;36;34;27;28;13*6;18;5;32;22;35;30;21;19*25;12;1;15;38;14;4;33;20*29;10;16;24;26;17;9*37;2;3;7;23;31*11;8","6",""
217,1178.4945,1157.8329,1404.4265,";;36;34;27;28;13*6;18;5;32;22;35;30;21;19*25;12;1;15;38;14;4;33;20*29;10;16;24;26;17;9*37;2;3;7;23;31*11;8","6",""
218,1167.0419,1157.8329,1288.1962,";;36;34;27;28;13*6;18;5;32;22;35;30;21;19*25;12;1;15;38;14;4;33;20*29;10;16;24;26;17;9*37;2;3;7;23;31*11;8","6",""
219,1173.7627,1157.8329,1737.6682,";;36;34;27;28;13*6;18;5;32;22;35;30;21;19*25;12;1;15;38;14;4;33;20*29;10;16;24;26;17;9*37;2;3;7;23;31*11;8","6",""
220,1165.8967,1157.8329,1462.0249,";;36;34;27;28;13*6;18;5;32;22;35;30;21;19*25;12;1;15;38;14;4;33;20*29;10;16;24;26;17;9*37;2;3;7;23;31*11;8","6",""
221,1166.6812,1157.8329,1546.2947,";;36;34;27;28;13*6;18;5;32;22;35;30;21;19*25;12;1;15;38;14;4;33;20*29;10;16;24;26;17;9*37;2;3;7;23;31*11;8","6",""
222,1173.4519,1157.8329,1529.0071,";;36;34;27;28;13*6;18;5;32;22;35;30;21;19*25;12;1;15;38;14;4;33;20*29;10;16;24;26;17;9*37;2;3;7;23;31*11;8","6",""
223,1166.8856,1157.8329,1608.898,";;36;34;27;28;13*6;18;5;32;22;35;30;21;19*25;12;1;15;38;14;4;33;20*29;10;16;24;26;17;9*37;2;3;7;23;31*11;8","6",""
224,1163.3206,1157.8329,1393.791,";;36;34;27;28;13*6;18;5;32;22;35;30;21;19*25;12;1;15;38;14;4;33;20*29;10;16;24;26;17;9*37;2;3;7;23;31*11;8","6",""
225,1164.3534,1157.8329,1421.696,";;36;34;27;28;13*6;18;5;32;22;35;30;21;19*25;12;1;15;38;14;4;33;20*29;10;16;24;26;17;9*37;2;3;7;23;31*11;8","6",""
226,1165.4691,1157.8329,1381.2385,";;36;34;27;28;13*6;18;5;32;22;35;30;21;19*25;12;1;15;38;14;4;33;20*29;10;16;24;26;17;9*37;2;3;7;23;31*11;8","6",""
227,1159.7634,1157.8329,1250.2218,";;36;34;27;28;13*6;18;5;32;22;35;30;21;19*25;12;1;15;38;14;4;33;20*29;10;16;24;26;17;9*37;2;3;7;23;31*11;8","6",""
228,1165.385,1157.8329,1393.6011,";;36;34;27;28;13*6;18;5;32;22;35;30;21;19*25;12;1;15;38;14;4;33;20*29;10;16;24;26;17;9*37;2;3;7;23;31*11;8","6",""
229,1171.4935,1157.8329,1357.6538,";;36;34;27;28;13*6;18;5;32;22;35;30;21;19*25;12;1;15;38;14;4;33;20*29;10;16;24;26;17;9;31;2*3;7;23;37*11;8","6",""
230,1169.3192,1157.8329,1424,";;36;34;27;28;13*6;18;5;32;22;35;30;21;19*25;12;1;15;38;14;4;33;20*29;10;16;24;26;17;9*37;2;3;7;23;31*11;8","6",""
231,1176.1403,1157.8329,1525.5142,";;36;34;27;28;13*6;18;5;32;22;35;30;21;19*25;12;1;15;38;14;4;33;20*29;10;16;24;26;17;9*37;2;3;7;23;31*11;8","6",""
232,1169.7781,1157.8329,1647.011,";;36;34;27;28;13*6;18;5;32;22;35;30;21;19*25;12;1;15;38;14;4;33;20*29;10;16;24;26;17;9*37;2;3;7;23;31*11;8","6",""
233,1161.6742,1157.8329,1365.1941,";;36;34;27;28;13*6;18;5;32;22;35;30;21;19*25;12;1;15;38;14;4;33;20*29;10;16;24;26;17;9*37;2;3;7;23;31*11;8","6",""
234,1161.8715,1157.8329,1417.2493,";;36;34;27;28;13*6;18;5;32;22;35;30;21;19*25;12;1;15;38;14;4;33;20*29;10;16;24;26;17;9*37;2;3;7;23;31*11;8","6",""
235,1163.9532,1157.8329,1439.0625,";;36;34;27;28;13*6;18;5;32;22;35;30;21;19*25;12;1;15;38;14;4;33;20*29;10;16;24;26;17;9*37;2;3;7;23;31*11;8","6",""
236,1164.3152,1157.8329,1486.8533,";;36;34;27;28;13*6;18;5;32;22;35;30;21;19*25;12;1;15;38;14;4;33;20*29;10;16;24;26;17;9*37;2;3;7;23;31*11;8","6",""
237,1165.6575,1157.8329,1372.413,";;36;34;27;28;13*6;18;5;32;22;35;30;21;19*25;12;1;15;38;14;4;33;20*29;10;16;24;26;17;9*37;2;3;7;23;31*11;8","6",""
238,1164.5504,1157.8329,1431.7625,";;36;34;27;28;13*6;18;5;32;22;35;30;21;19*25;12;1;15;38;14;4;33;20*29;10;16;24;26;17;9*37;2;3;7;23;31*11;8","6",""
239,1173.391,1157.8329,1506.249,";;36;34;27;28;13*6;18;5;32;22;35;30;21;19*25;12;1;15;38;14;4;33;20*29;10;16;24;26;17;9*37;2;3;7;23;31*11;8","6",""
240,1165.0508,1157.8329,1546.2947,";;36;34;27;28;13*6;18;5;32;22;35;30;21;19*25;12;1;15;38;14;4;33;20*29;10;16;24;26;17;9*37;2;3;7;23;31*11;8","6",""
241,1168.8235,1152.7949,1404.0956,";;36;34;27;28;13*6;18;5;32;22;35;30;21;19;9;12;1*15;38;14;4;33;20;29;10*16;24;26;17;11;37;2*3;7;23;31;25*8","6",""
242,1167.211,1152.7949,1536.8667,";;36;34;27;28;13*6;18;5;32;22;35;30;21;19*25;12;1;15;38;14;4;33;20*29;10;16;24;26;17*11;37;2;3;7*23;31;9;8","6",""
243,1171.028,1152.7949,1508.9888,";;36;34;27;28;13*6;18;5;32;22;35;30;21;19*25;12;1;15;38;14;4;33;20*29;10;16;24;26;17*11;37;2;3;7*23;31;9;8","6",""
244,1162.6266,1152.7949,1355.9607,";;36;34;27;28;13*6;18;5;32;22;35;30;21;19*25;12;1;15;38;14;4;33;20*29;10;16;24;26;17*11;37;2;3;7*23;31;9;8","6",""
245,1159.2196,1152.7949,1324.9514,";;36;34;27;28;13*6;18;5;32;22;35;30;21;19*25;12;1;15;38;14;4;33;20*29;10;16;24;26;17*11;37;2;3;7*23;31;9;8","6",""
246,1161.4448,1152.7949,1403.8489,";;36;34;27;28;13*6;18;5;32;22;35;30;21;19*25;12;1;15;38;14;4;33;20*29;10;16;24;26;17*11;37;2;3;7*23;31;9;8","6",""
247,1164.3035,1152.7949,1412.6908,";;36;34;27;28;13*6;18;5;32;22;35;30;21;19*25;12;1;15;38;14;4;33;20*29;10;16;24;26;17*11;37;2;3;7*23;31;9;8","6",""
248,1163.1611,1152.7949,1436.5417,";;36;34;27;28;13*6;18;5;32;22;35;30;21;19*25;12;1;15;38;14;4;33;20*29;10;16;24;26;17*11;37;2;3;7*23;31;9;8","6",""
249,1166.7755,1152.7949,1606.7742,";;36;34;27;28;13*6;18;5;32;22;35;30;21;19*25;12;1;15;38;14;4;33;20*29;10;16;24;26;17*11;37;2;3;7*23;31;9;8","6",""
250,1163.241,1152.7949,1564.8306,";;36;34;27;28;13*6;18;5;32;22;35;30;21;19*25;12;1;15;38;14;4;33;20*29;10;16;24;26;17*11;37;2;3;7*23;31;9;8","6",""
251,1167.6387,1152.7949,1497.0599,";;36;34;27;28;13*6;18;5;32;22;35;30;21;19*25;12;1;15;38;14;4;33;20*29;10;16;24;26;17*11;37;2;3;7*23;31;9;8","6",""
252,1167.6156,1152.7949,1649.5284,";;36;34;27;28;13*6;18;5;32;22;35;30;21;19*25;12;1;15;38;14;4;33;20*29;10;16;24;26;17*11;37;2;3;7*23;31;9;8","6",""
253,1158.6062,1152.7949,1437.1309,";;36;34;27;28;13*6;18;5;32;22;35;30;21;19*25;12;1;15;38;14;4;33;20*29;10;16;24;26;17*11;37;2;3;7*23;31;9;8","6",""
254,1173.4646,1152.7949,1534.9324,";;36;34;27;28;13*6;18;5;32;22;35;30;21;19*25;12;1;15;38;14;4;33;20*29;10;16;24;26;17*11;37;2;3;7*23;31;9;8","6",""
255,1156.7291,1152.7949,1323.3711,";;36;34;27;28;13*6;18;5;32;22;35;30;21;19*25;12;1;15;38;14;4;33;20*29;10;16;24;26;17*11;37;2;3;7*23;31;9;8","6",""
256,1173.8031,1152.7949,1639.776,";;36;34;27;28;13*6;18;5;32;22;35;30;21;19*25;12;1;15;38;14;4;33;20*29;10;16;24;26;17*11;37;2;3;7*23;31;9;8","6",""
257,1159.1915,1152.7949,1419.9956,";;36;34;27;28;13*6;18;5;32;22;35;30;21;19*25;12;1;15;38;14;4;33;20*29;10;16;24;26;17*11;37;2;3;7*23;31;9;8","6",""
258,1155.1738,1152.7949,1348.6283,";;36;34;27;28;13*6;18;5;32;22;35;30;21;19*25;12;1;15;38;14;4;33;20*29;10;16;24;26;17*11;37;2;3;7*23;31;9;8","6",""
259,1170.7485,1151.0958,1488.0724,";;36;34;27;28;13*6;18;5;32;22;17;30;21;19*25;33;1;15;38;14;4;12;20*29;10;16;24;26;35*11;37;2;3;7*23;31;9;8","6",""
260,1174.0043,1151.0958,1465.9255,";;36;34;27;28;13*6;18;5;32;22;35;30;21;19*25;33;1;15;38;14;4;12;20*29;10;16;24;26;17*11;37;2;3;7*23;31;9;8","6",""
261,1169.2714,1151.0958,1547.6407,";;36;34;27;28;13*6;18;5;32;22;35;30;21;19*25;33;1;15;38;14;4;12;20*29;10;16;24;26;17*11;37;2;3;7*23;31;9;8","6",""
262,1160.8054,1151.0958,1343.8202,";;36;34;27;28;13*6;18;5;32;22;35;30;21;19*25;33;1;15;38;14;4;12;20*29;10;16;24;26;17*11;37;2;3;7*23;31;9;8","6",""
263,1163.9385,1151.0958,1367.8525,";;36;34;27;28;13*6;18;5;32;22;35;30;21;19*25;33;1;15;38;14;4;12;20*29;10;16;24;26;17*11;37;2;3;7*23;31;9;8","6",""
264,1154.4556,1151.0958,1318.5786,";;36;34;27;28;13*6;18;5;32;22;35;30;21;19*25;33;1;15;38;14;4;12;20*29;10;16;24;26;17*11;37;2;3;7*23;31;9;8","6",""
265,1162.701,1151.0958,1428.0917,";;36;34;27;28;13*6;18;5;32;22;35;30;21;19*25;33;1;15;38;14;4;12;20*29;10;16;24;26;17*11;37;2;3;7*23;31;9;8","6",""
266,1154.408,1151.0958,1286.4197,";;36;34;27;28;13*6;18;5;32;22;35;30;21;19*25;33;1;15;38;20;4;12;14*29;10;16;24;26;17*11;37;2;3;7*23;31;9;8","6",""
267,1162.5082,1151.0958,1515.3232,";;36;34;27;28;13*6;18;5;32;22;35;30;21;19*25;33;1;15;38;14;4;12;20*29;10;16;24;26;17*11;37;2;3;7*23;31;9;8","6",""
268,1158.5327,1139.1062,1386.4854,";;36;34;27;28;13*6;18;5;32;22;35;30;21;19*25;33;1;15;38;14;4;12;20*29;10;37;24;26;17*11;16;2;3;7*23;31;9;8","6",""
269,1165.7833,1139.1062,1434.8428,";;36;34;27;28;13*6;18;5;32;22;35;30;21;19*25;33;1;15;38;14;4;12;20*29;10;37;24;26;17*11;16;2;3;7*23;31;9;8","6",""
270,1159.3905,1139.1062,1470.9911,";;36;34;27;28;13*6;18;5;32;22;35;30;21;19*25;33;1;15;38;14;4;12;20*29;10;37;24;26;17*11;16;2;3;7*23;31;9;8","6",""
271,1143.1176,1115.8623,1379.7443,";;36;34;27;28;13*6;18;5;32;2;35;30;21;19*25;33;1;15;38;14;4;12;20*29;10;37;24;26;17*11;16;22;3;7;23*31;9;8","6",""
272,1146.7894,1115.8623,1526.4514,";;36;34;27;28;13*6;18;5;32;2;35;30;21;19*25;33;1;15;38;14;4;12;20*29;10;37;24;26;17*11;16;22;3;7;23*31;9;8","6",""
273,1148.0074,1115.8623,1397.7162,";;36;34;27;28;13*6;18;5;32;2;35;30;21;19*25;33;1;15;38;14;4;12;20*29;10;37;24;26;17*11;16;22;3;7;23*31;9;8","6",""
274,1131.8951,1115.8623,1525.8076,";;36;34;27;28;13*6;18;5;32;2;35;30;21;19*25;33;1;15;38;14;4;12;20*29;10;37;24;26;17*11;16;22;3;7;23*31;9;8","6",""
275,1123.8054,1115.8623,1464.1034,";;36;34;27;28;13*6;18;5;32;2;35;30;21;19*25;33;1;15;38;14;4;12;20*29;10;37;24;26;17*11;16;22;3;7;23*31;9;8","6",""
276,1126.5344,1115.8623,1370.4092,";;36;34;27;28;13*6;18;5;32;2;35;30;21;19*25;33;1;15;38;14;4;12;20*29;10;37;24;26;17*11;16;22;3;7;23*31;9;8","6",""
277,1128.1599,1115.8623,1333.0144,";;36;34;27;28;13*6;18;5;32;2;35;30;21;19*25;33;1;15;38;14;4;12;20*29;10;37;24;26;17*11;16;22;3;7;23*31;9;8","6",""
278,1121.1257,1115.8623,1303.3464,";;36;34;27;28;13*6;18;5;32;2;35;30;21;19*25;33;1;15;38;14;4;12;20*29;10;37;24;26;17*11;16;22;3;7;23*31;9;8","6",""
279,1123.4526,1115.8623,1415.9625,";;36;34;27;28;13*6;18;5;32;2;35;30;21;19*25;33;1;15;38;14;4;12;20*29;10;37;24;26;17*11;16;22;3;7;23*31;9;8","6",""
280,1121.9613,1115.8623,1371.5112,";;36;34;27;28;13*6;18;5;32;2;35;30;21;19*25;33;1;15;38;14;4;12;20*29;10;37;24;26;17*11;16;22;3;7;23*31;9;8","6",""
281,1127.7864,1115.8623,1422.6864,";;36;34;27;28;13*6;18;5;32;2;35;30;21;19*25;33;1;15;38;14;4;12;20*29;10;37;24;26;17*11;16;22;3;7;23*31;9;8","6",""
282,1132.1705,1105.4137,1476.6189,";;36;34;27;28;13*6;16;5;32;2;35;30;21;19*25;33;1;15;38;14;4;12;20*29;10;37;24;26;17*11;18;22;3;7;23;31;9*8","6",""
283,1140.328,1105.4137,1516.2883,";;36;34;27;28;13*10;16;5;32;2;35;30;21;19*25;33;1;15;38;14;4;12;20*29;6;37;24;26*17;11;18;22;3;7;23;31*9;8","6",""
284,1122.8638,1105.4137,1524.3533,";;36;34;27;28;13*6;16;5;32;2;35;30;21;19*25;33;1;15;38;14;4;12;20*29;10;37;24;26;17*11;18;22;3;7;23;31;9*8","6",""
285,1117.2498,1105.4137,1444.1415,";;36;34;27;28;13*6;16;5;32;2;35;30;21;19*25;33;1;15;38;14;4;12;20*29;10;37;24;26;17*11;18;22;3;7;23;31;9*8","6",""
286,1120.9454,1105.4137,1547.4333,";;36;34;27;28;13*6;16;5;32;2;35;30;21;19*25;33;1;15;38;14;4;12;20*29;10;37;24;26;17*11;18;22;3;7;23;31;9*8","6",""
287,1111.4672,1105.4137,1408.5549,";;36;34;27;28;13*6;16;5;32;2;35;30;21;19*25;33;1;15;38;14;4;12;20*29;10;37;24;26;17*11;18;22;3;7;23;31;9*8","6",""
288,1116.5735,1105.4137,1496.2688,";;36;34;27;28;13*6;16;5;32;2;35;30;21;19*25;33;1;15;38;14;4;12;20*29;10;37;24;26;17*11;18;22;3;7;23;31;9*8","6",""
289,1115.5764,1105.4137,1385.7979,";;36;34;27;28;13*6;16;5;32;2;35;30;21;19*25;33;1;15;38;14;4;12;20*29;10;37;24;26;17*11;18;22;3;7;23;31;9*8","6",""
290,1120.8447,1097.5006,1449.1465,";;36;34;18;28;13*6;16;5;32;2;35;30;21;19*25;33;1;15;38;4;14;12;20*29;10;37;24;26;17*11;27;22;3;7;23;31*9;8","6",""
291,1107.6525,1097.5006,1212.6602,";;36;34;27;28;13*6;16;5;32;2;35;30;21;19*25;33;1;15;38;4;14;12;20*29;10;37;24;26;17*11;18;22;3;7;23;31;9*8","6",""
292,1118.1067,1097.5006,1460.9851,";;36;34;27;28;13*6;16;5;32;2;35;30;21;19*25;33;1;15;38;4;14;12;20*29;10;37;24;26;17*11;18;22;3;7;23;31;9*8","6",""
293,1116.9551,1097.5006,1366.2493,";;36;34;27;28;13*6;16;5;32;2;35;30;21;19*25;33;1;15;38;4;14;12;20*29;10;37;24;26;17*11;18;22;3;7;23;31;9*8","6",""
294,1114.3246,1097.5006,1499.3326,";;36;34;27;28;13*6;16;5;32;2;35;30;21;19*25;33;1;15;38;4;14;12;20*29;10;37;24;26;17*11;18;22;3;7;23;31;9*8","6",""
295,1110.2319,1097.5006,1530.043,";;36;34;27;28;13*6;16;5;32;2;35;30;21;19*25;33;1;15;38;4;14;12;20*29;10;37;24;26;17*11;18;22;3;7;23;31;9*8","6",""
296,1109.2722,1097.5006,1440.6836,";;36;34;27;28;13*6;16;5;32;2;35;30;21;19*25;33;1;15;38;4;14;12;20*29;10;37;24;26;17*11;18;22;3;7;23;31;9*8","6",""
297,1114.0181,1097.5006,1360.2067,";;36;34;27;28;13*6;16;5;32;2;35;30;21;19*25;33;1;15;38;4;14;12;20*29;10;37;24;26;17*11;18;22;3;7;23;31;9*8","6",""
298,1113.3721,1097.4453,1523.6334,";;36;34;27;28;13*6;16;5;32;2;35;30;21;19*25;33;1;15;38;18;14;12;20*29;10;37;24;26;17*11;4;22;3;7;23;31;9*8","6",""
299,1099.6675,1097.4453,1198.239,";;36;34;27;28;13*6;16;5;32;2;35;30;21;19*25;33;1;15;38;18;14;12;20*29;10;37;24;26;17*11;4;22;3;7;23;31;9*8","6",""
300,1118.7496,1097.4453,1523.6334,";;36;34;27;28;13*6;16;5;32;2;35;30;21;19*25;33;1;15;38;18;14;12;20*29;10;37;24;26;17*11;4;22;3;7;23;31;9*8","6",""
301,1108.7368,1097.4453,1525.9749,";;36;34;27;28;13*6;16;5;32;2;35;30;21;19*25;33;1;15;38;18;14;12;20*29;10;37;24;26;17*11;4;22;3;7;23;31;9*8","6",""
302,1103.9778,1097.4453,1301.9725,";;36;34;27;28;13*6;16;5;32;2;35;30;21;19*25;33;1;15;38;18;14;12;20*29;10;37;24;26;17*11;4;22;3;7;23;31;9*8","6",""
303,1108.9802,1097.4453,1437.8472,";;36;34;27;28;13*6;16;5;32;2;35;30;21;19*25;33;1;15;38;18;14;12;20*29;10;37;24;26;17*11;4;22;3;7;23;31;9*8","6",""
304,1104.4435,1097.4453,1514.254,";;36;34;27;28;13*6;16;5;32;2;35;30;21;19*25;33;1;15;38;18;14;12;20*29;10;37;24;26;17*11;4;22;3;7;23;31;9*8","6",""
305,1131.5532,1097.4453,1586.6736,";;36;34;27;28;13*6;16;5;32;2;35;30;21;19*25;33;1;15;38;18;14;12;20*29;10;37;24;26;17*11;4;22;3;7;23;31;9*8","6",""
306,1105.2875,1097.4453,1324.4607,";;36;34;27;28;13*6;16;5;32;2;35;30;21;19*25;33;1;15;38;18;14;12;20*29;10;37;24;26;17*11;4;22;3;7;23;31;9*8","6",""
307,1120.6173,1097.4453,1626.9972,";;36;34;27;28;13*6;16;5;32;2;35;30;21;19*25;33;1;15;38;18;14;12;20*29;10;37;24;26;17*11;4;22;3;7;23;31;9*8","6",""
308,1119.7487,1097.4453,1462.1261,";;36;34;27;28;13*6;16;5;32;2;35;30;21;19*25;33;1;15;38;18;14;12;20*29;10;37;24;26;17*11;4;22;3;7;23;31;9*8","6",""
309,1100.9478,1097.4453,1258.2324,";;36;34;27;28;13*6;16;5;32;2;35;30;21;19*25;33;1;15;38;18;14;12;20*29;10;37;24;26;17*11;4;22;3;7;23;31;9*8","6",""
310,1103.2833,1097.4453,1286.4795,";;36;34;27;28;13*6;16;5;32;2;35;30;21;19*25;33;1;15;38;18;14;12;20*29;10;37;24;26;17*11;4;22;3;7;23;31;9*8","6",""
311,1117.3408,1097.4453,1571.7758,";;36;34;27;28;13*6;16;5;32;2;35;30;21;19*25;33;1;15;38;18;14;12;20*29;10;37;24;26;17*11;4;22;3;7;23;31;9*8","6",""
312,1113.9176,1097.4453,1626.9972,";;36;34;27;28;13*6;16;5;32;2;35;30;21;19*25;33;1;15;38;18;14;12;20*29;10;37;24;26;17*11;4;22;3;7;23;31;9*8","6",""
313,1125.323,1097.4453,1586.6736,";;36;34;27;28;13*6;16;5;32;2;35;30;21;19*25;33;1;15;38;18;14;12;20*29;10;37;24;26;17*11;4;22;3;7;23;31;9*8","6",""
314,1101.0703,1097.4453,1367.1963,";;36;34;27;28;13*6;16;5;32;2;35;30;21;19*25;33;1;15;38;18;14;12;20*29;10;37;24;26;17*11;4;22;3;7;23;31;9*8","6",""
315,1108.0273,1097.4453,1477.8767,";;36;34;27;28;13*6;16;5;32;2;35;30;21;19*25;33;1;15;38;18;14;12;20*29;10;37;24;26;17*11;4;22;3;7;23;31;9*8","6",""
316,1113.9204,1097.4453,1661.6497,";;36;34;27;28;13*6;16;5;32;2;35;30;21;19*25;33;1;15;38;18;14;12;20*29;10;37;24;26;17*11;4;22;3;7;23;31;9*8","6",""
317,1116.0636,1097.1913,1515.6156,";;36;34;8;28;13*6;29;5;32;2;35;30;21*19;25;33;1;15;38;18;14;12;20*16;10;37;24;26;17*11;4;22;3;7;23;31;9*27","6",""
318,1103.6511,1097.1913,1363.1976,";;36;34;27;28;13*6;29;5;32;2;35;30;21*19;25;33;1;15;38;18;14;12;20*16;10;37;24;26;17*11;4;22;3;7;23;31;9*8","6",""
319,1116.9268,1097.1913,1612.7006,";;36;34;27;28;13*6;29;5;32;2;35;30;21*19;25;33;1;15;38;18;14;12;20*16;10;37;24;26;17*11;4;22;3;7;23;31;9*8","6",""
320,1106.2357,1097.1913,1359.704,";;36;34;27;28;13*6;29;5;32;2;35;30;21*19;25;33;1;15;38;18;14;12;20*16;10;37;24;26;17*11;4;22;3;7;23;31;9*8","6",""
321,1104.061,1097.1913,1320.2878,";;36;34;27;28;13*6;29;5;32;2;35;30;21*19;25;33;1;15;38;18;14;12;20*16;10;37;24;26;17*11;4;22;3;7;23;31;9*8","6",""
322,1106.957,1094.3276,1388.431,";;36;34;27;28;13*6;29;5;10;2*35;30;21;19;25;33;1;15;38;18;14*12;20;16;32;37;24;26;17;11;4*22;3;7;23;31;9;8","5",""
323,1101.3407,1094.3276,1318.0464,";;36;34;27;28;13*6;29;5;10;2*35;30;21;19;25;33;1;15;38;18;14*12;20;16;32;37;24;26;17;11;4*22;3;7;23;31;9;8","5",""
324,1102.4515,1094.3276,1392.511,";;36;34;27;28;13*6;29;5;10;2*35;30;21;19;25;33;1;15;38;18;14*12;20;16;32;37;24;26;17;11;4*22;3;7;23;31;9;8","5",""
325,1113.5624,1094.3276,1664.6371,";;36;34;27;28;13*6;29;5;10;2*35;30;21;19;25;33;1;15;38;18;14*12;20;16;32;37;24;26;17;11;4*22;3;7;23;31;9;8","5",""
326,1116.3107,1094.3276,1520.4025,";;36;34;27;28;13*6;29;5;10;2*35;30;21;19;25;33;1;15;38;18;14*12;20;16;32;37;24;26;17;11;4*22;3;7;23;31;9;8","5",""
327,1097.0847,1094.3276,1283.8157,";;36;34;27;28;13*6;29;5;10;2*35;30;21;19;25;33;1;15;38;18;14*12;20;16;32;37;24;26;17;11;4*22;3;7;23;31;9;8","5",""
328,1108.9658,1094.3276,1590.8906,";;36;34;27;28;13*6;29;5;10;2*35;30;21;19;25;33;1;15;38;18;14*12;20;16;32;37;24;26;17;11;4*22;3;7;23;31;9;8","5",""
329,1100.5854,1094.3276,1330.7504,";;36;34;27;28;13*6;29;5;10;2*35;30;21;19;25;33;1;15;38;18;14*12;20;16;32;37;24;26;17;11;4*22;3;7;23;31;9;8","5",""
330,1100.3025,1094.3276,1391.199,";;36;34;27;28;13*6;29;5;10;2*35;30;21;19;25;33;1;15;38;18;14*12;20;16;32;37;24;26;17;11;4*22;3;7;23;31;9;8","5",""
331,1100.5665,1094.3276,1336.8207,";;36;34;27;28;13*6;29;5;10;2*35;30;21;19;25;33;1;15;38;18;14*12;20;16;32;37;24;26;17;11;4*22;3;7;23;31;9;8","5",""
332,1105.0603,1094.3276,1421.6506,";;36;34;27;28;13*6;29;5;10;2*35;30;21;19;25;33;1;15;38;18;14*12;20;16;32;37;24;26;17;11;4*22;3;7;23;31;9;8","5",""
333,1099.1445,1094.3276,1236.3086,";;36;34;27;28;13*6;29;5;10;2*35;30;21;19;25;33;1;15;38;18;14*12;20;16;32;37;24;26;17;11;4*22;3;7;23;31;9;8","5",""
334,1102.114,1094.3276,1314.1492,";;36;34;27;28;13*6;29;5;10;2*35;30;21;19;25;33;1;15;38;18;14*12;20;16;32;37;24;26;17;11;4*22;3;7;23;31;9;8","5",""
335,1103.79,1094.3276,1456.5712,";;36;34;25;28;13*6;29;5;10;2*35;30;21;19;27;33;1;15;38;18;14;12*20;16;32;37;24;26;17;11;4;22*3;7;23;31;9;8","5",""
336,1110.5746,1094.3276,1483.8569,";;36;34;27;28;13*6;29;5;10;2*35;30;21;19;25;33;1;15;38;18;14*12;20;16;32;37;24;26;17;11;4*22;3;7;23;31;9;8","5",""
337,1105.8673,1094.3276,1421.4153,";;36;34;27;28;13*6;29;5;10;2*35;30;21;19;25;33;1;15;38;18;14*12;20;16;32;37;24;26;17;11;4*22;3;7;23;31;9;8","5",""
338,1105.2727,1094.3276,1394.2507,";;36;34;27;28;13*6;29;5;10;2*35;30;21;19;25;33;1;15;38;18;14*12;20;16;32;37;24;26;17;11;4*22;3;7;23;31;9;8","5",""
339,1102.3406,1094.3276,1297.0083,";;36;34;27;28;13*6;29;5;10;2*35;30;21;19;25;33;1;15;38;18;14*12;20;16;32;37;24;26;17;11;4*22;3;7;23;31;9;8","5",""
340,1105.5177,1094.3276,1542.8354,";;36;34;27;28;13*6;29;5;10;2*35;30;21;19;25;33;1;15;38;18;14*12;20;16;32;37;24;26;17;11;4*22;3;7;23;31;9;8","5",""
341,1103.8235,1094.3276,1307.9158,";;36;34;27;28;13*6;29;5;10;2*35;30;21;19;25;33;1;15;38;18;14*12;20;16;32;37;24;26;17;11;4*22;3;7;23;31;9;8","5",""
342,1106.7457,1094.3276,1503.1014,";;36;34;27;28;13*6;29;5;10;2*35;30;21;19;25;33;1;15;38;18;14*12;20;16;32;37;24;26;17;11;4*22;3;7;23;31;9;8","5",""
343,1096.505,1094.3276,1288.7893,";;36;34;27;28;13*6;29;5;10;2*35;30;21;19;25;33;1;15;38;18;14*12;20;16;32;37;24;26;17;11;4*22;3;7;23;31;9;8","5",""
344,1105.8097,1094.3276,1318.9486,";;36;34;27;28;13*6;29;5;10;2*35;30;21;19;25;33;1;15;38;18;14*12;20;16;32;37;24;26;17;11;4*22;3;7;23;31;9;8","5",""
345,1099.2644,1094.3276,1368.3145,";;36;34;27;28;13*6;29;5;10;2*35;30;21;19;25;33;1;15;38;18;14*12;20;16;32;37;24;26;17;11;4*22;3;7;23;31;9;8","5",""
346,1098.4619,1094.3276,1325.9788,";;36;34;27;28;13*6;29;5;10;2*35;30;21;19;25;33;1;15;38;18;14*12;20;16;32;37;24;26;17;11;4*22;3;7;23;31;9;8","5",""
347,1112.6813,1094.3276,1412.343,";;36;34;27;28;13*6;29;5;10;2*35;30;21;19;25;33;1;15;38;18;14*12;20;16;32;37;24;26;17;11;4*22;3;7;23;31;9;8","5",""
348,1113.8772,1094.3276,1577.924,";;36;34;27;28;13*6;29;5;10;2*35;30;21;19;25;33;1;15;38;18;14*12;20;16;32;37;24;26;17;11;4*22;3;7;23;31;9;8","5",""
349,1108.5076,1094.3276,1353.2319,";;36;34;27;28;13*6;29;5;10;2*35;30;21;19;25;33;1;15;38;18;14*12;20;16;32;37;24;26;17;11;4*22;3;7;23;31;9;8","5",""
350,1101.211,1094.3276,1666.7633,";;36;34;27;28;13*6;29;5;10;2*35;30;21;19;25;33;1;15;38;18;14*12;20;16;32;37;24;26;17;11;4*22;3;7;23;31;9;8","5",""
351,1095.1763,1094.3276,1164.6709,";;36;34;27;28;13*6;29;5;10;2*35;30;21;19;25;33;1;15;38;18;14*12;20;16;32;37;24;26;17;11;4*22;3;7;23;31;9;8","5",""
352,1103.9089,1094.3276,1381.043,";;36;34;27;28;13*6;29;5;10;2*35;30;21;19;25;33;1;15;38;18;14*12;20;16;32;37;24;26;17;11;4*22;3;7;23;31;9;8","5",""
353,1102.6593,1094.3276,1402.4702,";;36;34;27;28;13*6;29;5;10;2*35;30;21;19;25;33;1;15;38;18;14*12;20;16;32;37;24;26;17;11;4*22;3;7;23;31;9;8","5",""
354,1102.5343,1094.3276,1356.1073,";;36;34;27;28;13*6;29;5;10;2*35;30;21;19;25;33;1;15;38;18;14*12;20;16;32;37;24;26;17;11;4*22;3;7;23;31;9;8","5",""
355,1109.1854,1094.3276,1576.6914,";;36;34;27;28;13*6;29;5;10;2*35;30;21;19;25;33;1;15;38;18;14*12;20;16;32;37;24;26;17;11;4*22;3;7;23;31;9;8","5",""
356,1101.3174,1090.672,1336.024,";;36;34;27;28;13*6;29;5;10;2*35;30;21;19;25;33;1;15;38;18;14*12;20;16;32;24;37;26;17;11;4*22;3;7;23;31;9;8","5",""
357,1104.0175,1090.672,1368.4647,";;36;34;27;28;13*6;29;5;10;2*35;30;21;19;25;33;1;15;38;18;14*12;20;16;32;24;37;26;17;11;4*22;3;7;23;31;9;8","5",""
358,1116.8715,1090.672,1503.1014,";;36;34;27;28;13*6;29;5;10;2*35;30;21;19;25;33;1;15;38;18;14*12;20;16;32;24;37;26;17;11;4*22;3;7;23;31;9;8","5",""
359,1101.9116,1090.672,1483.8569,";;36;34;27;28;13*6;29;5;10;2*35;30;21;19;25;33;1;15;38;18;14*12;20;16;32;24;37;26;17;11;4*22;3;7;23;31;9;8","5",""
360,1095.9457,1090.672,1229.1375,";;36;34;27;28;13*6;29;5;10;2*35;30;21;19;25;33;1;15;38;18;14*12;20;16;32;24;37;26;17;11;4*22;3;7;23;31;9;8","5",""
361,1103.6064,1090.672,1487.5347,";;36;34;27;28;13*6;29;5;10;2*35;30;21;19;25;33;1;15;38;18;14*12;20;16;32;24;37;26;17;11;4*22;3;7;23;31;9;8","5",""
362,1112.0398,1090.672,1662.4987,";;36;34;27;28;13*6;29;5;10;2*35;30;21;19;25;33;1;15;38;18;14*12;20;16;32;24;37;26;17;11;4*22;3;7;23;31;9;8","5",""
363,1100.2592,1090.672,1312.696,";;36;34;27;28;13*6;29;5;10;2*35;30;21;19;25;33;1;15;38;18;14*12;20;16;32;24;37;26;17;11;4*22;3;7;23;31;9;8","5",""
364,1100.441,1090.672,1406.8732,";;36;34;27;28;13*6;29;5;10;2*35;30;21;19;25;33;1;15;38;18;14*12;20;16;32;24;37;26;17;11;4*22;3;7;23;31;9;8","5",""
365,1104.388,1090.672,1346.9546,";;36;34;27;28;13*6;29;5;10;2*35;30;21;19;25;33;1;15;38;18;14*12;20;16;32;24;37;26;17;11;4*22;3;7;23;31;9;8","5",""
366,1100.1001,1090.672,1385.9917,";;36;34;27;28;13*6;29;5;10;2*35;30;21;19;25;33;1;15;38;18;14*12;20;16;32;24;37;26;17;11;4*22;3;7;23;31;9;8","5",""
367,1099.3617,1090.672,1348.354,";;36;34;27;28;13*6;29;5;10;2*35;30;21;19;25;33;1;15;38;18;14*12;20;16;32;24;37;26;17;11;4*22;3;7;23;31;9;8","5",""
368,1098.7466,1090.672,1475.5691,";;36;34;27;28;13*6;29;5;10;2*35;30;21;19;25;33;1;15;38;18;14*12;20;16;32;24;37;26;17;11;4*22;3;7;23;31;9;8","5",""
369,1101.6587,1090.672,1341.3583,";;36;34;27;28;13*6;29;5;10;2*35;30;21;19;25;33;1;15;38;18;14*12;20;16;32;24;37;26;17;11;4*22;3;7;23;31;9;8","5",""
370,1109.4393,1090.672,1524.3207,";;36;34;27;28;13*6;29;5;10;2*35;30;21;19;25;33;1;15;38;18;14*12;20;16;32;24;37;26;17;11;4*22;3;7;23;31;9;8","5",""
371,1113.4493,1090.672,1426.9845,";;36;34;27;28;13*6;29;5;10;2*35;30;21;19;25;33;1;15;38;18;14*12;20;16;32;24;37;26;17;11;4*22;3;7;23;31;9;8","5",""
372,1097.7134,1090.672,1432.4213,";;36;34;27;28;13*6;29;5;10;2*35;30;21;19;25;33;1;15;38;18;14*12;20;16;32;24;37;26;17;11;4*22;3;7;23;31;9;8","5",""
373,1094.8002,1090.672,1257.8926,";;36;34;27;28;13*6;29;5;10;2*35;30;21;19;25;33;1;15;38;18;14*12;20;16;32;24;37;26;17;11;4*22;3;7;23;31;9;8","5",""
374,1101.7946,1090.672,1433.6138,";;36;34;27;28;13*6;29;5;10;2*35;30;21;19;25;33;1;15;38;18;14*12;20;16;32;24;37;26;17;11;4*22;3;7;23;31;9;8","5",""
375,1100.8285,1090.672,1422.4886,";;36;34;27;28;13*6;29;5;10;2*35;30;21;19;25;33;1;15;38;18;14*12;20;16;32;24;37;26;17;11;4*22;3;7;23;31;9;8","5",""
376,1102.4879,1090.672,1377.2334,";;36;34;27;28;13*6;29;5;10;2*35;30;21;19;25;33;1;15;38;18;14*12;20;16;32;24;37;26;17;11;4*22;3;7;23;31;9;8","5",""
377,1111.7683,1090.672,1550.83,";;36;34;27;28;13*6;29;5;10;2*35;30;21;19;25;33;1;15;38;18;14*12;20;16;32;24;37;26;17;11;4*22;3;7;23;31;9;8","5",""
378,1099.2845,1090.672,1323.2021,";;36;34;27;28;13*6;29;5;10;2*35;30;21;19;25;33;1;15;38;18;14*12;20;16;32;24;37;26;17;11;4*22;3;7;23;31;9;8","5",""
379,1095.8774,1090.672,1265.609,";;36;34;27;28;13*6;29;5;10;2*35;30;21;19;25;33;1;15;38;18;14*12;20;16;32;24;37;26;17;11;4*22;3;7;23;31;9;8","5",""
380,1108.9066,1090.672,1431.8387,";;36;34;27;28;13*6;29;5;10;2*35;30;21;19;25;33;1;15;38;18;14*12;20;16;32;24;37;26;17;11;4*22;3;7;23;31;9;8","5",""
381,1096.0254,1090.672,1274.8804,";;36;34;27;28;13*6;29;5;10;2*35;30;21;19;25;33;1;15;38;18;14*12;20;16;32;24;37;26;17;11;4*22;3;7;23;31;9;8","5",""
382,1094.6709,1090.672,1173.8423,";;36;34;27;28;13*6;29;5;10;2*35;30;21;19;25;33;1;15;38;18;14*12;20;16;32;24;37;26;17;11;4*22;3;7;23;31;9;8","5",""
383,1095.7059,1090.672,1345.0107,";;36;34;27;28;13*6;29;5;10;2*35;30;21;19;25;33;1;15;38;18;14*12;20;16;32;24;37;26;17;11;4*22;3;7;23;31;9;8","5",""
384,1100.7548,1090.672,1417.7598,";;36;34;27;28;13*6;29;5;10;2*35;30;21;19;25;33;1;15;38;18;14*12;20;16;32;24;37;26;17;11;4*22;3;7;23;31;9;8","5",""
385,1099.6361,1090.672,1426.9845,";;36;34;27;28;13*6;29;5;10;2*35;30;21;19;25;33;1;15;38;18;14*12;20;16;32;24;37;26;17;11;4*22;3;7;23;31;9;8","5",""
386,1095.5383,1090.672,1347.053,";;36;34;27;28;13*6;29;5;10;2*35;30;21;19;25;33;1;15;38;18;14*12;20;16;32;24;37;26;17;11;4*22;3;7;23;31;9;8","5",""
387,1091.9327,1090.672,1216.7477,";;36;34;27;28;13*6;29;5;10;2*35;30;21;19;25;33;1;15;38;18;14*12;20;16;32;24;37;26;17;11;4*22;3;7;23;31;9;8","5",""
388,1098.7255,1090.672,1581.6018,";;36;34;27;28;13*6;29;5;10;2*35;30;21;19;25;33;1;15;38;18;14*12;20;16;32;24;37;26;17;11;4*22;3;7;23;31;9;8","5",""
389,1101.1927,1090.672,1377.3875,";;36;34;27;28;13*6;29;5;10;2*35;30;21;19;25;33;1;15;38;18;14*12;20;16;32;24;37;26;17;11;4*22;3;7;23;31;9;8","5",""
390,1098.5483,1090.672,1377.6447,";;36;34;27;28;13*6;29;5;10;2*35;30;21;19;25;33;1;15;38;18;14*12;20;16;32;24;37;26;17;11;4*22;3;7;23;31;9;8","5",""
391,1111.0226,1090.672,1467.6475,";;36;34;27;28;13*6;29;5;10;2*35;30;21;19;25;33;1;15;38;18;14*12;20;16;32;24;37;26;17;11;4*22;3;7;23;31;9;8","5",""
392,1098.2739,1090.672,1336.8843,";;36;34;27;28;13*6;29;5;10;2*35;30;21;19;25;33;1;15;38;18;14*12;20;16;32;24;37;26;17;11;4*22;3;7;23;31;9;8","5",""
393,1094.7145,1090.672,1252.1403,";;36;34;27;28;13*6;29;5;10;2*35;30;21;19;25;33;1;15;38;18;14*12;20;16;32;24;37;26;17;11;4*22;3;7;23;31;9;8","5",""
394,1099.2482,1090.672,1475.5691,";;36;34;27;28;13*6;29;5;10;2*35;30;21;19;25;33;1;15;38;18;14*12;20;16;32;24;37;26;17;11;4*22;3;7;23;31;9;8","5",""
395,1094.9288,1090.672,1318.4285,";;36;34;27;28;13*6;29;5;10;2*35;30;21;19;25;33;1;15;38;18;14*12;20;16;32;24;37;26;17;11;4*22;3;7;23;31;9;8","5",""
396,1107.1919,1090.672,1433.6138,";;36;34;27;28;13*6;29;5;10;2*35;30;21;19;25;33;1;15;38;18;14*12;20;16;32;24;37;26;17;11;4*22;3;7;23;31;9;8","5",""
397,1117.3292,1090.672,1578.9094,";;36;34;27;28;13*6;29;5;10;2*35;30;21;19;25;33;1;15;38;18;14*12;20;16;32;24;37;26;17;11;4*22;3;7;23;31;9;8","5",""
398,1111.9525,1090.672,1458.0637,";;36;34;14;28;13*6;29;5;10;2*35;30;21;19;25;33;1;15;38;18*27;12;20;16;32;24;37;26;17*11;4;22;3;7;23;31;9*8","6",""
399,1105.8763,1090.672,1401.1631,";;36;34;27;28;13*6;29;5;10;2*35;30;21;19;25;33;1;15;38;18;14*12;20;16;32;24;37;26;17;11;4*22;3;7;23;31;9;8","5",""
400,1103.6182,1090.672,1307.5134,";;36;34;27;28;13*6;29;5;10;2*35;30;21;19;25;33;1;15;38;18;14*12;20;16;32;24;37;26;17;11;4*22;3;7;23;31;9;8","5",""
401,1098.2698,1090.672,1288.6051,";;36;34;27;28;13*6;29;5;10;2*35;30;21;19;25;33;1;15;38;18;14*12;20;16;32;24;37;26;17;11;4*22;3;7;23;31;9;8","5",""
402,1100.5032,1090.672,1462.2601,";;36;34;27;28;13*6;29;5;10;2*35;30;21;19;25;33;1;15;38;18;14*12;20;16;32;24;37;26;17;11;4*22;3;7;23;31;9;8","5",""
403,1105.3313,1090.672,1415.7711,";;36;34;27;28;13*6;29;5;10;2*35;30;21;19;25;33;1;15;38;18;14*12;20;16;32;24;37;26;17;11;4*22;3;7;23;31;9;8","5",""
404,1106.8672,1090.672,1395.1307,";;36;34;27;28;13*6;29;5;10;2*35;30;21;19;25;33;1;15;38;18;14*12;20;16;32;24;37;26;17;11;4*22;3;7;23;31;9;8","5",""
405,1098.9535,1090.672,1417.9949,";;36;34;27;28;13*6;29;5;10;2*35;30;21;19;25;33;1;15;38;18;14*12;20;16;32;24;37;26;17;11;4*22;3;7;23;31;9;8","5",""
406,1105.2784,1090.672,1399.9363,";;36;34;27;28;13*6;29;5;10;2*35;30;21;19;25;33;1;15;38;18;14*12;20;16;32;24;37;26;17;11;4*22;3;7;23;31;9;8","5",""
407,1102.1091,1090.672,1387.496,";;36;34;27;28;13*6;29;5;10;2*35;30;21;19;25;33;1;15;38;18;14*12;20;16;32;24;37;26;17;11;4*22;3;7;23;31;9;8","5",""
408,1097.1104,1071.8273,1310.4238,";;36;34;27;28;13*6;29;5;10;2*35;30;21;19;25;33;1;15;38;18;14*12;20;16;32;24;37;26;17;11*8;22;3;7;23;31;9;4","5",""
409,1109.0568,1071.8273,1530.8192,";;36;34;27;28;13*6;29;5;10;2*35;30;21;19;25;33;1;15;38;18;14*12;20;16;32;24;37;26;17;11*8;22;3;7;23;31;9;4","5",""
410,1093.9117,1071.8273,1486.6794,";;36;34;27;28;13*6;29;5;10;2*35;21;30;19;25;33;1;15;38;18;14*12;20;16;32;24;37;26;17;11*8;22;3;7;23;31;9;4","5",""
411,1084.1539,1071.8273,1347.5645,";;36;34;27;28;13*6;29;5;10;2*35;30;21;19;25;33;1;15;38;18;14*12;20;16;32;24;37;26;17;11*8;22;3;7;23;31;9;4","5",""
412,1083.3376,1071.8273,1295.0248,";;36;34;27;28;13*6;29;5;10;2*35;30;21;19;25;33;1;15;38;18;14*12;20;16;32;24;37;26;17;11*8;22;3;7;23;31;9;4","5",""
413,1080.2816,1071.8273,1338.8975,";;36;34;27;28;13*6;29;5;10;2*35;30;21;19;25;33;1;15;38;18;14*12;20;16;32;24;37;26;17;11*8;22;3;7;23;31;9;4","5",""
414,1081.407,1071.8273,1446.0448,";;36;34;27;28;13*6;29;5;10;2*35;30;21;19;25;33;1;15;38;18;14*12;20;16;32;24;37;26;17;11*8;22;3;7;23;31;9;4","5",""
415,1092.8241,1071.8273,1463.6782,";;36;34;27;28;13*6;29;5;10;2*35;30;21;19;25;33;1;15;38;18;14*12;20;16;32;24;37;26;17;11*8;22;3;7;23;31;9;4","5",""
416,1074.612,1071.8273,1180.959,";;36;34;27;28;13*6;29;5;10;2*35;30;21;19;25;33;1;15;38;18;14*12;20;16;32;24;37;26;17;11*8;22;3;7;23;31;9;4","5",""
417,1082.7203,1071.8273,1408.1829,";;36;34;27;28;13*6;29;5;10;2*35;30;21;19;25;33;1;15;38;18;14*12;20;16;32;24;37;26;17;11*8;22;3;7;23;31;9;4","5",""
418,1086.6274,1071.8273,1382.9005,";;36;34;27;28;13*6;29;5;10;2*35;30;21;19;37;33;1;15;38;18;14*12;20;16;32;24;25;26;17;11*8;22;3;7;23;31;9;4","5",""
419,1091.92,1071.8273,1376.8405,";;36;34;27;28;13*6;29;5;10;2*35;30;21;19;25;33;1;15;38;18;14*12;20;16;32;24;37;26;17;11*8;22;3;7;23;31;9;4","5",""
420,1082.277,1071.8273,1364.2799,";;36;34;27;28;13*6;29;5;10;2*35;30;21;19;25;33;1;15;38;18;14*12;20;16;32;24;37;26;17;11*8;22;3;7;23;31;9;4","5",""
421,1086.8075,1071.8273,1417.6858,";;36;34;27;28;13*6;29;5;10;2*35;30;21;19;25;33;1;15;38;18;14*12;20;16;32;24;37;26;17;11*8;22;3;7;23;31;9;4","5",""
422,1084.4736,1071.8273,1445.9817,";;36;34;27;28;13*6;29;5;10;2*35;30;21;19;25;33;1;15;38;18;14*12;20;16;32;24;37;26;17;11*8;22;3;7;23;31;9;4","5",""
423,1085.8271,1071.8273,1316.8489,";;36;34;27;28;13*6;29;5;10;2*35;30;21;19;25;33;1;15;38;18;14*12;20;16;32;24;37;26;17;11*8;22;3;7;23;31;9;4","5",""
424,1083.9308,1071.8273,1497.2926,";;36;34;27;28;13*6;29;5;10;2*35;30;21;19;25;33;1;15;38;18;14*12;20;16;32;24;37;26;17;11*8;22;3;7;23;31;9;4","5",""
425,1073.9126,1071.8273,1160.3088,";;36;34;27;28;13*6;29;5;10;2*35;30;21;19;25;33;1;15;38;18;14*12;20;16;32;11;37;26;17;24*8;22;3;7;23;31;9;4","5",""
426,1079.6908,1071.8273,1361.7767,";;36;34;27;28;13*6;29;5;10;2*35;30;21;19;25;33;1;15;38;18;14*12;20;16;32;24;37;26;17;11*8;22;3;7;23;31;9;4","5",""
427,1084.974,1060.4126,1307.3654,";;36;34;27;28;13*6;29;5;10;2*24;30;21;19;25;33;1;15*38;18;14;12;20;16;32;35;37;26;17;11*8;22;3;7;23;31;9;4","5",""
428,1086.1804,1060.4126,1362.5356,";;36;34;27;28;13*6;29;5;10;2*24;30;21;19;25;33;1;15*38;18;14;12;20;16;32;35;37;26;17;11*8;22;3;7;23;31;9;4","5",""
429,1084.2621,1060.4126,1452.8267,";;36;34;27;28;13*6;29;5;10;2*24;30;21;19;25;33;1;15*38;18;14;12;20;16;32;35;37;26;17;11*8;22;3;7;23;31;9;4","5",""
430,1070.5314,1060.4126,1284.1371,";;36;34;27;28;13*6;29;5;10;2*24;30;21;19;25;33;1;15*38;18;14;12;20;16;32;35;37;26;17;11*8;22;3;7;23;31;9;4","5",""
431,1064.9106,1060.4126,1174.5374,";;36;34;27;28;13*6;29;5;10;2*24;30;21;19;25;33;1;15*38;18;14;12;20;16;32;35;37;26;17;11*8;22;3;7;23;31;9;4","5",""
432,1070.1188,1060.4126,1369.6769,";;36;34;27;28;13*6;29;5;10;2*24;30;21;19;25;33;1;15*38;18;14;12;20;16;32;35;37;26;17;11*8;22;3;7;23;31;9;4","5",""
433,1071.4979,1060.4126,1295.0958,";;36;34;27;28;13*6;29;5;10;2*24;30;21;19;25;33;1;15*38;18;14;12;20;16;32;35;37;26;17;11*8;22;3;7;23;31;9;4","5",""
434,1077.4777,1051.748,1447.8472,";;36;34;27;28;13*6;29;5;10;2*24;30;21;19;25;33;1;15*38;18;14;12;31;16;32;35;37;26;17;11*8;22;3;7;23;20;9;4","5",""
435,1080.9884,1051.748,1348.3878,";;36;34;27;28;13*6;29;5;10;2*24;30;21;19;25;33;1;15*38;18;14;12;31;16;32;35;37;26;17;11*8;22;3;7;23;20;9;4","5",""
436,1061.2845,1051.748,1238.1074,";;36;34;27;28;13*6;29;5;10;2*24;30;21;19;25;33;1;15*38;18;14;12;31;16;32;35;37;26;17;11*8;22;3;7;23;20;9;4","5",""
437,1062.1685,1050.3113,1284.1818,";;27;34;36;28;13*6;29;5;10;2*24;30;21;19;25;33;1;15*38;18;14;12;31;16;32;35;37;26;17;11*8;22;3;7;23;20;9;4","5",""
438,1066.6993,1050.3113,1303.6615,";;27;34;36;28;13*6;29;5;10;2*24;30;21;19;25;33;1;15*38;18;14;12;31;16;32;35;37;26;17;11*8;22;3;7;23;20;9;4","5",""
439,1059.1592,1050.3113,1412.3314,";;27;34;36;28;13*6;29;5;10;2*24;30;21;19;25;4;1;15;38;18;14*12;31;16;32;35;37;26;17;11;8*22;3;7;23;20;9;33","5",""
440,1054.4207,1050.3113,1213.3638,";;27;34;36;28;13*6;29;5;10;2*24;30;21;19;25;33;1;15*38;18;14;12;31;16;32;35;37;26;17;11*8;22;3;7;23;20;9;4","5",""
441,1067.4224,1050.3113,1385.8694,";;27;34;36;28;13*6;29;5;10;2*24;30;21;19;25;33;1;15*38;18;14;12;31;16;32;35;37;26;17;11*8;22;3;7;23;20;9;4","5",""
442,1066.7051,1050.3113,1491.3055,";;27;34;36;28;13*6;29;5;10;2*24;30;21;19;25;33;1;15*38;18;14;12;31;16;32;35;37;26;17;11*8;22;3;7;23;20;9;4","5",""
443,1064.5786,1050.3113,1410.8945,";;27;34;36;28;13*6;29;5;10;2*24;30;21;19;25;33;1;15*38;18;14;12;31;16;32;35;37;26;17;11*8;22;3;7;23;20;9;4","5",""
444,1064.4231,1050.3113,1332.3025,";;27;34;36;28;13*6;29;5;10;2*24;30;21;19;25;33;1;15*38;18;14;12;31;16;32;35;37;26;17;11*8;22;3;7;23;20;9;4","5",""
445,1060.4001,1048.6758,1332.3025,";;27;34;36;28;13*6;29;5;10;2*24;30;21;19;25;33;1;15*38;9;14;12;31;16;32;35;37;26;17;11*8;22;3;7;23;20;18;4","5",""
446,1058.0444,1048.6758,1431.1211,";;27;34;36;28;13*6;29;5;10;2*24;30;21;19;25;33;1;15*38;9;14;12;31;16;32;35;37;26;17;11*8;22;3;7;23;20;18;4","5",""
447,1057.6578,1048.6758,1322.2781,";;27;34;36;28;13*6;29;5;10;2*24;30;21;19;25;33;1;15*38;9;14;12;31;16;32;35;37;26;17;11*8;22;3;7;23;20;18;4","5",""
448,1054.48,1048.6758,1288.6482,";;27;34;36;28;13*6;29;5;10;2*24;30;21;19;25;33;1;15*38;9;14;12;31;16;32;35;37;26;17;11*8;22;3;7;23;20;18;4","5",""
449,1061.8712,1048.6758,1438.6885,";;27;34;36;28;13*6;29;5;10;2*24;30;21;19;25;33;1;15*38;9;14;12;31;16;32;35;37;26;17;11*8;22;3;7;23;20;18;4","5",""
450,1050.8065,1048.6758,1170.2727,";;27;34;36;28;13*6;29;5;10;2*24;30;21;19;25;33;1;15*38;9;14;12;31;16;32;35;37;26;17;11*8;22;3;7;23;20;18;4","5",""
451,1056.1362,1048.6758,1513.6349,";;27;34;36;28;13*6;29;5;10;2*24;30;21;19;25;33;1;15*38;9;14;12;31;16;32;35;37;26;17;11*8;22;3;7;23;20;18;4","5",""
452,1059.7805,1048.6758,1358.0303,";;27;34;36;28;13*6;29;5;10;2*24;35;21;19;25;33;1;15*38;9;14;12;31;16;32;30;37;26;17;11*8;22;3;7;23;20;18;4","5",""
453,1058.5217,1048.6758,1298.6975,";;27;34;36;28;13*6;29;5;10;2*24;30;21;19;25;33;1;15*38;9;14;12;31;16;32;35;37;26;17;11*8;22;3;7;23;20;18;4","5",""
454,1065.9259,1048.6758,1359.1669,";;27;34;36;28;13*6;29;5;10;2*24;30;21;19;25;33;1;15*38;9;14;12;31;16;32;35;37;26;17;11*8;22;3;7;23;20;18;4","5",""
455,1053.9751,1048.6758,1332.6974,";;27;34;36;28;13*6;29;5;10;2*24;30;21;19;25;33;1;15*38;9;14;12;31;16;32;35;37;26;17;11*8;22;3;7;23;20;18;4","5",""
456,1066.7258,1048.6758,1445.4542,";;27;34;36;28;13*6;29;5;10;2*24;30;21;19;25;33;1;15*38;9;14;12;31;16;32;35;37;26;17;11*8;22;3;7;23;20;18;4","5",""
457,1058.609,1048.6758,1366.2698,";;27;34;36;28;13*6;29;5;10;2*24;30;21;19;25;33;1;15*38;9;14;12;31;16;32;35;37;26;17;11*8;22;3;7;23;20;18;4","5",""
458,1061.5297,1048.6758,1420.2048,";;27;34;36;28;13*6;29;5;10;2*24;30;21;19;25;33;1;15*38;9;14;12;31;16;32;35;37;26;17;11*8;22;3;7;23;20;18;4","5",""
459,1057.4799,1048.6758,1308.3098,";;27;34;36;28;13*6;29;5;10;2*24;30;21;19;25;33;1;15*38;9;14;12;31;16;32;35;37;26;17;11*8;22;3;7;23;20;18;4","5",""
460,1061.4717,1048.6758,1369.1055,";;27;34;36;28;13*6;29;5;10;2*24;30;21;19;25;33;1;15*38;9;14;12;31;16;32;35;37;26;17;11*8;22;3;7;23;20;18;4","5",""
461,1066.698,1048.6758,1498.5728,";;27;34;36;28;13*6;29;5;10;2*24;30;21;19;25;33;1;15*38;9;14;12;31;16;32;35;37;26;17;11*8;22;3;7;23;20;18;4","5",""
462,1052.5922,1048.6758,1305.7389,";;27;34;36;28;13*6;29;5;10;2*24;30;21;19;25;33;1;15*38;9;14;12;31;16;32;35;37;26;17;11*8;22;3;7;23;20;18;4","5",""
463,1062.0624,1048.6758,1329.824,";;27;34;36;28;13*6;29;5;10;2*24;30;21;19;25;33;1;15*38;9;14;12;31;16;32;35;37;26;17;11*8;22;3;7;23;20;18;4","5",""
464,1052.388,1048.6758,1174.8933,";;27;34;36;28;13*6;29;5;10;2*24;30;21;19;25;33;1;15*38;9;14;12;31;16;32;35;37;26;17;11*8;22;3;7;23;20;18;4","5",""
465,1058.1881,1048.6758,1326.4053,";;27;34;36;28;13*6;29;5;10;2*24;30;21;19;25;33;1;15*38;9;14;12;31;16;32;35;37;26;17;11*8;22;3;7;23;20;18;4","5",""
466,1058.2855,1048.6758,1319.7413,";;27;34;36;28;13*6;29;5;10;2*24;30;21;19;25;33;1;15*38;9;14;12;31;16;32;35;37;26;17;11*8;22;3;7;23;20;18;4","5",""
467,1062.0094,1048.6758,1450.6033,";;27;34;36;28;13*6;29;5;10;2*24;30;21;19;25;33;1;15*38;9;14;12;31;16;32;35;37;26;17;11*8;22;3;7;23;20;18;4","5",""
468,1061.4031,1048.6758,1369.1055,";;27;34;36;28;13*6;29;5;10;2*24;30;21;19;25;33;1;15*38;9;14;12;31;16;32;35;37;26;17;11*8;22;3;7;23;20;18;4","5",""
469,1058.6655,1048.6758,1326.5155,";;27;34;36;28;13*6;29;5;10;2*24;30;21;19;25;33;1;15*38;9;14;12;31;16;32;35;37;26;17;11*8;22;3;7;23;20;18;4","5",""
470,1052.624,1048.6758,1239.3397,";;27;34;36;28;13*6;29;5;10;2*24;30;21;19;25;33;1;15*38;9;14;12;31;16;32;35;37;26;17;11*8;22;3;7;23;20;18;4","5",""
471,1064.0952,1048.6758,1385.0476,";;27;34;36;28;13*6;29;5;10;2*24;30;21;19;25;33;1;15*38;9;14;12;31;16;32;35;37;26;17;11*8;22;3;7;23;20;18;4","5",""
472,1058.1898,1048.6758,1304.0944,";;27;34;36;28;13*6;29;5;10;2*24;30;21;19;25;33;1;15*38;9;14;12;31;16;32;35;37;26;17;11*8;22;3;7;23;20;18;4","5",""
473,1064.4927,1048.6758,1389.0717,";;27;34;36;28;13*6;29;5;10;2*24;30;21;19;25;33;1;15*38;9;14;12;31;16;32;35;37;26;17;11*8;22;3;7;23;20;18;4","5",""
474,1057.2145,1048.6758,1341.3108,";;27;34;36;28;13*6;29;5;10;2*24;30;21;19;25;33;1;15*38;9;14;12;31;16;32;35;37;26;17;11*8;22;3;7;23;20;18;4","5",""
475,1057.1096,1048.6758,1280.6812,";;27;34;36;28;13*6;29;5;10;2*24;30;21;19;25;33;1;15*38;9;14;12;31;16;32;35;37;26;17;11*8;22;3;7;23;20;18;4","5",""
476,1055.5177,1048.6758,1450.6033,";;27;34;36;28;13*6;29;5;10;2*24;30;21;19;25;33;1;15*38;9;14;12;31;16;32;35;37;26;17;11*8;22;3;7;23;20;18;4","5",""
477,1052.437,1048.6758,1214.0024,";;27;34;36;28;13*6;29;5;10;2*24;30;21;19;25;33;1;15*38;9;14;12;31;16;32;35;37;26;17;11*8;22;3;7;23;20;18;4","5",""
478,1059.4865,1048.6758,1451.8319,";;27;34;36;28;13*6;29;5;10;2*24;30;21;19;25;33;1;15*38;9;14;12;31;16;32;35;37;26;17;11*8;22;3;7;23;20;18;4","5",""
479,1065.7539,1048.6758,1388.0603,";;27;34;36;28;13*6;29;5;10;2*24;30;21;19;25;33;1;15*38;9;14;12;31;16;32;35;37;26;17;11*8;22;3;7;23;20;18;4","5",""
480,1066.8064,1048.6758,1438.3687,";;27;34;36;28;13*6;29;5;10;2*24;30;21;9;25;33;1;15;38*19;14;12;31;16;32;35;37;26;17;11*8;22;3;7;23;20;18;4","5",""
481,1069.5876,1048.6758,1377.8615,";;27;34;36;28;13*6;29;5;10;20*24;30;21;19;25;33;1;15*38;9;14;12;31;16;32;35;37;26;17;11*8;22;3;7;23;2;18;4","5",""
482,1063.3912,1048.6758,1343.1243,";;27;34;36;28;13*6;29;5;10;2*24;30;21;19;25;33;1;15*38;9;14;12;31;16;32;35;37;26;17;11*8;22;3;7;23;20;18;4","5",""
483,1064.7906,1048.6758,1513.3752,";;27;34;36;28;13*6;29;5;10;2*24;30;21;19;25;33;1;15*38;9;14;12;31;16;32;35;37;26;17;11*8;22;3;7;23;20;18;4","5",""
484,1061.3326,1048.6758,1438.2672,";;27;34;36;28;13*6;29;5;10;2*24;30;21;19;25;33;1;15*38;9;14;12;31;7;32;35;37;26;17*11;8;22;3;16;23;20*18;4","6",""
485,1059.669,1030.7999,1375.2971,";;34;27;36;28;13*6;29;5;10;2*24;30;21;19;25;33;1;15*38;9;14;12;31;16;32;35;37;26;17;11*8;22;3;7;23;20;18;4","5",""
486,1064.9224,1030.7999,1450.6033,";;34;27;36;28;13*6;29;5;10;2*24;30;21;19;25;33;1;15*38;9;14;12;31;16;32;35;37;26;17;11*8;22;3;7;23;20;18;4","5",""
487,1048.1095,1030.7999,1280.6812,";;34;27;36;28;13*6;29;5;10;2*24;30;21;19;25;33;1;15*38;9;14;12;31;16;32;35;37;26;17;11*8;22;3;7;23;20;18;4","5",""
488,1048.7085,1030.7999,1368.4202,";;34;27;36;28;13*6;29;5;10;2*24;30;21;19;25;33;1;15*38;9;14;12;31;16;32;35;37;26;17;11*8;22;3;7;23;20;18;4","5",""
489,1041.2671,1030.7999,1317.457,";;34;27;36;28;13*6;29;5;10;2*24;30;21;19;25;33;1;15*38;9;14;12;31;16;32;35;37;26;17;11*8;22;3;7;23;20;18;4","5",""
490,1060.663,1030.7999,1526.8572,";;34;27;36;28;13*6;29;5;10;2*24;30;21;19;25;33;1;15*38;9;14;12;31;16;32;35;37;26;17;11*8;22;3;7;23;20;18;4","5",""
491,1034.5983,1030.7999,1155.5084,";;34;27;36;28;13*6;29;5;10;2*24;30;21;19;25;33;1;15*38;9;14;12;31;16;32;35;37;26;17;11*8;22;3;7;23;20;18;4","5",""
492,1045.1735,1030.7999,1376.6348,";;34;27;36;28;13*6;29;5;10;2*24;30;21;19;25;33;1;15*38;9;14;12;31;16;32;35;37;26;17;11*8;22;3;7;23;20;18;4","5",""
493,1039.6064,1030.7999,1526.8572,";;34;27;36;28;13*6;29;5;10;2*24;30;21;19;25;33;1;15*38;9;14;12;31;16;32;35;37;26;17;11*8;22;3;7;23;20;18;4","5",""
494,1042.7917,1030.7999,1416.1401,";;34;27;36;28;13*6;29;5;10;2*24;30;21;19;25;33;1;15*38;9;14;12;31;16;32;35;37;26;17;11*8;22;3;7;23;20;18;4","5",""
495,1040.1993,1030.7999,1236.5643,";;34;27;36;28;13*6;29;5;10;2*24;30;21;19;25;33;1;15*38;9;14;12;31;16;32;35;37;26;17;11*8;22;3;7;23;20;18;4","5",""
496,1041.307,1030.7999,1326.9622,";;34;27;36;28;13*6;29;5;10;2*24;30;21;19;25;33;1;15*38;9;14;12;31;16;32;35;37;26;17;11*8;22;3;7;23;20;18;4","5",""
497,1053.7407,1030.7999,1433.9562,";;34;27;36;28;13*6;29;5;10;2*24;30;21;19;25;33;1;15*38;9;14;12;31;16;32;35;37;26;17;11*8;22;3;7;23;20;18;4","5",""
498,1047.9438,1030.7999,1420.4929,";;34;27;36;28;13*6;29;5;10;2*24;30;21;19;25;33;1;15*38;9;14;12;31;16;32;35;37;26;17;11*8;22;3;7;23;20;18;4","5",""
499,1035.427,1030.7999,1311.9807,";;34;27;36;28;13*6;29;5;10;2*24;30;21;19;25;33;1;15*38;9;14;12;31;16;32;35;37;26;17;11*8;22;3;7;23;20;18;4","5",""
500,1040.3007,1030.7999,1362.544,";;34;27;36;28;13*6;29;5;10;2*24;30;21;19;25;33;1;15*38;9;14;12;31;16;32;35;37;26;17;11*8;22;3;7;23;20;18;4","5",""
501,1046.3684,1030.7999,1361.4796,";;34;32;36;28;13;6*29;5;10;2;24;30;21*19;25;33;1;15;38;9;14;12;31*16;27;35;37;26;17;11;8*22;3;7;23;20;18;4","5",""
502,1038.4789,1030.7999,1242.0071,";;34;27;36;28;13*6;29;5;10;2*24;30;21;19;25;33;1;15*38;9;14;12;31;16;32;35;37;26;17;11*8;22;3;7;23;20;18;4","5",""
503,1039.3627,1030.7999,1526.8572,";;34;27;36;28;13*6;29;5;10;2*24;30;21;19;25;33;1;15*38;9;14;12;31;16;32;35;37;26;17;11*8;22;3;7;23;20;18;4","5",""
504,1057.9478,1030.7999,1379.7468,";;34;27;36;28;13*6;29;5;10;2*24;30;21;19;25;33;1;15*38;9;14;12;31;16;32;35;37;26;17;11*8;22;3;7;23;20;18;4","5",""
505,1037.905,1030.7999,1462.9127,";;34;27;36;28;13*6;29;5;10;2*24;30;21;19;25;33;1;15*38;9;14;12;31;16;32;35;37;26;17;11*8;22;3;7;23;20;18;4","5",""
506,1038.8754,1030.7999,1304.4023,";;34;27;36;28;13*6;29;5;10;2*24;30;21;19;25;33;1;15*38;9;14;12;31;16;32;35;37;26;17;11*8;22;3;7;23;20;18;4","5",""
507,1047.0336,1030.7999,1359.495,";;34;27;36;28;13*6;29;5;10;2*24;30;21;19;25;33;1;15*38;9;14;12;31;16;32;35;37;26;17;11*8;22;3;7;23;20;18;4","5",""
508,1035.3215,1030.7999,1316.7438,";;34;27;36;28;13*6;29;5;10;2*24;30;21;19;25;33;1;15*38;9;14;12;31;16;32;35;37;26;17;11*8;22;3;7;23;20;18;4","5",""
509,1046.1168,1026.0839,1234.667,";;34;27;36;28;13*6;29;5;10;2*24;30;21;19;25;33;1;15*38;9;14;12;31;16;32;35;37;26;17;11*8;22;3;7;20;23;18;4","5",""
510,1046.5261,1026.0839,1439.662,";;34;27;36;28;13*6;29;5;10;2*24;30;21;19;25;33;1;15*38;9;14;12;31;16;32;35;37;26;17;11*8;22;3;7;20;23;18;4","5",""
511,1036.7892,1026.0839,1421.3887,";;34;27;36;28;13*6;29;5;10;2*24;30;21;19;25;33;1;15*38;9;14;12;31;16;32;35;37;26;17;11*8;22;3;7;20;23;18;4","5",""
512,1044.6941,1026.0839,1429.24,";;34;27;36;28;13*6;29;5;10;2*24;30;21;19;25;33;1;15*38;9;14;12;31;16;32;35;37;26;17;11*8;22;3;7;20;23;18;4","5",""
513,1031.6635,1026.0839,1306.6306,";;34;27;36;28;13*6;29;5;10;2*24;30;21;19;25;33;1;15*38;9;14;12;31;16;32;35;37;26;17;11*8;22;3;7;20;23;18;4","5",""
514,1038.5874,1026.0839,1386.6671,";;34;27;36;28;13*6;29;5;10;2*24;30;21;19;25;33;1;15*38;9;14;12;31;16;32;35;37;26;17;11*8;22;3;7;20;23;18;4","5",""
515,1044.4496,1026.0839,1399.0408,";;34;27;36;28;13*6;29;5;10;2*24;30;21;19;25;33;1;15*38;9;14;12;31;16;32;35;37;26;17;11*8;22;3;7;20;23;18;4","5",""
516,1036.9857,1026.0839,1301.3461,";;34;27;36;28;13*6;29;5;10;2*24;30;21;19;25;33;1;15*38;9;14;12;31;16;32;35;37;26;17;11*8;22;3;7;20;23;18;4","5",""
517,1043.4235,1026.0839,1490.7833,";;34;27;36;28;13*6;29;5;10;2*24;30;21;19;25;33;1;15*38;9;14;12;31;16;32;35;37;26;17;11*8;22;3;7;20;23;18;4","5",""
518,1035.4504,1026.0839,1247.758,";;34;27;36;28;13*6;29;5;10;2*24;30;21;19;25;33;1;15*38;9;14;12;31;16;32;35;37;26;17;11*8;22;3;7;20;23;18;4","5",""
519,1028.4773,1026.0839,1193.6665,";;34;27;36;28;13*6;29;5;10;2*24;30;21;19;25;33;1;15*38;9;14;12;31;16;32;35;37;26;17;11*8;22;3;7;20;23;18;4","5",""
520,1040.5629,1026.0839,1352.5977,";;34;27;36;28;13*6;29;5;10;2*24;30;21;19;25;33;1;15*38;9;14;12;31;16;32;35;37;26;17;11*8;22;3;7;20;23;18;4","5",""
521,1035.5251,1026.0839,1335.2137,";;34;27;36;28;13*6;29;5;10;2*24;30;21;19;25;33;1;15*38;9;14;12;31;16;32;35;37;26;17;11*8;22;3;7;20;23;18;4","5",""
522,1036.7397,1026.0839,1269.5009,";;34;27;36;28;13*6;29;5;10;2*24;30;21;19;25;33;1;15*38;9;14;12;31;16;32;35;37;26;17;11*8;22;3;7;20;23;18;4","5",""
523,1029.7168,1026.0839,1154.0049,";;34;27;36;28;13*6;29;5;10;2*24;30;21;19;25;33;1;15*38;9;14;12;31;16;32;35;37;26;17;11*8;22;3;7;20;23;18;4","5",""
524,1038.4978,1026.0839,1266.2612,";;34;27;36;28;13*6;29;5;10;2*24;30;21;19;25;33;1;15*38;9;14;12;31;16;32;35;37;26;17;11*8;22;3;7;20;23;18;4","5",""
525,1035.3788,1026.0839,1453.0759,";;34;27;36;28;13*6;29;5;10;2*24;30;21;19;25;33;1;15*38;9;14;12;31;16;32;35;37;26;17;11*8;22;3;7;20;23;18;4","5",""
526,1040.8635,1026.0839,1437.2466,";;34;27;36;28;13*6;29;5;10;2*24;30;21;19;25;33;1;15*38;9;14;12;31;16;32;35;37;26;17;11*8;22;3;7;20;23;18;4","5",""
527,1048.902,1026.0839,1348.026,";;34;27;36;28;35;6*29;5;10;2;24;30;21*19;25;33;1;15;38;9;14;12;31*16;32;13;37;26;17;11*8;22;3;7;20;23;18;4","5",""
528,1035.4678,1026.0839,1408.0868,";;34;27;36;28;13*6;29;5;10;2*24;30;21;19;25;33;1;15*38;9;14;12;31;16;32;35;37;26;17;11*8;22;3;7;20;23;18;4","5",""
529,1045.29,1026.0839,1458.1965,";;34;27;36;28;13*6;29;5;10;2*24;30;21;19;25;33;1;15*38;9;14;12;31;16;32;35;37;26;17;11*8;22;3;7;20;23;18;4","5",""
530,1037.711,1026.0839,1308.2659,";;34;27;36;28;13*6;29;5;10;2*24;30;21;19;25;33;1;15*38;9;14;12;31;16;32;35;37;26;17;11*8;22;3;7;20;23;18;4","5",""
531,1037.3794,1026.0839,1353.114,";;34;27;36;28;13*6;29;5;10;2*24;30;21;19;25;33;1;15*38;9;14;12;31;16;32;35;37;26;17;11*8;22;3;7;20;23;18;4","5",""
532,1032.0647,1026.0839,1229.7722,";;34;27;36;28;13*6;29;5;10;2*24;30;21;19;25;33;1;15*38;9;14;12;31;16;32;35;37;26;17;11*8;22;3;7;20;23;18;4","5",""
533,1034.6129,1026.0839,1319.8434,";;34;27;36;28;13*6;29;5;10;2*24;30;21;19;25;33;1;15*38;9;14;12;31;16;32;35;37;26;17;11*8;22;3;7;20;23;18;4","5",""
534,1028.8239,1026.0839,1154.0049,";;34;27;36;28;13*6;29;5;10;2*24;30;21;19;25;33;1;15*38;9;14;12;31;16;32;35;37;26;17;11*8;22;3;7;20;23;18;4","5",""
535,1037.7402,1026.0839,1267.0834,";;34;27;36;28;13*6;29;5;10;2*24;30;21;19;25;33;1;15*38;9;14;12;31;16;32;35;37;26;17;11*8;22;3;7;20;23;18;4","5",""
536,1043.0515,1026.0839,1266.7239,";;34;27;36;28;13*6;29;5;10;2*24;30;21;19;25;33;1;15*38;9;14;12;31;16;32;35;37;26;17;11*8;22;3;7;20;23;18;4","5",""
537,1054.9594,1026.0839,1400.36,";;34;27;36;28;13*6;29;5;10;2*24;30;21;19;25;33;1;15*38;9;14;12;31;16;32;35;37;26;17;11*8;22;3;7;20;23;18;4","5",""
538,1042.5088,1026.0839,1491.043,";;34;27;36;28;13*6;29;5;10;2*24;30;21;19;25;33;1;15*38;9;14;12;31;16;32;35;37;26;17;11*8;22;3;7;20;23;18;4","5",""
539,1040.4581,1026.0839,1248.5112,";;34;27;36;28;13*6;29;5;10;2*24;30;21;19;25;33;1;15*38;9;14;12;31;16;32;35;37;26;17;11*8;22;3;7;20;23;18;4","5",""
540,1038.0819,1026.0839,1428.0112,";;34;27;36;28;13*6;29;5;10;2*24;30;21;19;25;33;1;15*38;9;14;12;31;16;32;35;37;26;17;11*8;22;3;7;20;23;18;4","5",""
541,1035.437,1026.0839,1216.347,";;34;27;36;28;13*6;29;5;10;2*24;30;21;19;25;33;1;15*38;9;14;12;31;16;32;35;37;26;17;11*8;22;3;7;20;23;18;4","5",""
542,1038.8229,1026.0839,1353.62,";;34;27;36;28;13*6;29;5;10;2*24;30;21;19;25;33;1;15*38;9;14;12;31;16;32;35;37;26;17;11*8;22;3;7;20;23;18;4","5",""
543,1036.0099,1026.0839,1399.0408,";;34;27;36;28;13*6;29;5;10;2*24;30;21;19;25;33;1;15*38;9;14;12;31;16;32;35;37;26;17;11*8;22;3;7;20;23;18;4","5",""
544,1036.3792,1026.0839,1386.6671,";;34;27;36;28;13*6;29;5;10;2*24;30;21;19;25;33;1;15*38;9;14;12;31;16;32;35;37;26;17;11*8;22;3;7;20;23;18;4","5",""
545,1034.5121,1026.0839,1364.8934,";;34;27;36;28;13*6;29;5;10;2*24;30;21;19;25;33;1;15*38;9;14;12;31;16;32;35;37;26;17;11*8;22;3;7;20;23;18;4","5",""
546,1038.4971,1026.0839,1335.9675,";;34;27;36;28;13*6;29;5;10;2*24;30;21;19;25;33;1;15*38;9;14;12;31;16;32;35;37;26;17;11*8;22;3;7;20;23;18;4","5",""
547,1040.8727,1026.0839,1394.9487,";;34;27;36;28;13*6;29;5;10;2*24;30;21;19;25;33;1;15*38;9;14;12;31;16;32;35;37;26;17;11*8;22;3;7;20;23;18;4","5",""
548,1029.4684,1026.0839,1155.5443,";;34;27;36;28;13*6;29;5;10;2*24;30;21;19;25;33;1;15*38;9;14;12;31;16;32;35;37;26;17;11*8;22;3;7;20;23;18;4","5",""
549,1042.8915,1026.0839,1310.1055,";;34;27;36;28;13*6;29;5;10;2*24;30;21;19;25;33;1;15*38;9;14;12;31;16;32;35;37;26;17;11*8;22;3;7;20;23;18;4","5",""
550,1035.1667,1026.0839,1386.6671,";;34;27;36;28;13*6;29;5;10;2*24;30;21;19;25;33;1;15*38;9;14;12;31;16;32;35;37;26;17;11*8;22;3;7;20;23;18;4","5",""
551,1041.5607,1026.0839,1275.325,";;34;27;36;28;13*6;29;5;10;2*24;30;21;19;25;33;1;15*38;9;14;12;31;16;32;35;37;26;17;11*8;22;3;7;20;23;18;4","5",""
552,1032.361,1026.0839,1401.2562,";;34;27;36;28;13*6;29;5;10;2*24;30;21;19;25;33;1;15*38;9;14;12;31;16;32;35;37;26;17;11*8;22;3;7;20;23;18;4","5",""
553,1029.2842,1026.0839,1151.5623,";;34;27;36;28;13*6;29;5;10;2*24;30;21;19;25;33;1;15*38;9;14;12;31;16;32;35;37;26;17;11*8;22;3;7;20;23;18;4","5",""
554,1034.9513,1026.0839,1333.4967,";;34;27;36;28;13*6;29;5;10;2*24;30;21;19;25;33;1;15*38;9;14;12;31;16;32;35;37;26;17;11*8;22;3;7;20;23;18;4","5",""
555,1042.4567,1026.0839,1428.0112,";;34;27;36;28;13*6;29;5;10;2*24;30;21;19;25;33;1;15*38;9;14;12;31;16;32;35;37;26;17;11*8;22;3;7;20;23;18;4","5",""
556,1040.3376,1026.0839,1364.4404,";;34;27;36;28;13*6;29;5;10;2*24;30;21;19;25;33;1;15*38;9;14;12;31;16;32;35;37;26;17;11*8;22;3;7;20;23;18;4","5",""
557,1040.0222,1026.0839,1348.026,";;34;27;36;28;13*6;29;5;10;2*24;30;21;19;25;33;1;15*38;9;14;12;31;16;32;35;37;26;17;11*8;22;3;7;20;23;18;4","5",""
558,1049.4973,1026.0839,1377.4849,";;34;27;36;28;13*6;29;5;10;2*24;30;21;19;25;33;1;15*38;9;14;12;31;16;32;35;37;26;17;11*8;22;3;7;20;23;18;4","5",""
559,1042.7946,1026.0839,1596.8752,";;34;27;36;28;13*6;29;5;10;2*24;30;21;19;25;33;1;15*38;9;14;12;31;16;32;35;37;26;17;11*8;22;3;7;20;23;18;4","5",""
560,1029.93,1026.0839,1410.6852,";;34;27;36;28;13*6;29;5;10;2*24;30;21;19;25;33;1;15*38;9;14;12;31;16;32;35;37;26;17;11*8;22;3;7;20;23;18;4","5",""
561,1030.8517,1026.0839,1243.8452,";;34;27;36;28;13*6;29;5;10;2*24;30;21;19;25;33;1;15*38;9;14;12;31;16;32;35;37;26;17;11*8;22;3;7;20;23;18;4","5",""
562,1035.3688,1026.0839,1249.7072,";;34;27;36;28;13*6;29;5;10;2*24;30;21;19;25;33;1;15*38;9;14;12;31;16;32;35;37;26;17;11*8;22;3;7;20;23;18;4","5",""
563,1041.998,1026.0839,1434.9458,";;34;27;36;28;13*6;29;5;10;2*24;30;21;19;25;33;1;15*38;9;14;12;31;16;32;35;37;26;17;11*8;22;3;7;20;23;18;4","5",""
564,1034.6715,1026.0839,1464.8302,";;34;27;36;28;13*6;29;5;10;2*24;30;21;19;25;33;1;15*38;9;14;12;31;16;32;35;37;26;17;11*8;22;3;7;20;23;18;4","5",""
565,1036.4247,1026.0615,1485.5092,";;34;27;36;28;13*6;29;5;10;2*24;30;21;19;25;33;1;15*38;9;14;18;31;16;32;35;37;26;17;11*8;22;3;7;20;23;12*4","6",""
566,1047.3584,1026.0615,1330.5946,";;34;27;36;28;13*6;29;5;10;2*24;30;21;19;25;33;1;15*38;9;14;18;31;16;32;35;37;26;17;11*8;22;3;7;20;23;12*4","6",""
567,1032.8173,1025.6348,1353.4067,";;34;27;36;28;13*6;29;5;10;2*24;30;21;19;25;33;1;15*38;9;4;18;31;16;32;35;37;26;17;11*8;22;3;7;20;23;12*14","6",""
568,1037.2992,1025.6348,1407.2747,";;34;27;36;28;13*6;29;5;10;2*24;30;21;19;25;33;1;15*38;9;4;18;31;16;32;35;37;26;17;11*8;22;3;7;20;23;12*14","6",""
569,1034.414,1025.6348,1463.7406,";;34;27;36;28;13*6;29;5;10;2*24;30;21;19;25;33;1;15*38;9;4;18;31;16;32;35;37;26;17;11*8;22;3;7;20;23;12*14","6",""
570,1044.9832,1025.6348,1386.2181,";;34;27;36;28;13*6;29;5;10;2*24;30;21;19;25;33;1;15*38;9;4;18;31;16;32;35;37;26;17;11*8;22;3;7;20;23;12*14","6",""
571,1037.2572,1025.6348,1283.2014,";;34;27;36;28;13*6;29;5;10;2*24;30;21;19;25;33;1;15*38;9;4;18;31;16;32;35;37;26;17;11*8;22;3;7;20;23;12*14","6",""
572,1033.9491,1025.6348,1306.287,";;34;27;36;28;13*6;29;5;10;2*24;30;21;19;25;33;1;15*38;9;4;18;31;16;32;35;37;26;17;11*8;22;3;7;20;23;12*14","6",""
573,1032.4005,1025.6348,1307.6261,";;34;27;36;28;13*6;29;5;10;2*24;30;21;19;25;33;1;15*38;9;4;18;31;16;32;35;37;26;17;11*8;22;3;7;20;23;12*14","6",""
574,1032.007,1025.6348,1341.242,";;34;27;36;28;13*6;29;5;10;2*24;30;21;19;25;33;1;15*38;9;4;18;31;16;32;35;37;26;17;11*8;22;3;7;20;23;12*14","6",""
575,1047.3937,1025.6348,1418.6837,";;34;27;36;28;13*6;29;5;10;2*24;30;21;19;25;33;1;15*38;9;4;18;31;16;32;35;37;26;17;11*8;22;3;7;20;23;12*14","6",""
576,1046.9636,1025.6348,1416.2056,";;34;27;36;28;13*6;29;5;10;2*24;30;21;19;25;33;1;15*38;9;4;18;31;16;32;35;37;26;17;11*8;22;3;7;20;23;12*14","6",""
577,1041.616,1025.6348,1447.6821,";;34;27;36;28;13*6;29;5;10;2*24;30;21;19;25;33;1;15*38;9;4;18;31;16;32;35;37;26;17;11*8;22;3;7;20;23;12*14","6",""
578,1041.9869,1025.6348,1386.2181,";;34;27;36;28;13*6;29;5;10;2*24;30;21;19;25;33;1;15*38;9;4;18;31;16;32;35;37;26;17;11*8;22;3;7;20;23;12*14","6",""
579,1039.3634,1025.6348,1367.7208,";;34;27;36;28;13*6;29;5;10;2*24;30;21;19;25;33;1;15*38;9;4;18;31;16;32;35;37;26;17;11*8;22;3;7;20;23;12*14","6",""
580,1041.5719,1025.6348,1550.8154,";;34;27;36;28;13*6;29;5;10;2*24;30;21;19;25;33;1;15*38;9;4;18;31;16;32;35;37;26;17;11*8;22;3;7;20;23;12*14","6",""
581,1031.3352,1025.6348,1317.1296,";;34;27;36;28;13*6;29;5;10;2*24;30;21;19;25;33;1;15*38;9;4;18;31;16;32;35;37;26;17;11*8;22;3;7;20;23;12*14","6",""
582,1035.9598,1025.6348,1356.1575,";;34;27;36;28;13*6;29;5;10;2*24;30;21;19;25;33;1;15*38;9;4;18;31;16;32;35;37;26;17;11*8;22;3;7;20;23;12*14","6",""
583,1029.8837,1025.6348,1276.6998,";;34;27;36;28;13*6;29;5;10;2*24;30;21;19;25;33;1;15*38;9;4;18;31;16;32;35;37;26;17;11*8;22;3;7;20;23;12*14","6",""
584,1038.781,1025.6348,1488.2848,";;34;27;36;28;13*6;29;5;10;2*24;30;21;19;25;33;1;15*38;9;4;18;31;16;32;35;37;26;17;11*8;22;3;7;20;23;12*14","6",""
585,1040.3383,1025.6348,1358.3217,";;34;27;36;28;13*6;29;5;10;2*24;30;21;19;25;33;1;15*38;9;4;18;31;16;32;35;37;26;17;11*8;22;3;7;20;23;12*14","6",""
586,1050.977,1025.6348,1418.6837,";;34;27;36;28;13*6;29;5;10;2*24;30;21;19;25;33;1;15*38;9;4;18;31;16;32;35;37;26;17;11*8;22;3;7;20;23;12*14","6",""
587,1045.2313,1025.6348,1404.9003,";;34;27;36;28;13*6;29;5;10;2*24;30;21;19;25;33;1;15*38;9;4;18;31;16;32;35;37;26;17;11*8;22;3;7;20;23;12*14","6",""
588,1028.5375,1025.6348,1308.5153,";;34;27;36;28;13*6;29;5;10;2*24;30;21;19;25;33;1;15*38;9;4;18;31;16;32;35;37;26;17;11*8;22;3;7;20;23;12*14","6",""
589,1038.1616,1025.6348,1327.9253,";;34;27;36;28;13*6;29;5;10;2*24;30;21;19;25;33;1;15*38;9;4;18;31;16;32;35;37;26;17;11*8;22;3;7;20;23;12*14","6",""
590,1046.456,1025.6348,1463.2405,";;34;27;36;28;13*6;29;5;10;2*24;30;21;19;25;33;1;15*38;9;4;18;31;16;32;35;37;26;17;11*8;22;3;7;20;23;12*14","6",""
591,1041.5629,1025.6348,1371.654,";;34;27;36;28;13*6;29;5;10;2*24;30;21;19;25;33;1;15*38;9;4;18;31;16;32;35;37;26;17;11*8;22;3;7;20;23;12*14","6",""
592,1034.061,1025.6348,1276.6998,";;34;27;36;28;13*6;29;5;10;2*24;30;21;19;25;33;1;15*38;9;4;18;31;16;32;35;37;26;17;11*8;22;3;7;20;23;12*14","6",""
593,1032.9293,1025.6348,1208.7612,";;34;27;36;28;13*6;29;5;10;2*24;30;21;19;25;33;1;15*38;9;4;18;31;16;32;35;37;26;17;11*8;22;3;7;20;23;12*14","6",""
594,1036.6278,1025.6348,1357.2098,";;34;27;36;28;13*6;29;5;10;2*24;30;21;19;25;33;1;15*38;9;4;18;31;16;32;35;37;26;17;11*8;22;3;7;20;23;12*14","6",""
595,1041.6969,1025.6348,1426.6086,";;34;27;36;28;13*6;29;5;10;2*24;30;21;19;25;33;1;15*38;9;4;18;31;16;32;35;37;26;17;11*8;22;3;7;20;23;12*14","6",""
596,1041.1318,1025.6348,1463.2405,";;34;27;36;28;13*6;29;5;10;2*24;30;21;19;25;33;1;15*38;9;4;18;31;16;32;35;37;26;17;11*8;22;3;7;20;23;12*14","6",""
597,1034.0769,1025.6348,1416.2056,";;34;27;36;28;13*6;29;5;10;2*24;30;21;19;25;33;1;15*38;9;4;18;31;16;32;35;37;26;17;11*8;22;3;7;20;23;12*14","6",""
598,1041.6598,1025.6348,1294.7639,";;34;27;36;28;13*6;29;5;10;2*24;30;21;19;25;33;1;15*38;9;4;18;31;16;32;35;37;26;17;11*8;22;3;7;20;23;12*14","6",""
599,1042.6967,1025.6348,1538.1172,";;34;27;36;28;13*6;29;5;10;2*24;30;21;19;25;33;1;15*38;9;4;18;31;16;32;35;37;26;17;11*8;22;3;7;20;23;12*14","6",""
600,1041.798,1025.6348,1376.0454,";;34;27;36;28;13*6;29;5;10;2*24;30;21;19;25;33;1;15*38;9;4;18;31;16;32;35;37;26;17;11*8;22;3;7;20;23;12*14","6",""
601,1046.8208,1025.6348,1460.5898,";;34;27;36;28;13*6;29;5;10;2*24;30;21;19;25;33;1;15*38;9;4;18;31;16;32;35;37;26;17;11*8;22;3;7;20;23;12*14","6",""
602,1034.1028,1025.6348,1255.3289,";;34;27;36;28;13*6;29;5;10;2*24;30;21;19;25;33;1;15*38;9;4;18;31;16;32;35;37;26;17;11*8;22;3;7;20;23;12*14","6",""
603,1037.4907,1025.6348,1369.0751,";;34;27;36;28;13*6;29;5;10;2*24;30;21;19;25;33;1;15*38;9;4;18;31;16;32;35;37;26;17;11*8;22;3;7;20;23;12*14","6",""
604,1035.6053,1025.6348,1362.5555,";;34;27;36;28;13*6;29;5;10;2*24;30;21;19;25;33;1;15*38;9;4;18;31;16;32;35;37;26;17;11*8;22;3;7;20;23;12*14","6",""
605,1034.3208,1025.6348,1221.1348,";;34;27;36;28;13*6;29;5;10;2*24;30;21;19;25;33;1;15*38;9;4;18;31;16;32;35;37;26;17;11*8;22;3;7;20;23;12*14","6",""
606,1046.0005,1025.6348,1447.6821,";;34;27;36;28;13*6;29;5;10;2*24;30;21;19;25;33;1;15*38;9;4;18;31;16;32;35;37;26;17;11*8;22;3;7;20;23;12*14","6",""
607,1037.4175,1025.6348,1334.6786,";;34;27;36;28;13*6;29;5;10;2*24;30;21;19;25;33;1;15*38;9;4;18;31;16;32;35;37;26;17;11*8;22;3;7;20;23;12*14","6",""
608,1035.8171,1024.8685,1313.6578,";;34;27;36;28;13*6;29;5;10;2*24;30;21;19;25;33;1;15*38;9;18;4;31;16;32;35;37;26;17;11*8;22;3;7;20;23;12*14","6",""
609,1040.9526,1024.8685,1341.7109,";;34;27;36;28;13*6;29;5;10;2*24;30;21;19;25;33;1;15*38;9;18;4;31;16;32;35;37;26;17;11*8;22;3;7;20;23;12*14","6",""
610,1033.794,1024.8685,1239.4869,";;34;27;36;28;13*6;29;5;10;2*24;30;21;19;25;33;1;15*38;9;18;4;31;16;32;35;37;26;17;11*8;22;3;7;20;23;12*14","6",""
611,1032.822,1024.8685,1289.0284,";;34;27;36;28;13*6;29;5;10;2*24;30;21;19;25;33;1;15*38;9;18;4;31;16;32;35;37;26;17;11*8;22;3;7;20;23;12*14","6",""
612,1033.2303,1024.8685,1379.3091,";;34;27;36;28;13*6;29;5;10;2;4*30;21;19;25;33;1;15;38;9;18*24;31;16;32;35;37;26;17;11*8;22;3;7;20;23;12*14","6",""
613,1034.0881,1024.2368,1318.5745,";;34;27;36;28;13*6;29;5;10;2*24;30;21;19;25;33;1;15*38;9;18;12;31;16;32;35;37;26;17;11*8;22;3;7;20;23;4;14","5",""
614,1026.4033,1024.2368,1133.1691,";;34;27;36;28;13*6;29;5;10;2*24;30;21;19;25;33;1;15*38;9;18;12;31;16;32;35;37;26;17;11*8;22;3;7;20;23;4;14","5",""
615,1036.295,1024.2368,1398.2246,";;34;27;36;28;13*6;29;5;10;2*24;30;21;19;25;33;1;15*38;9;18;12;31;16;32;35;37;26;17;11*8;22;3;7;20;23;4;14","5",""
616,1039.0754,1024.2368,1352.1316,";;34;27;36;28;13*6;29;5;10;2*24;30;21;19;25;33;1;15*38;9;18;12;31;16;32;35;37;26;17;11*8;22;3;7;20;23;4;14","5",""
617,1042.3182,1024.2368,1389.8315,";;34;27;36;28;13*6;29;5;10;2*24;30;21;19;25;33;1;15*38;9;18;12;31;16;32;35;37;26;17;11*8;22;3;7;20;23;4;14","5",""
618,1029.9764,1024.2368,1236.1346,";;34;27;36;28;13*6;29;5;10;2*24;30;21;19;25;33;1;15*38;9;18;12;31;16;32;35;37;26;17;11*8;22;3;7;20;23;4;14","5",""
619,1054.6925,1024.2368,1424.9027,";;34;27;36;28;13*6;29;5;10;2*24;30;21;19;25;33;1;15*38;9;18;12;31;16;32;35;37;26;17;11*8;22;3;7;20;23;4;14","5",""
620,1044.365,1024.2368,1354.7595,";;34;27;36;28;13*6;29;5;10;2*24;30;21;19;25;33;1;15*38;9;18;12;31;16;32;35;37;26;17;11*8;22;3;7;20;23;4;14","5",""
621,1033.5563,1024.2368,1341.2399,";;34;27;36;28;13*6;29;5;10;2*24;30;21;19;25;33;1;15*38;9;18;12;31;16;32;35;37;26;17;11*8;22;3;7;20;23;4;14","5",""
622,1036.6158,1024.2368,1379.2969,";;34;27;36;28;13*6;29;5;10;2*24;30;21;19;25;33;1;15*38;9;18;12;31;16;32;35;37;26;17;11*8;22;3;7;20;23;4;14","5",""
623,1028.4087,1024.2368,1190.4905,";;34;27;36;28;13*6;29;5;10;2*24;30;21;19;25;33;1;15*38;9;18;12;31;16;32;35;37;26;17;11*8;22;3;7;20;23;4;14","5",""
624,1034.3484,1024.2368,1520.554,";;34;27;36;28;13*6;29;5;10;2*24;30;21;19;25;33;1;15*38;9;18;12;31;16;32;35;37;26;17;11*8;22;3;7;20;23;4;14","5",""
625,1035.6338,1024.2368,1436.1627,";;34;27;36;28;13*6;29;5;10;2*24;30;21;19;25;33;1;15*38;9;18;12;31;16;32;35;37;26;17;11*8;22;3;7;20;23;4;14","5",""
626,1044.6,1024.2368,1363.0464,";;34;27;36;28;13*6;29;5;10;2*24;30;21;19;25;33;1;15*38;9;18;12;31;16;32;35;37;26;17;11*8;22;3;7;20;23;4;14","5",""
627,1033.2563,1024.2368,1403.2599,";;34;27;36;28;13*6;29;5;10;2*24;30;21;19;25;33;1;15*38;9;18;12;31;16;32;35;37;26;17;11*8;22;3;7;20;23;4;14","5",""
628,1029.9279,1024.2368,1374.2047,";;34;27;36;28;13*6;29;5;10;2*24;30;21;19;25;33;1;15*38;9;18;12;31;16;32;35;37;26;17;11*8;22;3;7;20;23;4;14","5",""
629,1032.3679,1024.2368,1347.6332,";;34;27;36;28;13*6;29;5;10;2*24;30;21;19;25;33;1;15*38;9;18;12;31;16;32;35;37;26;17;11*8;22;3;7;20;23;4;14","5",""
630,1027.2837,1024.2368,1193.4312,";;34;27;36;28;13*6;29;5;10;2*24;30;21;19;25;33;1;15*38;9;18;12;31;16;32;35;37;26;17;11*8;22;3;7;20;23;4;14","5",""
631,1031.0559,1024.2368,1258.6104,";;34;27;36;28;13*6;29;5;10;2*24;30;21;19;25;33;1;15*38;9;18;12;31;16;32;35;37;26;17;11*8;22;3;7;20;23;4;14","5",""
632,1042.5618,1024.2368,1405.2598,";;34;27;36;28;13*6;29;5;10;2*24;30;21;19;25;33;1;15*38;9;18;12;31;16;32;35;37;26;17;11*8;22;3;7;20;23;4;14","5",""
633,1033.3672,1024.2368,1377.8812,";;34;27;36;28;13*6;29;5;10;2*24;30;21;19;25;33;1;15*38;9;18;12;31;16;32;35;37;26;17;11*8;22;3;7;20;23;4;14","5",""
634,1037.0138,1024.2368,1347.9949,";;34;27;36;28;13*6;29;5;10;2*24;30;21;19;25;33;1;15*38;9;18;12;31;16;32;35;37;26;17;11*8;22;3;7;20;23;4;14","5",""
635,1038.1459,1024.2368,1374.2047,";;34;27;36;28;13*6;29;5;10;2*24;30;21;19;25;33;1;15*38;9;18;12;31;16;32;35;37;26;17;11*8;22;3;7;20;23;4;14","5",""
636,1041.0668,1024.2368,1405.2598,";;34;27;36;28;13*6;29;5;10;2*24;30;21;19;25;33;1;15*38;9;18;12;31;16;32;35;37;26;17;11*8;22;3;7;20;23;4;14","5",""
637,1034.348,1024.2368,1344.6666,";;34;27;36;28;13*6;29;5;10;2*24;30;21;19;25;33;1;15*38;9;18;12;31;16;32;35;37;26;17;11*8;22;3;7;20;23;4;14","5",""
638,1039.9991,1024.2368,1450.2522,";;34;27;36;28;13*6;29;5;10;2*24;30;21;19;25;33;1;15*38;9;18;12;31;16;32;35;37;26;17;11*8;22;3;7;20;23;4;14","5",""
639,1054.8308,1024.2368,1345.5558,";;34;27;36;28;13*6;29;5;10;2*24;30;21;19;25;33;1;15*38;9;18;12;31;16;32;35;37;26;17;11*8;22;3;7;20;23;4;14","5",""
640,1032.647,1024.2368,1272.0175,";;34;27;36;28;13*6;29;5;10;2*24;30;21;19;25;33;1;15*38;9;18;12;31;16;32;35;37;26;17;11*8;22;3;7;20;23;4;14","5",""
641,1032.3824,1024.2368,1272.0175,";;34;27;36;28;13*6;29;5;10;2*24;30;21;19;25;33;1;15*38;9;18;12;31;16;32;35;37;26;17;11*8;22;3;7;20;23;4;14","5",""
642,1034.8788,1024.2368,1290.7997,";;34;27;36;28;13*6;29;5;10;2*24;30;21;19;25;33;1;15*38;9;18;12;31;16;32;35;37;26;17;11*8;22;3;7;20;23;4;14","5",""
643,1040.3619,1024.2368,1301.5228,";;34;27;36;28;13*6;29;5;10;2*24;30;21;19;25;33;1;15*38;9;18;12;31;16;32;35;37;26;17;11*8;22;3;7;20;23;4;14","5",""
644,1033.9999,1024.2368,1389.8315,";;34;27;36;28;13*6;29;5;10;2*24;30;21;19;25;33;1;15*38;9;18;12;31;16;32;35;37;26;17;11*8;22;3;7;20;23;4;14","5",""
645,1034.1554,1024.2368,1366.706,";;34;27;36;28;13*6;29;5;10;2*24;30;21;19;25;33;1;15*38;9;18;12;31;16;32;35;37;26;17;11*8;22;3;7;20;23;4;14","5",""
646,1029.8215,1024.2368,1172.6736,";;34;27;36;28;13*6;29;5;10;2*24;30;21;19;25;33;1;15*38;9;18;12;31;16;32;35;37;26;17;11*8;22;3;7;20;23;4;14","5",""
647,1030.2203,1024.2368,1238.0553,";;34;27;36;28;13*6;29;5;10;2*24;30;21;19;25;33;1;15*38;9;18;12;31;16;32;35;37;26;17;11*8;22;3;7;20;23;4;14","5",""
648,1041.1012,1024.2368,1497.3788,";;34;27;36;28;13*6;29;5;10;2*24;30;21;19;25;33;1;15*38;9;18;12;31;16;32;35;37;26;17;11*8;22;3;7;20;23;4;14","5",""
649,1044.8699,1024.2368,1497.9194,";;34;27;36;28;13*6;29;5;10;2*24;30;21;19;25;33;1;15*38;9;18;12;31;16;32;35;37;26;17;11*8;22;3;7;20;23;4;14","5",""
650,1033.7758,1024.2368,1377.8812,";;34;27;36;28;13*6;29;5;10;2*24;30;21;19;25;33;1;15*38;9;18;12;31;16;32;35;37;26;17;11*8;22;3;7;20;23;4;14","5",""
651,1026.9569,1024.2368,1193.6304,";;34;27;36;28;13*6;29;5;10;2*24;30;21;19;25;33;1;15*38;9;18;12;31;16;32;35;37;26;17;11*8;22;3;7;20;23;4;14","5",""
652,1037.4604,1024.2368,1350.5155,";;34;27;36;28;13*6;29;5;10;2*24;30;21;19;25;33;1;15*38;9;18;12;31;16;32;35;37;26;17;11*8;22;3;7;20;23;4;14","5",""
653,1039.6978,1024.2368,1449.063,";;34;27;36;28;13*6;29;5;10;2*24;30;21;19;25;33;1;15*38;9;18;12;31;16;32;35;37;26;17;11*8;22;3;7;20;23;4;14","5",""
654,1035.4991,1024.2368,1272.0175,";;34;27;36;28;13*6;29;5;10;2*24;30;21;19;25;33;1;15*38;9;18;12;31;16;32;35;37;26;17;11*8;22;3;7;20;23;4;14","5",""
655,1026.8243,1024.2368,1157.0637,";;34;27;36;28;13*6;29;5;10;2*24;30;21;19;25;33;38*15;1;9;18;12;31;16;32;35;37;26;17*11;8;22;3;7;20*23;4;14","6",""
656,1035.0557,1024.2368,1263.0466,";;34;27;36;28;13*6;29;5;10;2*24;30;21;19;25;33;1;15*38;9;18;12;31;16;32;35;37;26;17;11*8;22;3;7;20;23;4;14","5",""
657,1036.234,1024.2368,1357.94,";;34;27;36;28;13*6;29;5;10;2*24;30;21;19;25;33;1;15*38;9;18;12;31;16;32;35;37;26;17;11*8;22;3;7;20;23;4;14","5",""
658,1036.2327,1024.2368,1301.178,";;34;27;36;28;13*6;29;5;10;2*24;30;21;19;25;33;1;15*38;9;18;12;31;16;32;35;37;26;17;11*8;22;3;7;20;23;4;14","5",""
659,1036.4811,1024.2368,1366.706,";;34;27;36;28;13*6;29;5;10;2*24;30;21;19;25;33;1;15*38;9;18;12;31;16;32;35;37;26;17;11*8;22;3;7;20;23;4;14","5",""
660,1037.0231,1024.2368,1341.2399,";;34;27;36;28;13*6;29;5;10;2*24;30;21;19;25;33;1;15*38;9;18;12;31;16;32;35;37;26;17;11*8;22;3;7;20;23;4;14","5",""
661,1035.5579,1024.2368,1341.2399,";;34;27;36;28;13*6;29;5;10;2*24;30;21;19;25;33;1;15*38;9;18;12;31;16;32;35;37;26;17;11*8;22;3;7;20;23;4;14","5",""
662,1037.9312,1024.2368,1488.8528,";;34;27;36;28;13*6;29;5;10;2*24;30;21;19;25;33;1;15*38;9;18;12;31;16;32;35;37;26;17;11*8;22;3;7;20;23;4;14","5",""
663,1027.9672,1024.2368,1194.9645,";;34;27;36;28;13*6;29;5;10;2*24;30;21;19;25;33;1;15*38;9;18;12;31;16;32;35;37;26;17;11*8;22;3;7;20;23;4;14","5",""
664,1039.6401,1024.2368,1503.2067,";;34;27;36;28;13*6;29;5;10;2*24;30;21;19;25;33;1;15*38;9;18;12;31;16;32;35;37;26;17;11*8;22;3;7;20;23;4;14","5",""
665,1030.6266,1024.2368,1503.2067,";;34;27;36;28;13*6;29;5;10;2*24;30;21;19;25;33;1;15*38;9;18;12;31;16;32;35;37;26;17;11*8;22;3;7;20;23;4;14","5",""
666,1034.5337,1024.2368,1271.2172,";;34;27;36;28;13*6;29;5;10;2*24;30;21;19;25;33;1;15*38;9;18;12;31;16;32;35;37;26;17;11*8;22;3;7;20;23;4;14","5",""
667,1031.0472,1024.2368,1342.4069,";;34;27;36;28;13*6;29;5;10;2*24;30;21;19;25;33;1;15*38;9;18;12;31;16;32;35;37;26;17;11*8;22;3;7;20;23;4;14","5",""
668,1042.405,1024.2368,1313.4308,";;34;27;36;28;13*6;29;5;10;2*24;30;21;19;25;33;1;15*38;9;18;12;31;16;32;35;37;26;17;11*8;22;3;7;20;23;4;14","5",""
669,1037.6265,1024.2368,1367.6394,";;34;27;36;28;13*6;29;5;10;2*24;30;21;19;25;26;1;15;38*9;18;12;31;16;32;35;37;33;17;11*8;22;3;7;20;23;4;14","5",""
670,1045.9117,1024.2368,1312.049,";;34;27;36;28;13*6;29;5;10;2*24;30;21;19;25;33;1;15*38;9;18;12;31;16;32;35;37;26;17;11*8;22;3;7;20;23;4;14","5",""
671,1041.499,1024.2368,1520.554,";;34;27;36;28;13*6;29;5;10;2*24;30;21;19;25;33;1;15*38;9;18;12;31;16;32;35;37;26;17;11*8;22;3;7;20;23;4;14","5",""
672,1036.8695,1024.2368,1287.0657,";;34;27;36;28;13*6;29;5;10;2*24;30;21;19;25;33;1;15*38;9;18;12;31;16;32;35;37;26;17;11*8;22;3;7;20;23;4;14","5",""
673,1030.7935,1024.2368,1191.8195,";;34;27;36;28;13*6;29;5;10;2*24;30;21;19;25;33;1;15*38;9;18;12;31;16;32;35;37;26;17;11*8;22;3;7;20;23;4;14","5",""
674,1030.9393,1024.2368,1302.1494,";;34;27;36;28;13*6;29;5;10;2*24;30;21;19;25;33;1;15*38;9;18;12;31;16;32;35;37;26;17;11*8;22;3;7;20;23;4;14","5",""
675,1028.1544,1024.2368,1226.9355,";;34;27;36;28;13*6;29;5;10;2*24;30;21;19;25;33;1;15*38;9;18;12;31;16;32;35;37;26;17;11*8;22;3;7;20;23;4;14","5",""
676,1036.9996,1024.2368,1299.0604,";;34;27;36;28;13*6;29;5;10;2*24;30;21;19;25;33;1;15*38;9;18;12;31;16;32;35;37;26;17;11*8;22;3;7;20;23;4;14","5",""
677,1030.4784,1024.2368,1187.6647,";;34;27;36;28;13*6;29;5;10;2*24;30;21;19;25;33;1;15*38;9;18;12;31;16;32;35;37;26;17;11*8;22;3;7;20;23;4;14","5",""
678,1027.6898,1024.2368,1168.075,";;34;27;36;28;13*6;29;5;10;2*24;30;21;19;25;33;1;15*38;9;18;12;31;16;32;35;37;26;17;11*8;22;3;7;20;23;4;14","5",""
679,1041.5835,1024.2368,1520.554,";;34;27;36;28;13*6;29;5;10;2*24;30;21;19;25;33;1;15*38;9;18;12;31;16;32;35;37;26;17;11*8;22;3;7;20;23;4;14","5",""
680,1033.478,1024.2368,1317.9344,";;34;27;36;28;13*6;29;5;10;2*24;30;21;19;25;33;1;15*38;9;18;12;31;16;32;35;37;26;17;11*8;22;3;7;20;23;4;14","5",""
681,1032.879,1024.2368,1247.3882,";;34;27;36;28;13*6;29;5;10;2*24;30;21;19;25;33;1;15*38;9;18;12;31;16;32;35;37;26;17;11*8;22;3;7;20;23;4;14","5",""
682,1037.5007,1024.2368,1264.8768,";;34;27;36;28;13*6;29;5;10;2*24;30;21;19;25;33;1;15*38;9;18;12;31;16;32;35;37;26;17;11*8;22;3;7;20;23;4;14","5",""
683,1036.5392,1024.2368,1374.2047,";;34;27;36;28;13*6;29;5;10;2*24;30;21;19;25;33;1;15*38;9;18;12;31;16;32;35;37;26;17;11*8;22;3;7;20;23;4;14","5",""
684,1032.523,1024.2368,1303.5562,";;34;27;36;28;13*6;29;5;10;2*24;30;21;19;25;33;1;15*38;9;18;12;31;16;32;35;37;26;17;11*8;22;3;7;20;23;4;14","5",""
685,1032.2826,1024.2368,1352.8687,";;34;27;36;28;13*6;29;5;10;2*24;30;21;19;25;33;1;15*38;9;18;12;31;16;32;35;37;26;17;11*8;22;3;7;20;23;4;14","5",""
686,1033.9696,1024.2368,1359.3043,";;34;27;36;28;13*6;29;5;10;2*24;30;21;19;25;33;1;15*38;9;18;12;31;16;32;35;37;26;17;11*8;22;3;7;20;23;4;14","5",""
687,1028.711,1024.2368,1217.0745,";;34;27;36;28;13*6;29;5;10;2*24;30;21;19;25;33;1;15*38;9;18;12;31;16;32;35;37;26;17;11*8;22;3;7;20;23;4;14","5",""
688,1034.5612,1024.2368,1259.2892,";;34;27;36;28;13*6;29;5;10;2*24;30;21;19;25;33;1;15*38;9;18;12;31;16;32;35;37;26;17;11*8;22;3;7;20;23;4;14","5",""
689,1031.9034,1024.2368,1313.9569,";;34;27;36;28;13*6;29;5;10;2*24;30;21;19;25;33;1;15*38;9;18;12;31;16;32;35;37;26;17;11*8;22;3;7;20;23;4;14","5",""
690,1034.3417,1024.2368,1218.3854,";;34;27;36;28;13*6;29;5;10;2*24;30;21;19;25;33;1;15*38;9;18;12;31;16;32;35;37;26;17;11*8;22;3;7;20;23;4;14","5",""
691,1047.7125,1024.2368,1387.0288,";;34;27;36;28;13*6;29;5;10;2*24;30;21;19;25;33;1;15*38;9;18;12;31;16;32;35;37;26;17;11*8;22;3;7;20;23;4;14","5",""
692,1043.9257,1024.2368,1503.2067,";;34;27;36;28;13*6;29;5;10;2*24;30;21;19;25;33;1;15*38;9;18;12;31;16;32;35;37;26;17;11*8;22;3;7;20;23;4;14","5",""
693,1033.5227,1024.2368,1307.6351,";;34;27;36;28;13*6;29;5;10;2*24;30;21;19;25;33;1;15*38;9;18;12;31;16;32;35;37;26;17;11*8;22;3;7;20;23;4;14","5",""
694,1029.9482,1024.2368,1327.7806,";;34;27;36;28;13*6;29;5;10;2*24;30;21;19;25;33;1;15*38;9;18;12;31;16;32;35;37;26;17;11*8;22;3;7;20;23;4;14","5",""
695,1035.6215,1024.2368,1359.3043,";;34;27;36;28;13*6;29;5;10;2*24;30;21;19;25;33;1;15*38;9;18;12;31;16;32;35;37;26;17;11*8;22;3;7;20;23;4;14","5",""
696,1038.9962,1024.2368,1386.778,";;34;27;36;28;13*6;29;5;10;2*24;30;21;19;25;33;1;15*38;9;18;12;31;16;32;35;37;26;17;11*8;22;3;7;20;23;4;14","5",""
697,1038.3931,1024.2368,1405.2598,";;34;27;36;28;13*6;29;5;10;2*24;30;21;19;25;33;1;15*38;9;18;12;31;16;32;35;37;26;17;11*8;22;3;7;20;23;4;14","5",""
698,1035.9823,1024.2368,1280.2781,";;34;27;36;28;13*6;29;5;10;2*24;30;21;19;25;33;1;15*38;9;18;12;31;16;32;35;37;26;17;11*8;22;3;7;20;23;4;14","5",""
699,1026.1265,1024.2368,1213.2634,";;34;27;36;28;13*6;29;5;10;2*24;30;21;19;25;33;1;15*38;9;18;12;31;16;32;35;37;26;17;11*8;22;3;7;20;23;4;14","5",""
700,1030.1172,1024.2368,1229.1593,";;34;27;36;28;13*6;29;5;10;2*24;30;21;19;25;33;1;15*38;9;18;12;31;16;32;35;37;26;17;11*8;22;3;7;20;23;4;14","5",""
701,1033.5258,1024.2368,1367.6394,";;34;27;36;28;13*6;29;5;10;2*24;30;21;19;25;33;1;15*38;9;18;12;31;16;32;35;37;26;17;11*8;22;3;7;20;23;4;14","5",""
702,1036.3127,1024.2368,1487.9124,";;34;27;36;28;13*6;29;5;10;2*24;30;21;19;25;33;1;15*38;9;18;12;31;16;32;35;37;26;17;11*8;22;3;7;20;23;4;14","5",""
703,1045.9886,1024.2368,1449.0618,";;34;27;36;28;13*6;29;5;10;2*24;30;21;19;25;33;1;15*38;9;18;12;31;16;32;35;37;26;17;11*8;22;3;7;20;23;4;14","5",""
704,1039.7301,1024.2368,1424.9027,";;34;27;36;28;13*6;29;5;10;2*24;30;21;19;25;33;1;15*38;9;18;12;31;16;32;35;37;26;17;11*8;22;3;7;20;23;4;14","5",""
705,1027.7827,1024.2368,1253.5886,";;34;27;36;28;13*6;29;5;10;2*24;30;21;19;25;33;1;15*38;9;18;12;31;16;32;35;37;26;17;11*8;22;3;7;20;23;4;14","5",""
706,1043.6329,1024.2368,1424.9027,";;34;27;36;28;13*6;29;5;10;2*24;30;21;19;25;33;1;15*38;9;18;12;31;16;32;35;37;26;17;11*8;22;3;7;20;23;4;14","5",""
707,1039.9067,1024.2368,1528.036,";;34;27;36;28;13*6;29;5;10;2*24;30;21;19;25;33;1;15*38;9;18;12;31;16;32;35;37;26;17;11*8;22;3;7;20;23;4;14","5",""
708,1030.0895,1024.2368,1337.3145,";;34;27;36;28;13*6;29;5;10;2*24;30;21;19;25;33;1;15*38;9;18;12;31;16;32;35;37;26;17;11*8;22;3;7;20;23;4;14","5",""
709,1028.0568,1024.2368,1317.9427,";;34;27;36;28;13*6;29;5;10;2*24;30;21;19;25;33;1;15*38;9;18;12;31;16;32;35;37;26;17;11*8;22;3;7;20;23;4;14","5",""
710,1043.3638,1024.2368,1324.4565,";;34;27;36;28;13*6;29;5;10;2*24;30;21;19;25;33;1;15*38;9;18;12;31;16;32;35;37;26;17;11*8;22;3;7;20;23;4;14","5",""
711,1050.0197,1024.2368,1594.2637,";;34;27;36;28;13*6;29;5;10;2*24;30;21;19;25;33;1;15*38;9;18;12;31;16;32;35;37;26;17;11*8;22;3;7;20;23;4;14","5",""
712,1029.979,1024.2368,1262.0067,";;34;27;36;28;13*6;29;5;10;2*24;30;21;19;25;33;1;15*38;9;18;12;31;16;32;35;37;26;17;11*8;22;3;7;20;23;4;14","5",""
713,1037.0643,1024.2368,1313.2673,";;34;27;36;28;13*6;29;5;10;2*24;30;21;19;25;33;1;15*38;9;18;12;31;16;32;35;37;26;17;11*8;22;3;7;20;23;4;14","5",""
714,1029.2999,1024.2368,1201.4042,";;34;27;36;28;13*6;29;5;10;2*24;30;21;19;25;33;1;15*38;9;18;12;31;16;32;35;37;26;17;11*8;22;3;7;20;23;4;14","5",""
715,1050.6489,1024.2368,1442.8298,";;34;27;36;28;13*6;29;5;10;2*24;30;21;19;25;33;1;15*38;9;18;12;31;16;32;35;37;26;17;11*8;22;3;7;20;23;4;14","5",""
716,1041.9974,1024.2368,1339.6665,";;34;27;36;28;13*6;29;5;10;2*24;30;21;19;25;33;1;15*38;9;18;12;31;16;32;35;37;26;17;11*8;22;3;7;20;23;4;14","5",""
717,1035.7476,1024.2368,1331.7179,";;34;27;36;28;13*6;29;5;10;2*24;30;21;19;25;33;1;15*38;9;18;12;31;16;32;35;37;26;17;11*8;22;3;7;20;23;4;14","5",""
718,1033.3539,1024.2368,1314.1351,";;34;27;36;28;13*6;29;5;10;2*24;30;21;19;25;33;1;15*38;9;18;12;31;16;32;35;37;26;17;11*8;22;3;7;20;23;4;14","5",""
719,1038.9667,1024.2368,1465.5054,";;34;27;36;28;13*6;29;5;10;2*24;30;21;19;25;33;1;15*38;9;18;12;31;16;32;35;37;26;17;11*8;22;3;7;20;23;4;14","5",""
720,1035.7457,1024.2368,1279.9812,";;34;27;36;28;13*6;29;5;10;2*24;30;21;19;25;33;1;15*38;9;18;12;31;16;32;35;37;26;17;11*8;22;3;7;20;23;4;14","5",""
721,1036.0168,1024.2368,1309.0042,";;34;27;36;28;13*6;29;5;10;2*24;30;21;19;25;33;1;15*38;9;18;12;31;16;32;35;37;26;17;11*8;22;3;7;20;23;4;14","5",""
722,1028.2802,1024.2368,1265.371,";;34;27;36;28;13*6;29;5;10;2*24;30;21;19;25;33;1;15*38;9;18;12;31;16;32;35;37;26;17;11*8;22;3;7;20;23;4;14","5",""
723,1031.5562,1024.2368,1299.3156,";;34;27;36;28;13*6;29;5;10;2*24;30;21;19;25;33;1;15*38;9;18;12;31;16;32;35;37;26;17;11*8;22;3;7;20;23;4;14","5",""
724,1059.2046,1024.2368,1351.773,";;34;27;36;28;13*6;29;5;10;2*24;30;21;19;25;33;1;15*38;9;18;12;31;16;32;35;37;26;17;11*8;22;3;7;20;23;4;14","5",""
725,1036.629,1024.2368,1327.9106,";;34;27;36;28;13*6;29;5;10;2*24;30;21;19;25;33;1;15*38;9;18;12;31;16;32;35;37;26;17;11*8;22;3;7;20;23;4;14","5",""
726,1036.1068,1024.2368,1193.3081,";;34;27;36;28;13*6;29;5;10;2*24;30;21;19;25;33;1;15*38;9;18;12;31;16;32;35;37;26;17;11*8;22;3;7;20;23;4;14","5",""
727,1035.3629,1024.2368,1367.2386,";;34;27;36;28;13*6;29;5;10;2*24;30;21;19;25;33;1;15*38;9;18;12;31;16;32;35;37;26;17;11*8;22;3;7;20;23;4;14","5",""
728,1031.2286,1024.2368,1294.2539,";;34;27;36;28;13*6;29;5;10;2*24;30;21;19;25;33;1;15*38;9;18;12;31;16;32;35;37;26;17;11*8;22;3;7;20;23;4;14","5",""
729,1053.4747,1024.2368,1390.5563,";;34;27;36;28;13*6;29;5;10;2*24;30;21;19;25;33;1;15*38;9;18;12;31;16;32;35;37;26;17;11*8;22;3;7;20;23;4;14","5",""
730,1042.6759,1024.2368,1314.2903,";;34;27;36;28;13*6;29;5;10;2*24;30;21;19;25;33;1;15*38;9;18;12;31;16;32;35;37;26;17;11*8;22;3;7;20;23;4;14","5",""
731,1033.018,1024.2368,1528.036,";;34;27;36;28;13*6;29;5;10;2*24;30;21;19;25;33;1;15*38;9;18;12;31;16;32;35;37;26;17;11*8;22;3;7;20;23;4;14","5",""
732,1030.7281,1024.2368,1283.3505,";;34;27;12;28;13;6*29;5;10;2;24;30;21*19;25;33;1;15;38;9;18*36;31;16;32;35;37;26;17;11*8;22;3;7;20;23;4;14","5",""
733,1045.2172,1024.2368,1415.465,";;34;27;36;28;13*6;29;5;10;2*24;30;21;19;25;33;1;15*38;9;18;12;31;16;32;35;37;26;17;11*8;22;3;7;20;23;4;14","5",""
734,1037.92,1024.2368,1359.3043,";;34;27;36;28;13*6;29;5;10;2*24;30;21;19;25;33;1;15*38;9;18;12;31;16;32;35;37;26;17;11*8;22;3;7;20;23;4;14","5",""
735,1044.2654,1024.2368,1366.706,";;34;27;36;28;13*6;29;5;10;2*24;30;21;19;25;33;1;15*38;9;18;12;31;16;32;35;37;26;17;11*8;22;3;7;20;23;4;14","5",""
736,1028.7584,1024.2368,1182.4318,";;34;27;36;28;13*6;29;5;10;2*24;30;21;19;25;33;1;15*38;9;18;12;31;16;32;35;37;26;17;11*8;22;3;7;20;23;4;14","5",""
737,1030.6104,1024.2368,1312.7024,";;34;27;36;28;13*6;29;5;10;2*24;30;21;19;25;33;1;15*38;9;18;12;31;16;32;35;37;26;17;11*8;22;3;7;20;23;4;14","5",""
738,1046.0592,1024.2368,1367.6771,";;34;27;36;28;13*6;29;5;10;2*24;30;21;19;25;33;1;15*38;9;18;12;31;16;32;35;37;26;17;11*8;22;3;7;20;23;4;14","5",""
739,1037.6525,1024.2368,1339.6665,";;34;27;36;14;13;6*29;5;10;2;24;30;21*19;25;33;1;15;38;9;18;12;31*16;32;35;37;26;17;11;8;22*3;7;20;23;4;28","5",""
740,1026.4711,1024.2368,1169.0059,";;34;27;36;28;13*6;29;5;10;2*24;30;21;19;25;33;1;15*38;9;18;12;31;16;32;35;37;26;17;11*8;22;3;7;20;23;4;14","5",""
741,1034.2175,1024.2368,1337.0195,";;34;27;36;28;13*6;29;5;10;2*24;30;21;19;25;33;1;15*38;9;18;12;31;16;32;35;37;26;17;11*8;22;3;7;20;23;4;14","5",""
742,1034.2579,1024.2368,1253.5886,";;34;27;36;28;13*6;29;5;10;2*24;30;21;19;25;33;1;15*38;9;18;12;31;16;32;35;37;26;17;11*23;22;3;7;20;8;4;14","5",""
743,1042.0975,1024.2368,1365.7236,";;34;27;36;28;13*6;29;5;10;2*24;30;21;19;25;33;1;15*38;9;18;12;31;16;32;35;37;26;17;11*8;22;3;7;20;23;4;14","5",""
744,1033.0192,1024.2368,1359.3043,";;34;27;36;28;13*6;29;5;10;2*24;30;21;19;25;33;1;15*38;9;18;12;31;16;32;35;37;26;17;11*8;22;3;7;20;23;4;14","5",""
745,1033.7673,1024.2368,1302.7133,";;34;27;36;28;13*6;29;5;10;2*24;30;21;19;25;33;1;15*38;9;18;12;31;16;32;35;37;26;17;11*8;22;3;7;20;23;4;14","5",""
746,1031.5945,1024.2368,1364.5327,";;34;27;36;28;13*6;29;5;10;2*24;30;21;19;25;33;1;15*38;9;18;12;31;16;32;35;37;26;17;11*8;22;3;7;20;23;4;14","5",""
747,1033.771,1024.2368,1332.9377,";;34;27;36;28;13*6;29;5;10;2*24;30;21;19;25;33;1;15*38;9;18;12;31;16;32;35;37;26;17;11*8;22;3;7;20;23;4;14","5",""
748,1035.0023,1024.2368,1450.2522,";;34;27;36;28;13*6;29;5;10;2*24;30;21;19;25;33;1;15*38;9;18;12;31;16;32;35;37;26;17;11*8;22;3;7;20;23;4;14","5",""
749,1038.5326,1024.2368,1318.3054,";;34;27;36;28;13*6;29;5;10;2*24;30;21;19;25;33;1;15*38;9;18;12;31;16;32;35;37;26;17;11*8;22;3;7;20;23;4;14","5",""
750,1040.8251,1024.2368,1503.2067,";;34;27;36;28;13*6;29;5;10;2*24;30;21;19;25;33;1;15*38;9;18;12;31;16;32;35;37;26;17;11*8;22;3;7;20;23;4;14","5",""
751,1032.5166,1024.2368,1327.2216,";;34;27;36;28;13*6;29;5;10;2*24;30;21;19;25;33;1;15*38;9;18;12;31;16;32;35;37;26;17;11*8;22;3;7;20;23;4;14","5",""
752,1052.6346,1024.2368,1450.2522,";;34;27;36;28;13*6;29;5;10;2*24;30;21;19;25;33;1;15*38;9;18;12;31;16;32;35;37;26;17;11*8;22;3;7;20;23;4;14","5",""
753,1049.7145,1024.2368,1352.1316,";;34;27;36;28;13*6;29;5;10;2*24;30;21;19;25;33;1;15*38;9;18;12;31;16;32;35;37;26;17;11*8;22;3;7;20;23;4;14","5",""
754,1026.1382,1024.2368,1117.4026,";;34;27;36;28;13*6;29;5;10;2*24;30;21;19;25;33;1;15*38;9;18;12;31;16;32;35;37;26;17;11*8;22;3;7;20;23;4;14","5",""
755,1037.139,1024.2368,1283.3505,";;34;27;36;28;13*6;29;5;10;2*24;30;21;19;25;33;1;15*38;9;18;12;31;16;32;35;37;26;17;11*8;22;3;7;20;23;4;14","5",""
756,1033.1725,1024.2368,1335.2866,";;34;27;36;28;13*6;29;5;10;2*24;30;21;19;25;33;1;15*38;9;18;12;31;16;32;35;37;26;17;11*8;22;3;7;20;23;4;14","5",""
757,1031.582,1024.2368,1260.422,";;34;27;36;28;13*6;29;5;10;2*24;30;21;19;25;33;1;15*38;9;18;12;31;16;32;35;37;26;17;11*8;22;3;7;20;23;4;14","5",""
758,1030.9171,1024.2368,1366.706,";;34;27;36;28;13*6;29;5;10;2*24;30;21;19;25;33;1;15*38;9;18;12;31;16;32;35;37;26;17;11*8;22;3;7;20;23;4;14","5",""
759,1032.0033,1024.2368,1317.9427,";;34;27;36;28;13*6;29;5;10;2*24;30;21;19;25;33;1;15*38;9;18;12;31;16;32;35;37;26;17;11*8;22;3;7;20;23;4;14","5",""
760,1038.1467,1024.2368,1544.189,";;34;27;36;28;13*6;29;5;10;2*24;30;21;19;25;33;1;15*38;9;18;12;31;16;32;35;37;26;17;11*8;22;3;7;20;23;4;14","5",""
761,1035.2654,1024.2368,1328.1852,";;34;27;36;28;13*6;29;5;10;2*24;30;21;19;25;33;1;15*38;9;18;12;31;16;32;35;37;26;17;11*8;22;3;7;20;23;4;14","5",""
762,1031.0421,1024.2368,1311.0295,";;34;27;36;28;13*6;29;5;10;2*24;30;21;19;25;33;1;15*38;9;18;12;31;16;32;35;37;26;17;11*8;22;3;7;20;23;4;14","5",""
763,1035.282,1024.2368,1307.1173,";;34;27;36;28;13*6;29;5;10;2*24;30;21;19;25;33;1;15*38;9;18;12;31;16;32;35;37;26;17;11*8;22;3;7;20;23;4;14","5",""
764,1037.4587,1024.2368,1335.7734,";;34;27;36;28;13*6;29;5;10;2*24;30;21;19;25;33;1;15*38;9;18;12;31;16;32;35;37;26;17;11*8;22;3;7;20;23;4;14","5",""
765,1024.757,1024.2368,1059.56,";;34;27;36;28;13*6;29;5;10;2*24;30;21;19;25;33;1;15*38;9;18;12;31;16;32;35;37;26;17;11*8;22;3;7;20;23;4;14","5",""
766,1044.9058,1024.2368,1488.8528,";;34;27;36;28;13*6;29;5;10;2*24;30;21;19;25;33;1;15*38;9;18;12;31;16;32;35;37;26;17;11*8;22;3;7;20;23;4;14","5",""
767,1036.7545,1024.2368,1497.3788,";;34;27;36;28;13*6;29;5;10;2*24;30;21;19;25;33;1;15*38;9;18;12;31;16;32;35;37;26;17;11*8;22;3;7;20;23;4;14","5",""
768,1037.6708,1024.2368,1374.2047,";;34;27;36;28;13*6;29;5;10;2*24;30;21;19;25;33;1;15*38;9;18;12;31;16;32;35;37;26;17;11*8;22;3;7;20;23;4;14","5",""
769,1049.3649,1024.2368,1465.5054,";;34;27;36;28;13*6;29;5;10;2*24;30;21;19;25;33;1;15*38;9;18;12;31;16;32;35;37;26;17;11*8;22;3;7;20;23;4;14","5",""
770,1033.1184,1024.2368,1275.096,";;34;27;36;28;13*6;29;5;10;2*24;30;21;19;25;33;1;15*38;9;18;12;31;16;32;35;37;26;17;11*8;22;3;7;20;23;4;14","5",""
771,1037.8519,1024.2368,1305.1763,";;34;27;36;28;13*6;29;5;10;2*24;30;21;19;25;33;1;15*38;9;18;12;31;16;32;35;37;26;17;11*8;22;3;7;20;23;4;14","5",""
772,1042.114,1024.2368,1520.554,";;34;27;36;28;13*6;29;5;10;2*24;30;21;19;25;33;1;15*38;9;18;12;31;16;32;35;37;26;17;11*8;22;3;7;20;23;4;14","5",""
773,1037.9753,1024.2368,1364.5327,";;34;27;36;28;13*6;29;5;10;2*24;30;21;19;25;33;1;15*38;9;18;12;31;16;32;35;37;26;17;11*8;22;3;7;20;23;4;14","5",""
774,1042.818,1024.2368,1316.0579,";;34;27;36;28;13*6;29;5;10;2*24;30;21;19;25;33;1;15*38;9;18;12;31;16;32;35;37;26;17;11*8;22;3;7;20;23;4;14","5",""
775,1031.868,1024.2368,1287.0049,";;34;27;36;28;13*6;29;5;10;2*24;30;21;19;25;33;1;15*38;9;18;12;31;16;32;35;37;26;17;11*8;22;3;7;20;23;4;14","5",""
776,1044.9254,1024.2368,1393.983,";;34;27;36;28;13*6;29;5;10;2*24;30;21;19;25;33;1;15*38;9;18;12;31;16;32;35;37;26;17;11*8;22;3;7;20;23;4;14","5",""
777,1035.9558,1024.2368,1313.2673,";;34;27;36;28;13*6;29;5;10;2*24;30;21;19;25;33;1;15*38;9;18;12;31;16;32;35;37;26;17;11*8;22;3;7;20;23;4;14","5",""
778,1033.7148,1024.2368,1309.0836,";;34;27;36;28;13*6;29;5;10;2*24;30;21;19;25;33;1;15*38;9;18;12;31;16;32;35;37;26;17;11*8;22;3;7;20;23;4;14","5",""
779,1037.4398,1024.2368,1449.063,";;34;27;36;28;13*6;29;5;10;2*24;30;21;19;25;33;1;15*38;9;18;12;31;16;32;35;37;26;17;11*8;22;3;7;20;23;4;14","5",""
780,1044.4233,1024.2368,1439.8639,";;34;27;36;10;13*6;29;5;28;2*24;30;21;19;25;33;1;15*38;9;18;12;31;16;32;35;37;26;17;11*8;22;3;7;20;23;4;14","5",""
781,1035.5675,1024.2368,1354.7595,";;34;27;36;28;13*6;29;5;10;2*24;30;21;19;25;33;1;15*38;9;18;12;31;16;32;35;37;26;17;11*8;22;3;7;20;23;4;14","5",""
782,1031.0244,1024.2368,1225.3386,";;34;27;36;28;13*6;29;5;10;2*24;30;21;19;25;33;1;15*38;9;18;12;31;16;32;35;37;26;17;11*8;22;3;7;20;23;4;14","5",""
783,1038.442,1024.2368,1363.0464,";;34;27;36;28;13*6;29;5;10;2*24;30;21;19;25;33;1;15*38;9;18;12;31;16;32;35;37;26;17;11*8;22;3;7;20;23;4;14","5",""
784,1035.9021,1024.2368,1198.7852,";;34;27;36;28;13*6;29;5;10;2*24;30;21;19;25;33;1;15*38;9;18;12;31;16;32;35;37;26;17;11*8;22;3;7;20;23;4;14","5",""
785,1028.5204,1024.2368,1174.3351,";;34;27;36;28;13*6;29;5;10;2*24;30;21;19;25;33;1;15*38;9;18;12;31;16;32;35;37;26;17;11*8;22;3;7;20;23;4;14","5",""
786,1039.792,1024.2368,1488.8528,";;34;27;36;28;13*6;29;5;10;2*24;30;21;19;25;33;1;15*38;9;18;12;31;16;32;35;37;26;17;11*8;22;3;7;20;23;4;14","5",""
787,1041.764,1024.2368,1337.3145,";;34;27;36;28;13*6;29;5;10;2*24;30;21;19;25;33;1;15*38;9;18;12;31;16;32;35;37;26;17;11*8;22;3;7;20;23;4;14","5",""
788,1028.2485,1024.2368,1301.178,";;34;27;36;28;13*6;29;5;10;2*24;30;21;19;25;33;1;15*38;9;18;12;31;16;32;35;37;26;17;11*8;22;3;7;20;23;4;14","5",""
789,1030.707,1024.2368,1220.0814,";;34;27;36;28;13*6;29;5;10;2*24;30;21;19;25;33;1;15*38;9;18;12;31;16;32;35;37;26;17;11*8;22;3;7;20;23;4;14","5",""
790,1034.6661,1024.2368,1269.5923,";;34;27;36;28;13*6;29;5;10;2*24;30;21;19;25;33;1;15*38;9;18;12;31;16;32;35;37;26;17;11*8;22;3;7;20;23;4;14","5",""
791,1031.1016,1024.2368,1339.3302,";;34;27;36;28;13*6;29;5;10;2*24;30;21;19;25;33;1;15*38;9;18;12;31;16;32;35;37;26;17;11*8;22;3;7;20;23;4;14","5",""
792,1040.483,1024.2368,1441.3905,";;34;27;36;28;13*6;29;5;10;2*24;30;21;19;25;18;1;15;38;9*33;12;31;16;32;35;37;26;17;11*8;22;3;7;20;23;4;14","5",""
793,1038.9613,1024.2368,1337.3145,";;34;27;36;28;13*6;29;5;10;2*24;30;21;19;25;33;1;15*38;9;18;12;31;16;32;35;37;26;17;11*8;22;3;7;20;23;4;14","5",""
794,1038.8403,1024.2368,1365.7236,";;34;27;36;28;13*6;29;5;10;2*24;30;21;19;25;33;1;15*38;9;18;12;31;16;32;35;37;26;17;11*8;22;3;7;20;23;4;14","5",""
795,1036.4644,1024.2368,1304.6903,";;34;27;36;28;13*6;29;5;10;2*24;30;21;19;25;33;1;15*38;9;18;12;31;16;32;35;37;26;17;11*8;22;3;7;20;23;4;14","5",""
796,1030.1243,1024.2368,1242.5664,";;34;27;36;28;13*6;29;5;10;2*24;30;21;19;25;33;1;15*38;9;18;12;31;16;32;35;37;26;17;11*8;22;3;7;20;23;4;14","5",""
797,1030.1265,1024.2368,1262.0067,";;34;27;36;28;13*6;29;5;10;2*24;1;21;19;25;33;30;15*38;9;18;12;31;16;32;35;37;26;17;11*8;22;3;7;20;23;4;14","5",""
798,1033.0546,1024.2368,1284.626,";;34;27;36;28;13*6;29;5;10;2*24;30;21;19;25;33;1;15*38;9;18;12;31;16;32;35;37;26;17;11*8;22;3;7;20;23;4;14","5",""
799,1029.966,1024.2368,1140.708,";;34;27;36;28;13*6;29;5;10;2*24;30;21;19;25;33;1;15*38;9;18;12;31;16;32;35;37;26;17;11*8;22;3;7;20;23;4;14","5",""
800,1037.6609,1024.2368,1367.6394,";;34;27;36;28;13*6;29;5;10;2*24;30;21;19;25;33;1;15*38;9;18;12;31;16;32;35;37;26;17;11*8;22;3;7;20;23;4;14","5",""
801,1029.6844,1024.2368,1188.9429,";;34;27;36;28;13*6;29;5;10;2*24;30;21;19;25;33;1;15*38;9;18;12;31;16;32;35;37;26;17;11*8;22;3;7;20;23;4;14","5",""
802,1032.7341,1024.2368,1317.9427,";;34;27;36;28;13*6;29;5;10;2*24;30;21;19;25;33;1;15*38;9;18;12;31;16;32;35;37;26;17;11*8;22;3;7;20;23;4;14","5",""
803,1026.9553,1024.2368,1205.7317,";;34;27;36;28;13*6;29;5;10;2*24;30;21;19;25;33;1;15*38;9;18;12;31;16;32;35;37;26;17;11*8;22;3;7;20;23;4;14","5",""
804,1028.6832,1024.2368,1201.4042,";;34;27;36;28;13*6;29;5;10;2*24;30;21;19;25;33;1;15*38;9;18;12;31;16;32;35;37;26;17;11*8;22;3;7;20;23;4;14","5",""
805,1027.4536,1024.2368,1178.423,";;34;27;36;28;13*6;29;5;10;2*24;30;21;19;25;33;1;15*38;9;18;12;31;16;32;35;37;26;17;11*8;22;3;7;20;23;4;14","5",""
806,1041.2466,1024.2368,1449.063,";;34;27;36;28;13*6;29;5;10;2*24;30;21;19;25;33;1;15*38;9;18;12;31;16;32;35;37;26;17;11*8;22;3;7;20;23;4;14","5",""
807,1042.1,1024.2368,1327.9106,";;34;27;36;28;13*6;29;5;10;2*24;30;21;19;25;33;1;15*38;9;18;12;31;16;32;35;37;26;17;11*8;22;3;7;20;23;4;14","5",""
808,1029.846,1024.2368,1294.2539,";;34;27;36;28;13*6;29;5;10;2*24;30;21;19;25;33;1;15*38;9;18;12;31;16;32;35;37;26;17;11*8;22;3;7;20;23;4;14","5",""
809,1033.0785,1024.2368,1450.322,";;34;27;36;28;13*6;29;5;10;2*24;30;21;19;25;33;1;15*38;9;18;12;31;16;32;35;37;26;17;11*8;22;3;7;20;23;4;14","5",""
810,1033.7766,1024.2368,1255.8528,";;34;27;36;28;13*6;29;5;10;2*24;30;21;19;25;33;1;15*38;9;18;12;31;16;32;35;37;26;17;11*8;22;3;7;20;23;4;14","5",""
811,1047.313,1024.2368,1359.3043,";;34;27;36;28;13*6;29;5;10;2*24;30;21;19;25;33;1;15*38;9;18;12;31;16;32;35;37;26;17;11*8;22;3;7;20;23;4;14","5",""
812,1030.7982,1024.2368,1303.5562,";;34;27;36;28;13*6;29;5;10;2*24;30;21;19;25;33;1;15*38;9;18;12;31;16;32;35;37;26;17;11*8;22;3;7;20;23;4;14","5",""
813,1030.8842,1024.2368,1332.9377,";;34;27;36;28;13*6;29;5;10;2*24;30;21;19;25;33;1;15*38;9;18;12;31;16;32;35;37;26;17;11*8;22;3;7;20;23;4;14","5",""
814,1034.5797,1024.2368,1337.3145,";;34;27;36;28;13*6;29;5;10;2*24;30;21;19;25;33;1;15*38;9;18;12;31;16;32;35;37;26;17;11*8;22;3;7;20;23;4;14","5",""
815,1035.8491,1024.2368,1403.2599,";;34;27;36;28;13*6;29;5;10;2*24;30;21;19;25;33;1;15*38;9;18;12;31;16;32;35;37;26;17;11*8;22;3;7;20;23;4;14","5",""
816,1037.0261,1024.2368,1287.5311,";;34;27;36;28;13*6;29;5;10;2*24;30;21;19;25;33;1;15*38;9;18;12;31;16;32;35;37;26;17;11*8;22;3;7;20;23;4;14","5",""
817,1034.7683,1024.2368,1528.036,";;34;27;36;28;13*6;29;5;10;2*24;30;21;19;25;33;1;15*38;9;18;12;31;16;32;35;37;26;17;11*8;22;3;7;20;23;4;14","5",""
818,1037.8185,1024.2368,1317.9427,";;34;27;36;28;13*6;29;5;10;2*24;30;21;19;25;33;1;15*38;9;18;12;31;16;32;35;37;26;17;11*8;22;3;7;20;23;4;14","5",""
819,1035.7229,1024.2368,1307.1173,";;34;27;36;28;13*6;29;5;10;2*24;30;21;19;25;33;1;15*38;9;18;12;31;16;32;35;37;26;17;11*8;22;3;7;20;23;4;14","5",""
820,1036.3876,1024.2368,1441.3905,";;34;27;36;28;13*6;29;5;10;2*24;30;21;19;25;33;1;15*38;9;18;12;31;16;32;35;37;26;17;11*8;22;3;7;20;23;4;14","5",""
821,1036.4352,1024.2368,1367.6394,";;34;27;36;28;13*6;29;5;10;2*24;30;21;19;25;33;1;15*38;9;18;12;31;16;32;35;37;26;17;11*8;22;3;7;20;23;4;14","5",""
822,1043.2314,1024.2368,1327.4763,";;34;27;36;28;13*6;29;5;10;2*24;30;21;19;25;33;1;15*38;9;18;12;31;16;32;35;37;26;17;11*8;22;3;7;20;23;4;14","5",""
823,1033.8765,1024.2368,1272.4036,";;34;27;36;28;13*6;29;5;10;2*24;30;21;19;25;33;1;15*38;9;18;12;31;16;32;35;37;26;17;11*8;22;3;7;20;23;4;14","5",""
824,1040.0461,1024.2368,1357.94,";;34;27;36;28;13*6;29;5;10;2*24;30;21;19;25;33;1;15*38;9;18;12;31;16;32;35;37;26;17;11*8;22;3;7;20;23;4;14","5",""
825,1034.2937,1024.2368,1344.7396,";;34;27;36;28;13*6;29;5;10;2*24;30;21;19;25;33;1;15*38;9;18;12;31;16;32;35;37;26;17;11*8;22;3;7;20;23;4;14","5",""
826,1039.0448,1024.2368,1461.4296,";;34;27;36;28;13*6;29;5;10;2*24;30;21;19;25;33;1;15*38;9;18;12;31;16;32;35;37;26;17;11*8;22;3;7;20;23;4;14","5",""
827,1038.5902,1024.2368,1322.779,";;34;27;36;28;13*6;29;5;10;2*24;30;21;19;25;33;1;15*38;9;18;12;31;16;32;35;37;26;17;11*8;22;3;7;20;23;4;14","5",""
828,1038.6624,1024.2368,1304.2507,";;34;27;36;28;13*6;29;5;10;2*24;30;21;19;25;33;1;15*38;9;18;12;31;16;32;35;37;26;17;11*8;22;3;7;20;23;4;14","5",""
829,1036.5076,1024.2368,1357.94,";;34;27;36;28;13*6;29;5;10;2*24;30;21;19;25;33;1;15*38;9;18;12;31;16;32;35;37;26;17;11*8;22;3;7;20;23;4;14","5",""
830,1048.918,1024.2368,1520.554,";;34;27;36;28;13*6;29;5;10;2*24;30;21;19;25;33;1;15*38;9;18;12;31;16;32;35;37;26;17;11*8;22;3;7;20;23;4;14","5",""
831,1032.6208,1024.2368,1288.3967,";;34;27;36;28;13*6;29;5;10;2*24;30;21;19;25;33;1;15*38;9;18;12;31;16;32;35;37;26;17;11*8;22;3;7;20;23;4;14","5",""
832,1036.1052,1020.5918,1450.322,";;34;27;36;28;13*6;29;5;10;2*24;30;21;19;25;33;1;15*38;9;18;12;31;20;32;35;37;26;17;11*8;22;3;7;16;23*4;14","6",""
833,1039.3112,1020.5918,1345.8563,";;34;27;36;28;13*6;29;5;10;2*24;30;21;19;25;33;1;15*38;9;18;12;31;20;32;35;37;26;17;11*8;22;3;7;16;23*4;14","6",""
834,1029.7775,1020.5918,1299.8898,";;34;27;36;28;13*6;29;5;10;2*24;30;21;19;25;33;1;15*38;9;18;12;31;20;32;35;37;26;17;11*8;22;3;7;16;23*4;14","6",""
835,1036.65,1020.5918,1424.65,";;34;27;36;28;13*6;29;5;10;2*24;30;21;19;25;33;1;15*38;9;18;12;31;20;32;35;37;26;17;11*8;22;3;7;16;23*4;14","6",""
836,1029.4961,1020.5918,1315.3649,";;34;27;36;28;13*6;29;5;10;2*24;30;21;19;25;33;1;15*38;9;18;12;31;20;32;35;37;26;17;11*8;22;3;7;16;23*4;14","6",""
837,1025.7969,1020.5918,1324.988,";;34;27;36;28;13*6;29;5;10;2*24;30;21;19;25;33;1;15*38;9;18;12;31;20;32;35;37;26;17;11*8;22;3;7;16;23*4;14","6",""
838,1042.2175,1020.5918,1359.4012,";;34;27;36;28;13*6;29;5;10;2*24;30;21;19;25;33;1;15*38;9;18;12;31;20;32;35;37;26;17;11*8;22;3;7;16;23*4;14","6",""
839,1030.1196,1020.5918,1309.2573,";;34;27;36;28;13*6;29;5;10;2*24;30;21;19;25;33;1;15*38;9;18;12;31;20;32;35;37;26;17;11*8;22;3;7;16;23*4;14","6",""
840,1029.6859,1020.5918,1249.9435,";;34;27;36;28;13*6;29;5;10;2*24;30;21;19;25;33;1;15*38;9;18;12;31;20;32;35;37;26;17;11*8;22;3;7;16;23*4;14","6",""
841,1030.8148,1020.5918,1246.3611,";;34;27;36;28;13*6;29;5;10;2*24;30;21;19;25;33;1;15*38;9;18;12;31;20;32;35;37;26;17;11*8;22;3;7;16;23*4;14","6",""
842,1025.17,1020.5918,1143.5911,";;34;27;36;28;13*6;29;5;10;2*24;30;21;19;25;33;1;15*38;9;18;12;31;20;32;35;37;26;17;11*8;22;3;7;16;23*4;14","6",""
843,1041.1046,1020.5918,1362.0345,";;34;27;36;28;13*6;29;5;10;2*24;30;21;19;25;33;1;15*38;9;18;12;31;20;32;35;37;26;17;11*8;22;3;7;16;23*4;14","6",""
844,1025.5875,1020.5918,1261.8605,";;34;27;36;28;13*6;29;5;10;2*24;30;21;19;25;33;1;15*38;9;18;12;31;20;32;35;37;26;17;11*8;22;3;7;16;23*4;14","6",""
845,1029.4521,1020.5918,1314.2976,";;34;27;36;28;13*6;29;5;10;2*24;30;21;19;25;33;1;15*38;9;18;12;31;20;32;35;37;26;17;11*8;22;3;7;16;23*4;14","6",""
846,1033.661,1020.5918,1331.1182,";;34;27;36;28;13*6;29;5;10;2*24;30;21;19;25;33;1;15*38;9;18;12;31;20;32;35;37;26;17;11*8;22;3;7;16;23*4;14","6",""
847,1030.5607,1020.5918,1335.9728,";;34;27;36;28;13*6;29;5;10;2*24;30;21;19;25;33;1;15*38;9;18;12;31;20;32;35;37;26;17;11*8;22;3;7;16;23*4;14","6",""
848,1030.5858,1020.5918,1389.781,";;34;27;36;28;13*6;29;5;10;2*24;30;21;19;25;33;1;15*38;9;18;12;31;20;32;35;37;26;17;11*8;22;3;7;16;23*4;14","6",""
849,1041.6968,1020.5918,1459.955,";;34;27;36;28;13*6;29;5;10;2*24;30;21;19;25;33;1;15*38;9;18;12;31;20;32;35;37;26;17;11*8;22;3;7;16;23*4;14","6",""
850,1027.2831,1020.5918,1277.2706,";;34;27;36;28;13*6;29;5;10;2*24;30;21;19;25;33;1;15*38;9;18;12;31;20;32;35;37;26;17;11*8;22;3;7;16;23*4;14","6",""
851,1026.5216,1020.5918,1302.7168,";;34;27;36;28;13*6;29;5;10;2*24;30;21;19;25;33;1;15*38;9;18;12;31;20;32;35;37;26;17;11*8;22;3;7;16;23*4;14","6",""
852,1029.4308,1020.5918,1337.0901,";;34;27;36;28;13*6;29;5;10;2*24;30;21;19;25;33;1;15*38;9;18;12;31;20;32;35;37;26;17;11*8;22;3;7;16;23*4;14","6",""
853,1037.9948,1020.5918,1395.433,";;34;27;36;28;13*6;29;5;10;2*24;30;21;19;25;33;1;15*38;9;18;12;31;20;32;35;37;26;17;11*8;22;3;7;16;23*4;14","6",""
854,1038.8785,1020.5918,1459.955,";;34;27;36;28;13*6;29;5;10;2*24;30;21;19;25;33;1;15*38;9;18;12;31;20;32;35;37;26;17;11*8;22;3;7;16;23*4;14","6",""
855,1026.1569,1020.5918,1238.7937,";;34;27;36;28;13*6;29;5;10;2*24;30;21;19;25;33;1;15*38;9;18;12;31;20;32;35;37;26;17;11*8;22;3;7;16;23*4;14","6",""
856,1033.6466,1020.5918,1325.6384,";;34;27;36;28;13*6;29;5;10;2*24;30;21;19;25;33;1;15*38;9;18;12;31;20;32;35;37;26;17;11*8;22;3;7;16;23*4;14","6",""
857,1046.5266,1020.5918,1424.7485,";;34;27;36;28;13*6;29;5;10;2*24;30;21;19;25;33;1;15*38;9;18;12;31;20;32;35;37;26;17;11*8;22;3;7;16;23*4;14","6",""
858,1032.1619,1020.5918,1348.4991,";;34;27;36;28;13*6;29;5;10;2*24;30;21;19;25;33;1;15*38;9;18;12;31;20;32;35;37;26;17;11*8;22;3;7;16;23*4;14","6",""
859,1029.6837,1020.5918,1503.8555,";;34;27;36;28;13*6;29;5;10;2*24;30;21;19;25;33;1;15*38;9;18;12;31;20;32;35;37;26;17;11*8;22;3;7;16;23*4;14","6",""
860,1028.9543,1020.5918,1235.1758,";;34;27;36;28;13*6;29;5;10;2*24;30;21;19;25;33;1;15*38;9;18;12;31;20;32;35;37;26;17;11*8;22;3;7;16;23*4;14","6",""
861,1027.4862,1020.5918,1212.3179,";;34;27;36;28;13*6;29;5;10;2*24;30;21;19;25;33;1;15*38;9;18;12;31;20;32;35;37;26;17;11*8;22;3;7;16;23*4;14","6",""
862,1032.2245,1020.5918,1381.244,";;34;27;36;28;13*6;29;5;10;2*24;30;21;19;25;33;1;15*38;9;18;12;31;20;32;35;37;26;17;11*8;22;3;7;16;23*4;14","6",""
863,1029.9658,1020.5918,1362.8103,";;34;27;36;28;13*6;29;5;10;2*24;30;21;19;25;33;1;15*38;9;18;12;31;20;32;35;37;26;17;11*8;22;3;7;16;23*4;14","6",""
864,1027.0376,1020.5918,1294.682,";;34;27;36;28;13*6;29;5;10;2*24;30;21;19;25;33;1;15*38;9;18;12;31;20;32;35;37;26;17;11*8;22;3;7;16;23*4;14","6",""
865,1033.0298,1020.5918,1292.722,";;34;27;36;28;13*6;29;5;10;2*24;30;21;19;25;33;1;15*38;9;18;12;31;20;32;35;37;26;17;11*8;22;3;7;16;23*4;14","6",""
866,1028.3604,1020.5918,1287.223,";;34;27;36;28;13*6;29;5;10;2*24;30;21;19;25;33;1;15*38;9;18;12;31;20;32;35;37;26;17;11*8;22;3;7;16;23*4;14","6",""
867,1035.0426,1020.5918,1319.0675,";;34;27;36;28;13*6;29;5;10;2*24;30;21;19;25;33;1;15*38;9;18;12;31;20;32;35;37;26;17;11*8;22;3;7;16;23*4;14","6",""
868,1033.802,1020.5918,1335.024,";;34;27;36;28;13*6;29;5;10;2*24;30;21;19;25;33;1;15*38;9;18;12;31;20;32;35;37;26;17;11*8;22;3;7;16;23*4;14","6",""
869,1028.6835,1020.5918,1348.4095,";;34;27;36;28;13*6;29;5;10;2*24;30;21;19;25;33;1;15*38;9;18;12;31;20;32;35;37;26;17;11*8;22;3;7;16;23*4;14","6",""
870,1041.1583,1020.5918,1324.988,";;34;27;36;28;13*6;29;5;10;2*24;30;21;19;25;33;1;15*38;9;18;12;31;20;32;35;37;26;17;11*8;22;3;7;16;23*4;14","6",""
871,1052.8016,1020.5918,1517.7623,";;34;27;36;28;13*6;29;5;10;2*24;30;21;19;25;33;1;15*38;9;18;12;31;20;32;35;37;26;17;11*8;22;3;7;16;23*4;14","6",""
872,1063.3677,1020.5918,1498.0114,";;34;27;36;28;13*6;29;5;10;2*24;30;21;19;25;33;1;15*38;9;18;12;31;20;32;35;37;26;17;11*8;22;3;7;16;23*4;14","6",""
873,1028.7549,1020.5918,1319.0675,";;34;27;36;28;13*6;29;5;10;2*24;30;21;19;25;33;1;15*38;9;18;12;31;20;32;35;37;26;17;11*8;22;3;7;16;23*4;14","6",""
874,1023.97626,1020.5918,1159.4465,";;34;27;36;28;13*6;29;5;10;2*24;30;21;19;25;33;1;15*38;9;18;12;31;20;32;35;37;26;17;11*8;22;3;7;16;23*4;14","6",""
875,1036.5878,1020.5918,1326.5063,";;34;27;36;28;13*6;29;5;10;2*24;30;21;19;25;33;1;15*38;9;18;12;31;20;32;35;37;26;17;11*8;22;3;7;16;23*4;14","6",""
876,1044.7546,1020.5918,1459.955,";;34;27;36;28;13*6;29;5;10;2*24;30;21;19;25;33;1;15*38;9;18;12;31;20;32;35;37;26;17;11*8;22;3;7;16;23*4;14","6",""
877,1033.2275,1020.5918,1389.781,";;34;27;36;28;13*6;29;5;10;2*24;30;21;19;25;33;1;15*38;9;18;12;31;20;32;35;37;26;17;11*8;22;3;7;16;23*4;14","6",""
878,1045.732,1020.5918,1498.0114,";;34;27;36;28;13*6;29;5;10;2*24;30;21;19;25;33;1;15*38;9;18;12;31;20;32;35;37;26;17;11*8;22;3;7;16;23*4;14","6",""
879,1041.35,1020.5918,1359.4012,";;34;27;36;28;13*6;29;5;10;2*24;30;21;19;25;33;1;15*38;9;18;12;31;20;32;35;37;26;17;11*8;22;3;7;16;23*4;14","6",""
880,1029.2285,1020.5918,1517.7623,";;34;27;36;28;13*6;29;5;10;2*24;30;21;19;25;33;1;15*38;9;18;12;31;20;32;35;37;26;17;11*8;22;3;7;16;23*4;14","6",""
881,1031.3049,1020.5918,1324.461,";;34;27;36;28;13*6;29;5;10;2*24;30;21;19;25;33;1;15*38;9;18;12;31;20;32;35;37;26;17;11*8;22;3;7;16;23*4;14","6",""
882,1032.8567,1020.5918,1344.9128,";;34;27;36;28;13*6;29;5;10;2*24;30;21;19;25;33;1;15*38;9;18;12;31;20;32;35;37;26;17;11*8;22;3;7;16;23*4;14","6",""
883,1032.5135,1020.5918,1475.9393,";;34;27;36;28;13*6;29;5;10;2*24;30;21;19;25;33;1;15*38;9;18;12;31;20;32;35;37;26;17;11*8;22;3;7;16;23*4;14","6",""
884,1029.4528,1020.5918,1308.8503,";;34;27;36;28;13*6;29;5;10;2*24;30;21;19;25;33;1;15*38;9;18;12;31;20;32;35;37;26;17;11*8;22;3;7;16;23*4;14","6",""
885,1022.65454,1020.5918,1196.0271,";;34;27;36;28;13*6;29;5;10;2*24;30;21;19;25;33;1;15*38;9;18;12;31;20;32;35;37;26;17;11*8;22;3;7;16;23*4;14","6",""
886,1026.2412,1020.5918,1258.8123,";;34;27;36;28;13*6;29;5;10;2*24;30;21;19;25;33;1;15*38;9;18;12;31;20;32;35;37;26;17;11*8;22;3;7;16;23*4;14","6",""
887,1028.6274,1020.5918,1245.8868,";;34;27;36;28;13*6;29;5;10;2*24;30;21;19;25;33;1;15*38;9;18;12;31;20;32;35;37;26;17;11*8;22;3;7;16;23*4;14","6",""
888,1027.889,1020.5918,1299.911,";;34;27;36;28;13*6;29;5;10;2*24;30;21;19;25;33;1;15*38;9;18;12;31;20;32;35;37;26;17;11*8;22;3;7;16;23*4;14","6",""
889,1043.6807,1020.5918,1496.9481,";;34;27;36;28;13*6;29;5;10;2*24;30;21;19;25;33;1;15*38;9;18;12;31;20;32;35;37;26;17;11*8;22;3;7;16;23*4;14","6",""
890,1036.4014,1020.5918,1335.9728,";;34;27;36;28;13*6;29;5;10;2*24;30;21;19;25;33;1;15*38;9;18;12;31;20;32;35;37;26;17;11*8;22;3;7;16;23*4;14","6",""
891,1032.2292,1020.5918,1503.8555,";;34;27;36;28;13*6;29;5;10;2*24;30;21;19;25;33;1;15*38;9;18;12;31;20;32;35;37;26;17;11*8;22;3;7;16;23*4;14","6",""
892,1030.4432,1020.5918,1339.3326,";;34;27;36;28;13*6;29;5;10;2*24;30;21;19;25;33;1;15*38;9;18;12;31;20;32;35;37;26;17;11*8;22;3;7;16;23*4;14","6",""
893,1038.1985,1020.5918,1424.65,";;34;27;36;28;13*6;29;5;10;2*24;30;21;19;25;33;1;15*38;9;18;12;31;20;32;35;37;26;17;11*8;22;3;7;16;23*4;14","6",""
894,1044.9845,1020.5918,1454.5134,";;34;27;36;28;13*6;29;5;10;2*24;30;21;19;25;33;1;15*38;9;18;12;31;20;32;35;37;26;17;11*8;22;3;7;16;23*4;14","6",""
895,1030.3575,1020.5918,1424.65,";;34;27;36;28;13*6;29;5;10;2*24;30;21;19;25;33;1;15*38;9;18;12;31;20;32;35;37;26;17;11*8;22;3;7;16;23*4;14","6",""
896,1025.0945,1020.5918,1148.8785,";;34;27;36;28;13*6;29;5;10;2*24;30;21;19;25;33;1;15*38;9;18;12;31;20;32;35;37;26;17;11*8;22;3;7;16;23*4;14","6",""
897,1035.2504,1020.5918,1280.5588,";;34;27;36;28;13*6;29;5;10;2*24;30;21;19;25;33;1;15*38;9;18;12;31;20;32;35;37;26;17;11*8;22;3;7;16;23*4;14","6",""
898,1032.5223,1020.5918,1324.2692,";;34;27;36;28;13*6;29;5;10;2*24;30;21;19;25;33;1;15*38;9;18;12;31;20;32;35;37;26;17;11*8;22;3;7;16;23*4;14","6",""
899,1027.928,1020.5918,1287.1545,";;34;27;36;28;13*6;29;5;10;2*24;30;21;19;25;33;1;15*38;9;18;12;31;20;32;35;37;26;17;11*8;22;3;7;16;23*4;14","6",""
900,1033.3131,1020.5918,1291.4781,";;34;27;36;28;13*6;29;5;10;2*24;30;21;19;25;33;1;15*38;9;18;12;31;20;32;35;37;26;17;11*8;22;3;7;16;23*4;14","6",""
901,1031.0599,1020.5918,1289.4061,";;34;27;36;28;13*6;29;5;10;2*24;30;21;19;25;33;1;15*38;9;18;12;31;20;32;35;37;26;17;11*8;22;3;7;16;23*4;14","6",""
902,1031.2113,1020.5918,1245.5386,";;34;27;36;28;13*6;29;5;10;2*24;30;21;19;25;33;1;15*38;9;18;12;31;20;32;35;37;26;17;11*8;22;3;7;16;23*4;14","6",""
903,1032.7878,1020.5918,1359.4012,";;34;27;36;28;13*6;29;5;10;2*24;30;21;19;25;33;1;15*38;9;18;12;31;20;32;35;37;26;17;11*8;22;3;7;16;23*4;14","6",""
904,1035.0398,1020.5918,1308.5594,";;34;27;36;28;13*6;29;5;10;2*24;30;21;19;25;33;1;15*38;9;18;12;31;20;32;35;37;26;17;11*8;22;3;7;16;23*4;14","6",""
905,1030.9868,1020.5918,1354.8743,";;34;27;36;28;13*6;29;5;10;2*24;30;21;19;25;33;1;15*38;9;18;12;31;20;32;35;37;26;17;11*8;22;3;7;16;23*4;14","6",""
906,1025.6858,1020.5918,1291.1042,";;34;27;36;28;13*6;29;5;10;2*24;30;21;19;25;33;1;15*38;9;18;12;31;20;32;35;37;26;17;11*8;22;3;7;16;23*4;14","6",""
907,1033.0837,1020.5918,1324.2692,";;34;27;36;28;13*6;29;5;10;2*24;30;21;19;25;33;1;15*38;9;18;12;31;20;32;35;37;26;17;11*8;22;3;7;16;23*4;14","6",""
908,1037.45,1020.5918,1354.2948,";;34;27;36;28;13*6;29;5;10;2*24;30;21;19;25;33;1;15*38;9;18;12;31;20;32;35;37;26;17;11*8;22;3;7;16;23*4;14","6",""
909,1021.7857,1020.5918,1102.6381,";;34;27;36;28;13*6;29;5;10;2*24;30;21;19;25;33;1;15*38;9;18;12;31;20;32;35;37;26;17;11*8;22;3;7;16;23*4;14","6",""
910,1042.7365,1020.5918,1423.3231,";;34;27;36;28;13*6;29;5;10;2*24;30;21;19;25;33;1;15*38;9;18;12;31;20;32;35;37;26;17;11*8;22;3;7;16;23*4;14","6",""
911,1029.1432,1020.5918,1382.9403,";;34;27;36;28;13*6;29;5;10;2*24;30;21;19;25;33;1;15*38;9;18;12;31;20;32;35;37;26;17;11*8;22;3;7;16;23*4;14","6",""
912,1036.6769,1020.5918,1462.7137,";;34;27;36;28;13*6;29;5;10;2*24;30;21;19;25;33;1;15*38;9;18;12;31;20;32;35;37;26;17;11*8;22;3;7;16;23*4;14","6",""
913,1028.0338,1020.5918,1256.5565,";;34;27;36;28;13*6;29;5;10;2*24;30;21;19;25;33;1;15*38;9;18;12;31;20;32;35;37;26;17;11*8;22;3;7;16;23*4;14","6",""
914,1022.0653,1020.5918,1167.8175,";;34;27;36;28;13*6;29;5;10;2*24;30;21;19;25;33;1;15*38;9;18;12;31;20;32;35;37;26;17;11*8;22;3;7;16;23*4;14","6",""
915,1033.5804,1020.5918,1423.3231,";;34;27;36;28;13*6;29;5;10;2*24;30;21;19;25;33;1;15*38;9;18;12;31;20;32;35;37;26;17;11*8;22;3;7;16;23*4;14","6",""
916,1031.313,1020.5918,1389.781,";;34;27;36;28;13*6;29;5;10;2*24;30;21;19;25;33;1;15*38;9;18;12;31;20;32;35;37;26;17;11*8;22;3;7;16;23*4;14","6",""
917,1028.065,1020.5918,1322.5897,";;34;27;36;28;13*6;29;5;10;2*24;30;21;19;25;33;1;15*38;9;18;12;31;20;32;35;37;26;17;11*8;22;3;7;16;23*4;14","6",""
918,1030.6598,1020.5918,1330.1461,";;34;27;36;28;13*6;29;5;10;2*24;30;21;19;25;33;1;15*38;9;18;12;31;20;32;35;37;26;17;11*8;22;3;7;16;23*4;14","6",""
919,1035.878,1020.5918,1291.0055,";;34;27;36;28;13*6;29;5;10;2*24;30;21;19;25;33;1;15*38;9;18;12;31;20;32;35;37;26;17;11*8;22;3;7;16;23*4;14","6",""
920,1027.9261,1020.5918,1314.3572,";;34;27;36;28;13*6;29;5;10;2*24;30;21;19;25;33;1;15*38;9;18;12;31;20;32;35;37;26;17;11*8;22;3;7;16;23*4;14","6",""
921,1037.0496,1020.5918,1300.8292,";;34;27;36;28;13*6;29;5;10;2*24;30;21;19;25;33;1;15*38;9;18;12;31;20;32;35;37;26;17;11*8;22;3;7;16;23*4;14","6",""
922,1033.3682,1020.5918,1351.2712,";;34;27;36;28;13*6;29;5;10;2*24;30;21;19;25;33;1;15*38;9;18;12;31;20;32;35;37;26;17;11*8;22;3;7;16;23*4;14","6",""
923,1044.5752,1020.5918,1424.65,";;34;27;36;28;13*6;29;5;10;2*24;30;21;19;25;33;1;15*38;9;18;12;31;20;32;35;37;26;17;11*8;22;3;7;16;23*4;14","6",""
924,1030.7227,1020.5918,1287.223,";;34;27;36;28;13*6;29;5;10;2*24;30;21;19;25;33;1;15*38;9;18;12;31;20;32;35;37;26;17;11*8;22;3;7;16;23*4;14","6",""
925,1032.0822,1020.5918,1249.0343,";;34;27;36;28;13*6;29;5;10;2*24;30;21;19;25;33;1;15*38;9;18;12;31;20;32;35;37;26;17;11*8;22;3;7;16;23*4;14","6",""
926,1035.3547,1020.5918,1517.7623,";;34;27;36;28;13*6;29;5;10;2*24;30;21;19;25;33;1;15*38;9;18;12;31;20;32;35;37;26;17;11*8;22;3;7;16;23*4;14","6",""
927,1037.2343,1020.5918,1359.4012,";;34;27;36;28;13*6;29;5;10;2*24;30;21;19;25;33;1;15*38;9;18;12;31;20;32;35;37;26;17;11*8;22;3;7;16;23*4;14","6",""
928,1029.1058,1020.5918,1348.1278,";;34;27;36;28;13*6;29;5;10;2*24;30;21;19;25;33;1;15*38;9;18;12;31;20;32;35;37;26;17;11*8;22;3;7;16;23*4;14","6",""
929,1031.0785,1020.5918,1423.3231,";;34;27;36;28;13*6;29;5;10;2*24;30;21;19;25;33;1;15*38;9;18;12;31;20;32;35;37;26;17;11*8;22;3;7;16;23*4;14","6",""
930,1025.7477,1020.5918,1356.4304,";;34;27;36;28;13*6;29;5;10;2*24;30;21;19;25;33;1;15*38;9;18;12;31;20;32;35;37;26;17;11*8;22;3;7;16;23*4;14","6",""
931,1038.0872,1020.5918,1324.461,";;34;27;36;28;13*6;29;5;10;2*24;30;21;19;25;33;1;15*38;9;18;12;31;20;32;35;37;26;17;11*8;22;3;7;16;23*4;14","6",""
932,1038.9972,1020.5918,1322.3773,";;34;27;36;28;13*6;29;5;10;2*24;30;21;19;25;33;1;15*38;9;18;12;31;20;32;35;37;26;17;11*8;22;3;7;16;23*4;14","6",""
933,1026.0856,1020.5918,1271.1787,";;34;27;36;28;13*6;29;5;10;2*24;30;21;19;25;33;1;15*38;9;18;12;31;20;32;35;37;26;17;11*8;22;3;7;16;23*4;14","6",""
934,1034.2333,1020.5918,1291.0055,";;34;27;36;28;13*6;29;5;10;2*24;30;21;19;25;33;1;15*38;9;18;12;31;20;32;35;37;26;17;11*8;22;3;7;16;23*4;14","6",""
935,1035.6345,1020.5918,1287.223,";;34;27;36;28;13*6;29;5;10;2*24;30;21;19;25;33;1;15*38;9;18;12;31;20;32;35;37;26;17;11*8;22;3;7;16;23*4;14","6",""
936,1048.3077,1020.5918,1496.9481,";;34;27;36;28;13*6;29;5;10;2*24;30;21;19;25;33;1;15*38;9;18;12;31;20;32;35;37;26;17;11*8;22;3;7;16;23*4;14","6",""
937,1026.9016,1020.5918,1209.6183,";;34;27;36;28;13*6;29;5;10;2*24;30;21;19;25;33;1;15*38;9;26;12;31;20;32;35;37;18;17;11*8;22;3;7;16;23*4;14","6",""
938,1036.2068,1020.5918,1558.8986,";;34;27;36;28;13*6;29;5;10;2*24;30;21;19;25;33;1;15*38;9;18;12;31;20;32;35;37;26;17;11*8;22;3;7;16;23*4;14","6",""
939,1024.4998,1020.5918,1139.1796,";;34;27;36;28;13*6;29;5;10;2*24;30;21;19;25;33;1;15*38;9;18;12;31;20;32;35;37;26;17;11*8;22;3;7;16;23*4;14","6",""
940,1030.9816,1020.5918,1302.7168,";;34;27;36;28;13*6;29;5;10;2*24;30;21;19;25;33;1;15*38;9;18;12;31;20;32;35;37;26;17;11*8;22;3;7;16;23*4;14","6",""
941,1037.4766,1020.5918,1333.3468,";;34;27;36;28;13*6;29;5;10;2*24;30;21;19;25;33;1;15*38;9;18;12;31;20;32;35;37;26;17;11*8;22;3;7;16;23*4;14","6",""
942,1029.8951,1020.5918,1277.7448,";;34;27;36;28;13*6;29;5;10;2*24;30;21;19;25;33;1;15*38;9;18;12;31;20;32;35;37;26;17;11*8;22;3;7;16;23*4;14","6",""
943,1035.3352,1020.5918,1356.4304,";;34;27;36;28;13*6;29;5;10;2*24;30;21;19;25;33;1;15*38;9;18;12;31;20;32;35;37;26;17;11*8;22;3;7;16;23*4;14","6",""
944,1036.4625,1020.5918,1347.9147,";;34;27;36;28;13*6;29;5;10;2*24;30;21;19;25;33;1;15*38;9;18;12;31;20;32;35;37;26;17;11*8;22;3;7;16;23*4;14","6",""
945,1034.9786,1020.5918,1354.877,";;34;27;36;28;13*6;29;5;10;2*24;30;21;19;25;33;1;15*38;9;18;12;31;20;32;35;37;26;17;11*8;22;3;7;16;23*4;14","6",""
946,1036.6768,1020.5918,1311.0402,";;34;27;36;28;13*6;29;5;10;2*24;30;21;19;25;33;1;15*38;9;18;12;31;20;32;35;37;26;17;11*8;22;3;7;16;23*4;14","6",""
947,1036.1792,1020.5918,1385.8296,";;34;27;36;28;13*6;29;5;10;2*24;30;21;19;25;33;1;15*38;9;18;12;31;20;32;35;37;26;17;11*8;22;3;7;16;23*4;14","6",""
948,1049.2468,1020.5918,1347.9147,";;34;27;36;28;13*6;29;5;10;2*24;30;21;19;25;33;1;15*38;9;18;12;31;20;32;35;37;26;17;11*8;22;3;7;16;23*4;14","6",""
949,1027.7539,1020.5918,1470.1567,";;34;27;36;28;13*6;29;5;10;2*24;30;21;19;25;33;1;15*38;9;18;12;31;20;32;35;37;26;17;11*8;22;3;7;16;23*4;14","6",""
950,1042.5037,1020.5918,1381.244,";;34;27;36;28;13*6;29;5;10;2*24;30;21;19;25;33;1;15*38;9;18;12;31;20;32;35;37;26;17;11*8;22;3;7;16;23*4;14","6",""
951,1034.8427,1020.5918,1294.682,";;34;27;36;28;13*6;29;5;10;2*24;30;21;19;25;33;1;15*38;9;18;12;31;20;32;35;37;26;17;11*8;22;3;7;16;23*4;14","6",""
952,1029.8025,1020.5918,1297.0143,";;34;27;36;28;13*6;29;5;10;2*24;30;21;19;25;33;1;15*38;9;18;12;31;20;32;35;37;26;17;11*8;22;3;7;16;23*4;14","6",""
953,1032.6718,1020.5918,1330.1461,";;34;27;36;28;13*6;29;5;10;2*24;30;21;19;25;33;1;15*38;9;18;12;31;20;32;35;37;26;17;11*8;22;3;7;16;23*4;14","6",""
954,1039.5104,1020.5918,1498.0114,";;34;27;36;28;13*6;29;5;10;2*24;30;21;19;25;33;1;15*38;9;18;12;31;20;32;35;37;26;17;11*8;22;3;7;16;23*4;14","6",""
955,1030.3123,1020.5918,1349.9656,";;34;27;36;28;13*6;29;5;10;2*24;30;21;19;25;33;1;15*38;9;18;12;31;20;32;35;37;26;17;11*8;22;3;7;16;23*4;14","6",""
956,1030.6361,1020.5918,1381.175,";;34;27;36;28;13*6;29;5;10;2*24;30;21;19;25;33;1;15*38;9;18;12;31;20;32;35;37;26;17;11*8;22;3;7;16;23*4;14","6",""
957,1029.2095,1020.5918,1494.8442,";;34;27;36;28;13*6;29;5;10;2*24;30;21;19;25;33;1;15*38;9;18;12;31;20;32;35;37;26;17;11*8;22;3;7;16;23*4;14","6",""
958,1033.7288,1020.5918,1347.9147,";;34;27;36;28;13*6;29;5;10;2*24;30;21;19;25;33;1;15*38;9;18;12;31;20;32;35;37;26;17;11*8;22;3;7;16;23*4;14","6",""
959,1035.2045,1020.5918,1289.8053,";;34;27;36;28;13*6;29;5;10;2*24;30;21;19;25;33;1;15*38;9;18;12;31;20;32;35;37;26;17;11*8;22;3;7;16;23*4;14","6",""
960,1027.7198,1020.5918,1322.3773,";;34;27;36;28;13*6;29;5;10;2*24;30;21;19;25;33;1;15*38;9;18;12;31;20;32;35;37;26;17;11*8;22;3;7;16;23*4;14","6",""
961,1027.4915,1020.5918,1279.3489,";;34;27;36;28;13*6;29;5;10;2*24;30;21;19;25;33;1;15*38;9;18;12;31;20;32;35;37;26;17;11*8;22;3;7;16;23*4;14","6",""
962,1032.7765,1020.5918,1332.9818,";;34;27;36;28;13*6;29;5;10;2*24;30;21;19;25;33;1;15*38;9;18;12;31;20;32;35;37;26;17;11*8;22;3;7;16;23*4;14","6",""
963,1042.5275,1020.5918,1371.4131,";;34;27;36;28;13*6;29;5;10;2*24;30;21;19;25;33;1;15*38;9;18;12;31;20;32;35;37;26;17;11*8;22;3;7;16;23*4;14","6",""
964,1037.3953,1020.5918,1338.7946,";;34;27;36;28;13*6;29;5;10;2*24;30;21;19;25;33;1;15*38;9;18;12;31;20;32;35;37;26;17;11*8;22;3;7;16;23*4;14","6",""
965,1035.7477,1020.5918,1405.2947,";;34;27;36;28;13*6;29;5;10;2*24;30;21;19;25;33;1;15*38;9;18;12;31;20;32;35;37;26;17;11*8;22;3;7;16;23*4;14","6",""
966,1045.4806,1020.5918,1344.9128,";;34;27;36;28;13*6;29;5;10;2*24;30;21;19;25;33;1;15*38;9;18;12;31;20;32;35;37;26;17;11*8;22;3;7;16;23*4;14","6",""
967,1025.201,1020.5918,1237.0817,";;34;27;36;28;13*6;29;5;10;2*24;30;21;19;25;33;1;15*38;9;18;12;31;20;32;35;37;26;17;11*8;22;3;7;16;23*4;14","6",""
968,1049.7991,1020.5918,1348.4991,";;34;27;36;28;13*6;29;5;10;2*24;30;21;19;25;33;1;15*38;9;18;12;31;20;32;35;37;26;17;11*8;22;3;7;16;23*4;14","6",""
969,1035.0292,1020.5918,1337.0901,";;34;27;36;28;13*6;29;5;10;2*24;30;21;19;25;33;1;15*38;9;18;12;31;20;32;35;37;26;17;11*8;22;3;7;16;23*4;14","6",""
970,1044.1024,1020.5918,1375.7261,";;34;27;36;28;13*6;29;5;10;2*24;30;21;19;25;33;1;15*38;9;18;12;31;20;32;35;37;26;17;11*8;22;3;7;16;23*4;14","6",""
971,1027.7195,1020.5918,1446.2714,";;34;27;36;28;13*6;29;5;10;2*24;30;21;19;25;33;1;15*38;9;18;12;31;20;32;35;37;26;17;11*8;22;3;7;16;23*4;14","6",""
972,1028.6084,1020.5918,1350.077,";;34;27;36;28;13*6;29;5;10;2*24;30;21;19;25;9;1;15;38*33;18;12;31;20;32;35;37;26;17;11*8;22;3;7;16;23*4;14","6",""
973,1041.6838,1020.5918,1341.0146,";;34;27;36;28;13*6;29;5;10;2*24;30;21;19;25;33;1;15*38;9;18;12;31;20;32;35;37;26;17;11*8;22;3;7;16;23*4;14","6",""
974,1027.8109,1020.5918,1232.4895,";;34;27;36;28;13*6;29;5;10;2*24;30;21;19;25;33;1;15*38;9;18;12;31;20;32;35;37;26;17;11*8;22;3;7;16;23*4;14","6",""
975,1024.996,1020.5918,1153.4186,";;34;27;36;28;13*6;29;5;10;2*24;30;21;19;25;33;1;15*38;9;18;12;31;20;32;35;37;26;17;11*8;22;3;7;16;23*4;14","6",""
976,1032.3595,1020.5918,1280.5394,";;34;27;36;28;13*6;29;5;10;2*24;30;21;19;25;33;1;15*38;9;18;12;31;20;32;35;37;26;17;11*8;22;3;7;16;23*4;14","6",""
977,1027.2643,1020.5918,1290.9723,";;34;27;36;28;13*6;29;5;10;2*24;30;21;19;25;33;1;15*38;9;18;12;31;20;32;35;37;26;17;11*8;22;3;7;16;23*4;14","6",""
978,1038.0139,1020.5918,1239.4049,";;34;27;36;28;13*6;29;5;10;2*24;30;21;19;25;33;1;15*38;9;18;12;31;20;32;35;37;26;17;11*8;22;3;7;16;23*4;14","6",""
979,1032.3478,1020.5918,1336.5109,";;34;27;36;28;13*6;29;5;10;2*24;30;21;19;25;33;1;15*38;9;18;12;31;20;32;35;37;26;17;11*8;22;3;7;16;23*4;14","6",""
980,1030.8269,1020.5918,1279.3489,";;34;27;36;28;13*6;29;5;10;2*24;30;21;19;25;33;1;15*38;9;18;12;31;20;32;35;37;26;17;11*8;22;3;7;16;23*4;14","6",""
981,1027.7408,1020.5918,1375.7261,";;34;27;36;28;13*6;29;5;10;2*24;30;21;19;25;33;1;15*38;9;18;12;31;20;32;35;37;26;17;11*8;22;3;7;16;23*4;14","6",""
982,1046.9688,1020.5918,1449.0023,";;34;27;36;28;13*6;29;5;10;2*24;30;21;19;25;33;1;15*38;9;18;12;31;20;32;35;37;26;17;11*8;22;3;7;16;23*4;14","6",""
983,1032.5547,1020.5918,1322.5897,";;34;27;36;28;13*6;29;5;10;2*24;30;21;19;25;33;1;15*38;9;18;12;31;20;32;35;37;26;17;11*8;22;3;7;16;23*4;14","6",""
984,1022.99945,1020.5918,1261.2317,";;34;27;36;28;13*6;29;5;10;2*24;30;21;19;25;33;1;15*38;9;18;12;31;20;32;35;37;26;17;11*8;22;3;7;16;23*4;14","6",""
985,1024.9792,1020.5918,1219.5627,";;34;27;36;28;13*6;29;5;10;2*24;30;21;19;25;33;1;15*38;9;18;12;31;20;32;35;37;26;17;11*8;22;3;7;16;23*4;14","6",""
986,1033.6799,1020.5918,1305.2614,";;34;27;36;28;13*6;29;5;10;2*24;30;21;19;25;33;1;15*38;9;18;12;31;20;32;35;37;26;17;11*8;22;3;7;16;23*4;14","6",""
987,1028.4513,1020.5918,1356.4304,";;34;27;36;28;13*6;29;5;10;2*24;30;21;19;25;33;1;15*38;9;18;12;31;20;32;35;37;26;17;11*8;22;3;7;16;23*4;14","6",""
988,1033.3031,1020.5918,1317.7633,";;34;27;36;28;13*6;29;5;10;2*24;30;21;19;25;17;1;15;38;9*18;12;31;20;32;35;37;26;33;11*8;22;3;7;16;23*4;14","6",""
989,1035.3267,1020.5918,1335.4454,";;34;27;36;28;13*6;29;5;10;2*24;30;21;19;25;33;1;15*38;9;18;12;31;20;32;35;37;26;17;11*8;22;3;7;16;23*4;14","6",""
990,1037.0626,1020.5918,1338.7946,";;34;27;36;28;13*6;29;5;10;2*24;30;21;19;25;33;1;15*38;9;18;12;31;20;32;35;37;26;17;11*8;22;3;7;16;23*4;14","6",""
991,1041.6393,1020.5918,1351.2712,";;34;27;36;28;13*6;29;5;10;2*24;30;21;19;25;33;1;15*38;9;18;12;31;20;32;35;37;26;17;11*8;22;3;7;16;23*4;14","6",""
992,1022.8842,1020.5918,1121.028,";;34;27;36;28;13*6;29;5;10;2*24;30;21;19;25;33;1;15*38;9;18;12;31;20;32;35;37;26;17;11*8;22;3;7;16;23*4;14","6",""
993,1036.1931,1020.5918,1517.7623,";;34;27;36;28;13*6;29;5;10;2*24;30;21;19;25;33;1;15*38;9;18;12;31;20;32;35;37;26;17;11*8;22;3;7;16;23*4;14","6",""
994,1027.0621,1020.5918,1496.9481,";;34;27;36;28;13*6;29;5;10;2*24;30;21;19;25;33;1;15*38;9;18;12;31;20;32;35;37;26;17;11*8;22;3;7;16;23*4;14","6",""
995,1025.3534,1020.5918,1291.4781,";;34;27;36;28;13*6;29;5;10;2*24;30;21;19;25;33;1;15*38;9;18;12;31;20;32;35;37;26;17;11*8;22;3;7;16;23*4;14","6",""
996,1029.6472,1020.5918,1332.3151,";;34;27;36;28;13*6;29;5;10;2*24;30;21;19;25;33;1;15*38;9;18;12;31;20;32;35;37;26;17;11*8;22;3;7;16;23*4;14","6",""
997,1041.373,1020.5918,1454.5134,";;34;27;36;28;13*6;29;5;10;2*24;30;21;19;25;33;1;15*38;9;18;12;31;20;32;35;37;26;17;11*8;22;3;7;16;23*4;14","6",""
998,1042.8967,1020.5918,1454.5134,";;34;27;36;28;13*6;29;5;10;2*24;30;21;19;25;33;1;15*38;9;18;12;31;20;32;35;37;26;17;11*8;22;3;7;16;23*4;14","6",""
999,1037.7506,1020.5918,1382.9403,";;34;27;36;28;13*6;29;5;10;2*24;30;21;19;25;33;1;15*38;9;18;12;31;20;32;35;37;26;17;11*8;22;3;7;16;23*4;14","6",""
1000,1030.996,1020.5918,1424.65,";;34;27;36;28;13*6;29;5;10;2*24;30;21;19;25;33;1;15*38;9;18;12;31;20;32;35;37;26;17;11*8;22;3;7;16;23*4;14","6",""
1001,1029.5616,1020.5918,1217.4026,";;34;27;36;28;13*6;29;5;10;2*24;30;21;19;25;33;1;15*38;9;18;12;31;20;32;35;37;26;17;11*8;22;3;7;16;23*4;14","6",""
1002,1035.9504,1020.5918,1326.5063,";;34;27;36;28;13*6;29;5;10;2*24;30;21;19;25;33;1;15*38;9;18;12;31;20;32;35;37;26;17;11*8;22;3;7;16;23*4;14","6",""
1003,1028.9069,1020.5918,1359.0743,";;34;27;36;28;13*6;29;5;10;2*24;30;21;19;25;33;1;15*38;9;18;12;31;20;32;35;37;26;17;11*8;22;3;7;16;23*4;14","6",""
1004,1037.4598,1020.5918,1398.321,";;34;27;36;28;13*6;29;5;10;2*24;30;21;19;25;33;1;15*38;9;18;12;31;20;32;35;37;26;17;11*8;22;3;7;16;23*4;14","6",""
1005,1031.2296,1020.5918,1258.3616,";;34;27;36;28;13*6;29;5;10;2*24;30;21;19;25;33;1;15*38;9;18;12;31;20;32;35;37;26;17;11*8;22;3;7;16;23*4;14","6",""
1006,1029.3352,1020.5918,1213.7285,";;34;27;36;28;13*6;29;5;10;2*24;30;21;19;25;33;1;15*38;9;18;12;31;20;32;35;37;26;17;11*8;22;3;7;16;23*4;14","6",""
1007,1025.9052,1020.5918,1502.5903,";;34;27;36;28;13*6;29;5;10;2*24;30;21;19;25;33;1;15*38;9;18;12;31;20;32;35;37;26;17;11*8;22;3;7;16;23*4;14","6",""
1008,1031.2251,1020.5918,1345.5726,";;34;27;36;28;13*6;29;5;10;2*24;30;21;19;25;33;1;15*38;9;18;12;31;20;32;35;37;26;17;11*8;22;3;7;16;23*4;14","6",""
1009,1037.2222,1020.5918,1485.6163,";;34;27;36;28;13*6;29;5;10;2*24;30;21;19;25;33;1;15*38;9;18;12;31;20;32;35;37;26;17;11*8;22;3;7;16;23*4;14","6",""
1010,1029.5084,1020.5918,1359.0743,";;34;27;36;28;13*6;29;5;10;2*24;30;21;19;25;33;1;15*38;9;18;12;31;20;32;35;37;26;17;11*8;22;3;7;16;23*4;14","6",""
1011,1025.6636,1020.5918,1258.3616,";;34;27;36;28;13*6;29;5;10;2*24;30;21;19;25;33;1;15*38;9;18;12;31;20;32;35;37;22;17;11;8*26;3;7;16;23;4;14","5",""
1012,1022.49023,1020.5918,1115.4813,";;34;27;36;28;13*6;29;5;10;2*24;30;21;19;25;33;1;15*38;9;18;12;31;20;32;35;37;26;17;11*8;22;3;7;16;23*4;14","6",""
1013,1026.7996,1020.5918,1297.8777,";;34;27;36;28;13*6;29;5;10;2*24;30;21;19;25;33;1;15*38;9;18;12;31;20;32;35;37;26;17;11*8;22;3;7;16;23*4;14","6",""
1014,1037.6061,1020.5918,1277.2706,";;34;27;36;28;13*6;29;5;10;2*24;30;21;19;25;33;1;15*38;9;18;12;31;20;32;35;37;26;17;11*8;22;3;7;16;23*4;14","6",""
1015,1032.5233,1020.5918,1324.988,";;34;27;36;28;13*6;29;5;10;2*24;30;21;19;25;33;1;15*38;9;18;12;31;20;32;35;37;26;17;11*8;22;3;7;16;23*4;14","6",""
1016,1032.027,1020.5918,1337.0901,";;34;27;36;28;13*6;29;5;10;2*24;30;21;19;25;33;1;15*38;9;18;12;31;20;32;35;37;26;17;11*8;22;3;7;16;23*4;14","6",""
1017,1030.9807,1020.5918,1364.8477,";;34;27;36;28;13*6;29;5;10;2*24;30;21;19;25;33;1;15*38;9;18;12;31;20;32;35;37;26;17;11*8;22;3;7;16;23*4;14","6",""
1018,1040.7355,1020.5918,1433.3711,";;34;27;36;28;13*6;29;5;10;2*24;30;21;19;25;33;1;15*38;9;18;12;31;20;32;35;37;26;17;11*8;22;3;7;16;23*4;14","6",""
1019,1032.7588,1020.5918,1380.6136,";;34;27;36;28;13*6;29;5;10;2*24;30;21;19;25;33;1;15*38;9;18;12;31;20;32;35;37;26;17;11*8;22;3;7;16;23*4;14","6",""
1020,1029.6605,1020.5918,1502.5903,";;34;27;36;28;13*6;29;5;10;2*24;30;21;19;25;33;1;15*38;9;18;12;31;20;32;35;37;26;17;11*8;22;3;7;16;23*4;14","6",""
1021,1038.0597,1020.5918,1330.1461,";;34;27;36;28;13*6;29;5;10;2*24;30;21;19;25;33;1;15*38;9;18;12;31;20;32;35;37;26;17;11*8;22;3;7;16;23*4;14","6",""
1022,1035.6831,1020.5918,1332.3151,";;34;27;36;28;13*6;29;5;10;2*24;30;21;19;25;33;1;15*38;9;18;12;31;20;32;35;37;26;17;11*8;22;3;7;16;23*4;14","6",""
1023,1041.2397,1020.5918,1383.7654,";;34;27;36;28;13*6;29;5;10;2*24;30;21;19;25;33;1;15*38;9;18;12;31;20;32;35;37;26;17;11*8;22;3;7;16;23*4;14","6",""
1024,1027.3414,1020.5918,1371.4131,";;34;27;36;28;13*6;29;5;10;2*24;30;21;19;25;33;1;15*38;9;18;12;31;20;32;35;37;26;17;11*8;22;3;7;16;23*4;14","6",""
1025,1035.1093,1020.5918,1470.1567,";;34;27;36;28;13*6;29;5;10;2*24;30;21;19;25;33;1;15*38;9;18;12;31;20;32;35;37;26;17;11*8;22;3;7;16;23*4;14","6",""
1026,1038.6279,1020.5918,1517.7623,";;34;27;36;28;13*6;29;5;10;2*24;30;21;19;25;33;1;15*38;9;18;12;31;20;32;35;37;26;17;11*8;22;3;7;16;23*4;14","6",""
1027,1031.5145,1020.5918,1299.911,";;34;27;36;28;13*6;29;5;10;2*24;30;21;19;25;33;1;15*38;9;18;12;31;20;32;35;37;26;17;11*8;22;3;7;16;23*4;14","6",""
1028,1031.4602,1020.5918,1389.781,";;34;27;36;28;13*6;29;5;10;2*24;30;21;19;25;33;1;15*38;9;18;12;31;20;32;35;37;26;17;11*8;22;3;7;16;23*4;14","6",""
1029,1032.352,1020.5918,1308.5594,";;34;27;36;28;13*6;29;5;10;2*24;30;21;19;25;33;1;15*38;9;18;12;31;20;32;35;37;26;17;11*8;22;3;7;16;23*4;14","6",""
1030,1024.6863,1020.5918,1125.1907,";;34;27;36;28;13*6;29;5;10;2*24;30;21;19;25;33;1;15*38;9;18;12;31;20;32;35;37;26;17;11*8;22;3;7;16;23*4;14","6",""
1031,1042.6633,1020.5918,1494.8442,";;34;27;36;28;13*6;29;5;10;2*24;30;21;19;25;33;1;15*38;9;18;12;31;20;32;35;37;26;17;11*8;22;3;7;16;23*4;14","6",""
1032,1031.3735,1020.5918,1348.4095,";;34;27;36;28;13*6;29;5;10;2*24;30;21;19;25;33;1;15*38;9;18;12;31;20;32;35;37;26;17;11*8;22;3;7;16;23*4;14","6",""
1033,1042.4419,1020.5918,1424.65,";;34;27;36;28;13*6;29;5;10;2*24;30;21;19;25;33;1;15*38;9;18;12;31;20;32;35;37;26;17;11*8;22;3;7;16;23*4;14","6",""
1034,1039.7871,1020.5918,1433.3711,";;34;27;36;28;13*6;29;5;10;2*24;30;21;19;25;33;1;15*38;9;18;12;31;20;32;35;37;26;17;11*8;22;3;7;16;23*4;14","6",""
1035,1024.6937,1020.5918,1291.7983,";;34;27;36;28;13*6;29;5;10;2*24;30;21;19;25;33;1;15*38;9;18;12;31;20;32;35;37;26;17;11*8;22;3;7;16;23*4;14","6",""
1036,1037.8966,1020.5918,1337.0901,";;34;27;36;28;13*6;29;5;10;2*24;30;21;19;25;33;1;15*38;9;18;12;31;20;32;35;37;26;17;11*8;22;3;7;16;23*4;14","6",""
1037,1025.3685,1020.5918,1184.0195,";;34;27;36;28;13*6;29;5;10;2*24;30;21;19;25;33;1;15*38;9;18;12;31;20;32;35;37;26;17;11*8;22;3;7;16;23*4;14","6",""
1038,1030.6925,1020.5918,1381.244,";;34;27;36;28;13*6;29;5;10;2*24;30;21;19;25;33;1;15*38;9;18;12;31;20;32;35;37;26;17;11*8;22;3;7;16;23*4;14","6",""
1039,1057.4948,1020.5918,1341.0146,";;34;27;36;28;13*6;29;5;10;2*24;30;21;19;25;33;1;15*38;9;18;12;31;20;32;35;37;26;17;11*8;22;3;7;16;23*4;14","6",""
1040,1030.4973,1020.5918,1389.781,";;34;27;36;28;13*6;29;5;10;2*24;30;21;19;25;33;1;15*38;9;18;12;31;20;32;35;37;26;17;11*8;22;3;7;16;23*4;14","6",""
1041,1026.1779,1020.5918,1332.3151,";;34;27;36;28;13*6;29;5;10;2*24;30;21;19;25;33;1;15*38;9;18;12;31;20;32;35;37;26;17;11*8;22;3;7;16;23*4;14","6",""
1042,1026.5754,1020.5918,1237.0817,";;34;27;36;28;13*6;29;5;10;2*24;30;21;19;25;33;1;15*38;9;18;12;31;20;32;35;37;26;17;11*8;22;3;7;16;23*4;14","6",""
1043,1047.6154,1020.5918,1454.5134,";;34;27;36;28;13*6;29;5;10;2*24;30;21;19;25;33;1;15*38;9;18;12;31;20;32;35;37;26;17;11*8;22;3;7;16;23*4;14","6",""
1044,1031.0465,1020.5918,1342.2112,";;34;27;36;28;13*6;29;5;10;2*24;30;21;19;25;33;1;15*38;9;18;12;31;20;32;35;37;26;17;11*8;22;3;7;16;23*4;14","6",""
1045,1029.218,1020.5918,1348.1278,";;34;27;36;28;13*6;29;5;10;2*24;30;21;19;25;33;1;15*38;9;18;12;31;20;32;35;37;26;17;11*8;22;3;7;16;23*4;14","6",""
1046,1036.0908,1020.5918,1481.6705,";;34;27;36;28;13*6;29;5;10;2*24;30;21;19;25;33;1;15*38;9;18;12;31;20;32;35;37;26;17;11*8;22;3;7;16;23*4;14","6",""
1047,1035.4991,1020.5918,1291.0055,";;34;27;36;28;13*6;29;5;10;2*24;30;21;19;25;33;1;15*38;9;18;12;31;20;32;35;37;26;17;11*8;22;3;7;16;23*4;14","6",""
1048,1027.4321,1020.5918,1214.7402,";;34;27;36;28;13*6;29;5;10;2*24;30;21;19;25;33;1;15*38;9;18;12;31;20;32;35;37;26;17;11*8;22;3;7;16;23*4;14","6",""
1049,1035.28,1020.5918,1341.0215,";;34;27;36;28;13*6;29;5;10;2*24;30;21;19;25;33;1;15*38;9;18;12;31;20;32;35;37;26;17;11*8;22;3;7;16;23*4;14","6",""
1050,1044.1681,1020.5918,1396.0105,";;34;27;36;28;13*6;29;5;10;2*24;30;21;19;25;33;1;15*38;9;18;12;31;20;32;35;37;26;17;11*8;22;3;7;16;23*4;14","6",""
1051,1034.5975,1020.5918,1354.8743,";;34;27;36;28;13*6;29;5;10;2*24;30;21;19;25;33;1;15*38;9;18;12;31;20;32;35;37;26;17;11*8;22;3;7;16;23*4;14","6",""
1052,1028.9828,1020.5918,1187.7784,";;34;27;36;28;13*6;29;5;10;2*24;30;21;19;25;33;1;15*38;9;18;12;31;20;32;35;37;26;17;11*8;22;3;7;16;23*4;14","6",""
1053,1028.5344,1020.5918,1310.0903,";;34;27;36;28;13*6;29;5;10;2*24;30;21;19;25;33;1;15*38;9;18;12;31;20;32;35;37;26;17;11*8;22;3;7;16;23*4;14","6",""
1054,1027.091,1020.5918,1219.5627,";;34;27;36;28;13*6;29;5;10;2*24;30;21;19;25;33;1;15*38;9;18;12;31;20;32;35;37;26;17;11*8;22;3;7;16;23*4;14","6",""
1055,1040.0182,1020.5918,1359.4012,";;34;27;36;28;13*6;29;5;10;2*24;30;21;19;25;33;1;15*38;9;18;12;31;20;32;35;37;26;17;11*8;22;3;7;16;23*4;14","6",""
1056,1041.792,1020.5918,1385.8296,";;34;27;36;28;13*6;29;5;10;2*24;30;21;19;25;33;1;15*38;9;18;12;31;20;32;35;37;26;17;11*8;22;3;7;16;23*4;14","6",""
1057,1031.9625,1020.5918,1354.8743,";;34;27;36;28;13*6;29;5;10;2*24;30;21;19;25;33;1;15*38;9;18;12;31;20;32;35;37;26;17;11*8;22;3;7;16;23*4;14","6",""
1058,1023.2888,1020.5918,1217.4026,";;34;27;36;28;13*6;29;5;10;2*24;30;21;19;25;33;1;15*38;9;18;12;31;20;32;35;37;26;17;11*8;22;3;7;16;23*4;14","6",""
1059,1023.7548,1020.5918,1148.5428,";;34;27;36;28;13*6;29;5;10;2*24;30;21;19;25;33;1;15*38;9;18;12;31;20;32;35;37;26;17;11*8;22;3;7;16;23*4;14","6",""
1060,1050.0359,1020.5918,1494.8442,";;34;27;36;28;13*6;29;5;10;2*24;30;21;19;25;33;1;15*38;9;18;12;31;20;32;35;37;26;17;11*8;22;3;7;16;23*4;14","6",""
1061,1038.1625,1020.5918,1290.9723,";;34;27;36;28;13*6;29;5;10;2*24;30;21;19;25;33;1;15*38;9;18;12;31;20;32;35;37;26;17;11*8;22;3;7;16;23*4;14","6",""
1062,1031.9714,1020.5918,1372.3531,";;34;27;36;28;13*6;29;5;10;2*24;30;21;19;25;33;1;15*38;9;18;12;31;20;32;35;37;26;17;11*8;22;3;7;16;23*4;14","6",""
1063,1042.898,1020.5918,1362.0345,";;34;27;36;28;13*6;29;5;10;2*24;30;21;19;25;33;1;15*38;9;18;12;31;20;32;35;37;26;17;11*8;22;3;7;16;23*4;14","6",""
1064,1036.495,1020.5918,1293.4427,";;34;27;36;28;13*6;29;5;10;2*24;30;21;19;25;33;1;15*38;9;18;12;31;20;32;35;37;26;17;11*8;22;3;7;16;23*4;14","6",""
1065,1027.7544,1020.5918,1383.7654,";;34;27;36;28;13*6;29;5;10;2*24;30;21;19;25;33;1;15*38;9;18;12;31;20;32;35;37;26;17;11*8;22;3;7;16;23*4;14","6",""
1066,1036.1234,1020.5918,1381.244,";;34;27;36;28;13*6;29;5;10;2*24;30;21;19;25;33;1;15*38;9;18;12;31;20;32;35;37;26;17;11*8;22;3;7;16;23*4;14","6",""
1067,1032.5844,1020.5918,1393.1125,";;34;27;36;28;13*6;29;5;10;2*24;30;21;19;25;33;1;15*38;9;18;12;31;20;32;35;37;26;17;11*8;22;3;7;16;23*4;14","6",""
1068,1037.8779,1020.5918,1494.8442,";;34;27;36;28;13*6;29;5;10;2*24;30;21;19;25;33;1;15*38;9;18;12;31;20;32;35;37;26;17;11*8;22;3;7;16;23*4;14","6",""
1069,1026.91,1020.5918,1331.1182,";;34;27;36;28;13*6;29;5;10;2*24;30;21;19;25;33;1;15*38;9;18;12;31;20;32;35;37;26;17;11*8;22;3;7;16;23*4;14","6",""
1070,1025.2446,1020.5918,1171.0985,";;34;27;36;28;13*6;29;5;10;2*24;30;21;19;25;33;1;15*38;9;18;12;31;20;32;35;37;26;17;11*8;22;3;7;16;23*4;14","6",""
1071,1028.7953,1020.5918,1249.8413,";;34;27;36;28;13*6;29;5;10;2*24;30;21;19;25;33;1;15*38;9;18;12;31;20;32;35;37;26;17;11*8;22;3;7;16;23*4;14","6",""
1072,1028.3265,1020.5918,1341.0146,";;34;27;36;28;13*6;29;5;10;2*24;30;21;19;25;33;1;15*38;9;18;12;31;20;32;35;37;26;17;11*8;22;3;7;16;23*4;14","6",""
1073,1036.8411,1020.5918,1350.077,";;34;27;36;28;13*6;29;5;10;2*24;30;21;19;25;33;1;15*38;9;18;12;31;20;32;35;37;26;17;11*8;22;3;7;16;23*4;14","6",""
1074,1032.3593,1020.5918,1335.024,";;34;27;36;28;13*6;29;5;10;2*24;30;21;19;25;33;1;15*38;9;18;12;31;20;32;35;37;26;17;11*8;22;3;7;16;23*4;14","6",""
1075,1041.2933,1020.5918,1395.433,";;34;27;36;28;13*6;29;5;10;2*24;30;21;19;25;33;1;15*38;9;18;12;31;20;32;35;37;26;17;11*8;22;3;7;16;23*4;14","6",""
1076,1027.3899,1020.5918,1219.7823,";;34;27;36;28;13*6;29;5;10;2*24;30;21;19;25;33;1;15*38;9;18;12;31;20;32;35;37;26;17;11*8;22;3;7;16;23*4;14","6",""
1077,1030.7996,1020.5918,1267.0793,";;34;27;36;28;13*6;29;5;10;2*24;30;21;19;25;33;1;15*38;9;18;12;31;20;32;35;37;26;17;11*8;22;3;7;16;23*4;14","6",""
1078,1034.7719,1020.5918,1480.5986,";;34;27;36;28;13*6;29;5;10;2*24;30;21;19;25;33;1;15*38;9;18;12;31;20;32;35;37;26;17;11*8;22;3;7;16;23*4;14","6",""
1079,1025.3579,1020.5918,1303.99,";;34;27;36;28;13*6;29;5;10;2*24;30;21;19;25;33;1;15*38;9;18;12;31;20;32;35;37;26;17;11*8;22;3;7;16;23*4;14","6",""
1080,1035.6578,1020.5918,1393.1125,";;34;27;36;28;13*6;29;5;10;2*24;30;21;19;25;33;1;15*38;9;18;12;31;20;32;35;37;26;17;11*8;22;3;7;16;23*4;14","6",""
1081,1031.6663,1020.5918,1293.7458,";;34;27;36;28;13*6;29;5;10;2*24;30;21;19;25;33;1;15*38;9;18;12;31;20;32;35;37;26;17;11*8;22;3;7;16;23*4;14","6",""
1082,1024.639,1020.5918,1148.4084,";;34;27;36;28;13*6;29;5;10;2*24;30;21;19;25;33;1;15*38;9;18;12;31;20;32;35;37;26;17;11*8;22;3;7;16;23*4;14","6",""
1083,1030.4691,1020.5918,1498.0114,";;34;27;36;28;13*6;29;5;10;2*24;30;21;19;25;33;1;15*38;9;18;12;31;20;32;35;37;26;17;11*8;22;3;7;16;23*4;14","6",""
1084,1033.3036,1020.5918,1290.6088,";;34;27;36;28;13*6;29;5;10;2*24;30;21;19;25;33;1;15*38;9;18;12;31;20;32;35;37;26;17;11*8;22;3;7;16;23*4;14","6",""
1085,1039.2937,1020.5918,1326.5063,";;34;27;36;28;13*6;29;5;10;2*24;30;21;19;25;33;1;15*38;9;18;12;31;20;32;35;37;26;17;11*8;22;3;7;16;23*4;14","6",""
1086,1026.4531,1020.5918,1249.0343,";;34;27;36;28;13*6;29;5;10;2*24;30;21;19;25;33;1;15*38;9;18;12;31;20;32;35;37;26;17;11*8;22;3;7;16;23*4;14","6",""
1087,1041.9434,1020.5918,1382.9403,";;34;27;36;28;13*6;29;5;10;2*24;30;21;19;25;33;1;15*38;9;18;12;31;20;32;35;37;26;17;11*8;22;3;7;16;23*4;14","6",""
1088,1034.5809,1020.5918,1498.0114,";;34;27;36;28;13*6;29;5;10;2*24;30;21;19;25;33;1;15*38;9;18;12;31;20;32;35;37;26;17;11*8;22;3;7;16;23*4;14","6",""
1089,1026.396,1020.5918,1330.2931,";;34;27;36;28;13*6;29;5;10;2*24;30;21;19;25;33;1;15*38;9;18;12;31;20;32;35;37;26;17;11*8;22;3;7;16;23*4;14","6",""
1090,1042.1119,1020.5918,1462.7137,";;34;27;36;28;13*6;29;5;10;2*24;30;21;19;25;33;1;15*38;9;18;12;31;20;32;35;37;26;17;11*8;22;3;7;16;23*4;14","6",""
1091,1031.932,1020.5918,1324.2692,";;34;27;36;28;13*6;29;5;10;2*24;30;21;19;25;33;1;15*38;9;18;12;31;20;32;35;37;26;17;11*8;22;3;7;16;23*4;14","6",""
1092,1027.8867,1020.5918,1241.6804,";;34;27;36;28;13*6;29;5;10;2*24;30;21;19;25;33;1;15*38;9;18;12;31;20;32;35;37;26;17;11*8;22;3;7;16;23*4;14","6",""
1093,1032.0045,1020.5918,1375.0896,";;34;27;36;28;13*6;29;5;10;2*24;30;21;19;25;33;1;15*38;9;18;12;31;20;32;35;37;26;17;11*8;22;3;7;16;23*4;14","6",""
1094,1035.9141,1020.5918,1381.175,";;34;27;36;28;13*6;29;5;10;2*24;30;21;19;25;33;1;15*38;9;18;12;31;20;32;35;37;26;17;11*8;22;3;7;16;23*4;14","6",""
1095,1038.1223,1020.5918,1381.244,";;34;27;36;28;13*6;29;5;10;2*24;30;21;19;25;33;1;15*38;9;18;12;31;20;32;35;37;26;17;11*8;22;3;7;16;23*4;14","6",""
1096,1036.587,1020.5918,1356.5955,";;34;27;36;28;13*6;29;5;10;2*24;30;21;19;25;33;1;15*38;9;18;12;31;20;32;35;37;26;17;11*8;22;3;7;16;23*4;14","6",""
1097,1041.1163,1020.5918,1356.5955,";;34;27;36;28;13*6;29;5;10;2*24;30;21;19;25;33;1;15*38;9;18;12;31;20;32;35;37;26;17;11*8;22;3;7;16;23*4;14","6",""
1098,1025.4961,1020.5918,1175.6394,";;34;27;36;28;13*6;29;5;10;2*24;30;21;19;25;33;1;15*38;9;18;12;31;20;32;35;37;26;17;11*8;22;3;7;16;23*4;14","6",""
1099,1037.615,1020.5918,1303.99,";;34;27;36;28;13*6;29;5;10;2*24;30;21;19;25;33;1;15*38;9;18;12;31;20;32;35;37;26;17;11*8;22;3;7;16;23*4;14","6",""
1100,1039.751,1020.5918,1347.0314,";;34;27;36;28;13*6;29;5;10;2*24;30;21;19;25;33;1;15*38;9;18;12;31;20;32;35;37;26;17;11*8;22;3;7;16;23*4;14","6",""
1101,1048.6294,1020.5918,1532.9471,";;34;27;36;28;13*6;29;5;10;2*24;30;21;19;25;33;1;15*38;9;18;12;31;20;32;35;37;26;17;11*8;22;3;7;16;23*4;14","6",""
1102,1033.3698,1020.5918,1396.0105,";;34;27;36;28;13*6;29;5;10;2*24;30;21;19;25;33;1;15*38;9;18;12;31;20;32;35;37;26;17;11*8;22;3;7;16;23*4;14","6",""
1103,1040.8737,1020.5918,1324.6846,";;34;27;36;28;13*6;29;5;10;2*24;30;21;19;25;33;1;15*38;9;18;12;31;20;32;35;37;26;17;11*8;22;3;7;16;23*4;14","6",""
1104,1031.986,1020.5918,1257.8722,";;34;27;36;28;13*6;29;5;10;2*24;30;21;19;25;33;1;15*38;9;18;12;31;20;32;35;37;26;17;11*8;22;3;7;16;23*4;14","6",""
1105,1026.229,1020.5918,1207.9569,";;34;27;36;28;13*6;29;5;10;2*24;30;21;19;25;33;1;15*38;9;18;12;31;20;32;35;37;26;17;11*8;22;3;7;16;23*4;14","6",""
1106,1031.4667,1020.5918,1502.5903,";;34;27;36;28;13*6;29;5;10;2*24;30;21;19;25;33;1;15*38;9;18;12;31;20;32;35;37;26;17;11*8;22;3;7;16;23*4;14","6",""
1107,1030.2351,1020.5918,1311.0402,";;34;27;36;28;13*6;29;5;10;2*24;30;21;19;25;33;1;15*38;9;18;12;31;20;32;35;37;26;17;11*8;22;3;7;16;23*4;14","6",""
1108,1032.9476,1020.5918,1302.9752,";;34;27;36;28;13*6;29;5;10;2*24;30;21;19;25;33;1;15*38;9;18;12;31;20;32;35;37;26;17;11*8;22;3;7;16;23*4;14","6",""
1109,1038.7194,1020.5918,1345.5726,";;34;27;36;28;13*6;29;5;10;2*24;30;21;19;25;33;1;15*38;9;18;12;31;20;32;35;37;26;17;11*8;22;3;7;16;23*4;14","6",""
1110,1033.1047,1020.5918,1230.4113,";;34;27;36;28;13*6;29;5;10;2*24;30;21;19;25;33;1;15*38;9;18;12;31;20;32;35;37;26;17;11*8;22;3;7;16;23*4;14","6",""
1111,1027.2004,1020.5918,1424.65,";;34;27;36;28;13*6;29;5;10;2*24;30;21;19;25;33;1;15*38;9;18;12;31;20;32;35;37;26;17;11*8;22;3;7;16;23*4;14","6",""
1112,1034.4467,1020.5918,1367.0538,";;34;16;36;28;13*6;29;5;10;2*24;30;21;19;25;33;1;15*38;9;18;12;31;20;32;35;37;26;17;11*8;22;3;7;27;23;4*14","6",""
1113,1052.5411,1020.5918,1364.447,";;34;27;36;28;13*6;29;5;10;2*24;30;21;19;25;33;1;15*38;9;18;12;31;20;32;35;37;26;17;11*8;22;3;7;16;23*4;14","6",""
1114,1041.4415,1020.5918,1496.9481,";;34;27;36;28;13*6;29;5;10;2*24;30;21;19;25;33;1;15*38;9;18;12;31;20;32;35;37;26;17;11*8;22;3;7;16;23*4;14","6",""
1115,1029.8026,1020.5918,1209.3826,";;34;27;36;28;13*6;29;5;10;2*24;30;21;19;25;33;1;15*38;9;18;12;31;20;32;35;37;26;17;11*8;22;3;7;16;23*4;14","6",""
1116,1035.336,1020.5918,1331.1182,";;34;27;36;28;13*6;29;5;10;2*24;30;21;19;25;33;1;15*38;9;18;12;31;20;32;35;37;26;17;11*8;22;3;7;16;23*4;14","6",""
1117,1028.2816,1020.5918,1348.4095,";;34;27;36;28;13*6;29;5;10;2*24;30;21;19;25;33;1;15*38;9;18;12;31;20;32;35;37;26;17;11*8;22;3;7;16;23*4;14","6",""
1118,1036.2573,1020.5918,1294.864,";;34;27;36;28;13*6;29;5;10;2*24;30;21;19;25;33;1;15*38;9;18;12;31;20;32;35;37;26;17;11*8;22;3;7;16;23*4;14","6",""
1119,1026.0997,1020.5918,1217.5327,";;34;27;36;28;13*6;29;5;10;2*24;30;21;19;25;33;1;15*38;9;18;12;31;20;32;35;37;26;17;11*8;22;3;7;16;23*4;14","6",""
1120,1038.2834,1020.5918,1381.175,";;34;27;36;28;13*6;29;5;10;2*24;30;21;19;25;33;1;15*38;9;18;12;31;20;32;35;37;26;17;11*8;22;3;7;16;23*4;14","6",""
1121,1027.6958,1020.5918,1246.3611,";;34;27;36;28;13*6;29;5;10;2*24;30;21;19;25;33;1;15*38;9;18;12;31;20;32;35;37;26;17;11*8;22;3;7;16;23*4;14","6",""
1122,1029.454,1020.5918,1322.3773,";;34;27;36;28;13*6;29;5;10;2*24;30;21;19;25;33;1;15*38;9;18;12;31;20;32;35;37;26;17;11*8;22;3;7;16;23*4;14","6",""
1123,1037.269,1020.5918,1247.1143,";;34;27;36;28;13*6;29;5;10;2*24;30;21;19;25;33;1;15*38;9;18;12;31;20;32;35;37;26;17;11*8;22;3;7;16;23*4;14","6",""
1124,1026.4485,1020.5918,1300.4014,";;34;27;36;28;13*6;29;5;10;2*24;30;21;19;25;33;1;15*38;9;18;12;31;20;32;35;37;26;17;11*8;22;3;7;16;23*4;14","6",""
1125,1035.3278,1020.5918,1303.99,";;34;27;36;28;13*6;29;5;10;2*24;30;21;19;25;33;1;15*38;9;18;12;31;20;32;35;37;26;17;11*8;22;3;7;16;23*4;14","6",""
1126,1038.7854,1020.5918,1336.0214,";;34;27;36;28;13*6;29;5;10;2*24;30;21;19;25;33;1;15*38;9;18;12;31;20;32;35;37;26;17;11*8;22;3;7;16;23*4;14","6",""
1127,1040.0719,1020.5918,1364.8477,";;34;27;36;28;13*6;29;5;10;2*24;30;21;19;25;33;1;15*38;9;18;12;31;20;32;35;37;26;17;11*8;22;3;7;16;23*4;14","6",""
1128,1031.9066,1020.5918,1302.1049,";;34;27;36;28;13*6;29;5;10;2*24;30;21;19;25;33;1;15*38;9;18;12;31;20;32;35;37;26;17;11*8;22;3;7;16;23*4;14","6",""
1129,1029.534,1020.5918,1205.6973,";;34;27;36;28;13*6;29;5;10;2*24;30;21;19;25;33;1;15*38;9;18;12;31;20;32;35;37;26;17;11*8;22;3;7;16;23*4;14","6",""
1130,1047.8856,1020.5918,1498.0114,";;34;27;36;28;13*6;29;5;10;2*24;30;21;19;25;33;1;15*38;9;18;12;31;20;32;35;37;26;17;11*8;22;3;7;16;23*4;14","6",""
1131,1032.7628,1020.5918,1324.988,";;34;27;36;28;13*6;29;5;10;2*24;30;21;19;25;33;1;15*38;9;18;12;31;20;32;35;37;26;17;11*8;22;3;7;16;23*4;14","6",""
1132,1031.69,1020.5918,1330.1461,";;34;27;36;28;13*6;29;5;10;2*24;30;21;19;25;33;1;15*38;9;18;12;31;20;32;35;37;26;17;11*8;22;3;7;16;23*4;14","6",""
1133,1037.6025,1020.5918,1348.1278,";;34;27;36;28;13*6;29;5;10;2*24;4;21;19;25;33;1;15;38*9;18;12;31;20;32;35;37;26;17;11;8*22;3;7;16;23;30;14","5",""
1134,1030.4535,1020.5918,1324.988,";;34;27;36;28;13*6;29;5;10;2*24;30;21;19;25;33;1;15*38;9;18;12;31;20;32;35;37;26;17;11*8;22;3;7;16;23*4;14","6",""
1135,1038.3318,1020.5918,1517.7623,";;34;27;36;28;13*6;29;5;10;2*24;30;21;19;25;33;1;15*38;9;18;12;31;20;32;35;37;26;17;11*8;22;3;7;16;23*4;14","6",""
1136,1035.9991,1020.5918,1270.1892,";;34;27;36;28;13*6;29;5;10;2*24;30;21;19;25;33;1;15*38;9;18;12;31;20;32;35;37;26;17;11*8;22;3;7;16;23*4;14","6",""
1137,1027.0005,1020.5918,1222.7167,";;34;27;36;28;13*6;29;5;10;2*24;30;21;19;25;33;1;15*38;9;18;12;31;20;32;35;37;26;17;11*8;22;3;7;16;23*4;14","6",""
1138,1031.4358,1020.5918,1326.5063,";;34;27;36;28;13*6;29;5;10;2*24;30;21;19;25;33;1;15*38;9;18;12;31;20;32;35;37;26;17;11*8;22;3;7;16;23*4;14","6",""
1139,1032.3347,1020.5918,1299.8898,";;34;27;36;28;13*6;29;5;10;2*24;30;21;19;25;33;1;15*38;9;18;12;31;20;32;35;37;26;17;11*8;22;3;7;16;23*4;14","6",""
1140,1041.7092,1020.5918,1494.8442,";;34;27;36;28;13*6;29;5;10;2*24;30;21;19;25;33;1;15*38;9;18;12;31;20;32;35;37;26;17;11*8;22;3;7;16;23*4;14","6",""
1141,1031.5367,1020.5918,1265.8265,";;34;27;36;28;13*6;29;5;10;2*24;30;21;19;25;33;1;15*38;9;18;12;31;20;32;35;37;26;17;11*8;22;3;7;16;23*4;14","6",""
1142,1040.3838,1020.5918,1375.0896,";;34;27;36;28;13*6;29;5;10;2*24;30;21;19;25;33;1;15*38;9;18;12;31;20;32;35;37;26;17;11*8;22;3;7;16;23*4;14","6",""
1143,1036.7861,1020.5918,1377.7028,";;34;27;36;28;13*6;29;5;10;2*24;30;21;19;25;33;1;15*38;9;18;12;31;20;32;35;37;26;17;11*8;22;3;7;16;23*4;14","6",""
1144,1037.3921,1020.5918,1457.1022,";;34;27;36;28;13*6;29;5;10;2*24;30;21;19;25;33;1;15*38;9;18;12;31;20;32;35;37;26;17;11*8;22;3;7;16;23*4;14","6",""
1145,1044.5046,1020.5918,1396.0105,";;34;27;36;28;13*6;29;5;10;2*24;30;21;19;25;33;1;15*38;9;18;12;31;20;32;35;37;26;17;11*8;22;3;7;16;23*4;14","6",""
1146,1025.4608,1020.5918,1179.704,";;34;27;36;28;13*6;29;5;10;2*24;30;21;19;25;33;1;15*38;9;18;12;31;20;32;35;37;26;17;11*8;22;3;7;16;23*4;14","6",""
1147,1034.3905,1020.5918,1348.4991,";;34;27;36;28;13*6;29;5;10;2*24;30;21;19;25;33;1;15*38;9;18;12;31;20;32;35;37;26;17;11*8;22;3;7;16;23*4;14","6",""
1148,1030.4001,1020.5918,1284.458,";;34;27;36;28;13*6;29;5;10;2*24;30;21;19;25;33;1;15*38;9;18;12;31;20;32;35;37;26;17;11*8;22;3;7;16;23*4;14","6",""
1149,1024.5005,1020.5918,1213.9193,";;34;27;36;28;13*6;29;5;10;2*24;30;21;19;25;33;1;15*38;9;18;12;31;20;32;35;37;26;17;11*8;22;3;7;16;23*4;14","6",""
1150,1044.8179,1020.5918,1502.5903,";;34;27;36;28;13*6;29;5;10;2*24;30;21;19;25;33;1;15*38;9;18;12;31;20;32;35;37;26;17;11*8;22;3;7;16;23*4;14","6",""
1151,1027.7822,1020.5918,1299.911,";;34;27;36;28;13*6;29;5;10;2*24;30;21;19;25;33;1;15*38;9;18;12;31;20;32;35;37;26;17;11*8;22;3;7;16;23*4;14","6",""
1152,1046.891,1020.5918,1498.0114,";;34;27;36;28;13*6;29;5;10;2*24;30;21;19;25;33;1;15*38;9;18;12;31;20;32;35;37;26;17;11*8;22;3;7;16;23*4;14","6",""
1153,1026.064,1020.5918,1195.4519,";;34;27;36;28;13*6;29;5;10;2*24;30;21;19;25;33;1;15*38;9;18;12;31;20;32;35;37;26;17;11*8;22;3;7;16;23*4;14","6",""
1154,1035.7699,1020.5918,1335.9728,";;34;27;36;28;13*6;29;5;10;2*24;30;21;19;25;33;1;15*38;9;18;12;31;20;32;35;37;26;17;11*8;22;3;7;16;23*4;14","6",""
1155,1042.4076,1020.5918,1340.3302,";;34;27;36;28;13*6;29;5;10;2*24;30;21;19;25;33;1;15*38;9;18;12;31;20;32;35;37;26;17;11*8;22;3;7;16;23*4;14","6",""
1156,1037.5905,1020.5918,1517.7623,";;34;27;36;28;13*6;29;5;10;2*24;30;21;19;25;33;1;15*38;9;18;12;31;20;32;35;37;26;17;11*8;22;3;7;16;23*4;14","6",""
1157,1029.4851,1020.5918,1330.1461,";;34;27;36;28;13*6;29;5;10;2*24;30;21;19;25;33;1;15*38;9;18;12;31;20;32;35;37;26;17;11*8;22;3;7;16;23*4;14","6",""
1158,1025.7925,1020.5918,1234.9342,";;34;27;36;28;13*6;29;5;10;2*24;30;21;19;25;33;1;15*38;9;18;12;31;20;32;35;37;26;17;11*8;22;3;7;16;23*4;14","6",""
1159,1042.5472,1020.5918,1381.244,";;34;27;36;28;13*6;29;5;10;2*24;30;21;19;25;33;1;15*38;9;18;12;31;20;32;35;37;26;17;11*8;22;3;7;16;23*4;14","6",""
1160,1030.2457,1020.5918,1502.5903,";;34;27;36;28;13*6;29;5;10;2*24;30;21;19;25;33;1;15*38;9;18;12;31;20;32;35;37;26;17;11*8;22;3;7;16;23*4;14","6",""
1161,1031.9209,1020.5918,1385.8976,";;34;27;36;28;13*6;29;5;10;2*24;30;21;19;25;33;1;15*38;9;18;12;31;20;32;35;37;26;17;11*8;22;3;7;16;23*4;14","6",""
1162,1025.479,1020.5918,1502.5903,";;34;27;36;28;13*6;29;5;10;2*24;30;21;19;25;33;1;15*38;9;18;12;31;20;32;35;37;26;17;11*8;22;3;7;16;23*4;14","6",""
1163,1035.2451,1020.5918,1381.244,";;34;27;36;28;13*6;29;5;10;2*24;30;21;19;25;33;1;15*38;9;18;12;31;20;32;35;37;26;17;11*8;22;3;7;16;23*4;14","6",""
1164,1032.751,1020.5918,1342.5638,";;34;27;36;28;13*6;29;5;10;2*24;30;21;19;25;33;1;15*38;9;18;12;31;20;32;35;37;26;17;11*8;22;3;7;16;23*4;14","6",""
1165,1036.6635,1020.5918,1384.2372,";;34;27;36;28;13*6;29;5;10;2*24;30;21;19;25;33;1;15*38;9;18;12;31;20;32;35;37;26;17;11*8;22;3;7;16;23*4;14","6",""
1166,1028.8582,1020.5918,1245.5386,";;34;27;36;28;13*6;29;5;10;2*24;30;21;19;25;33;1;15*38;9;18;12;31;20;32;35;37;26;17;11*8;22;3;7;16;23*4;14","6",""
1167,1026.813,1020.5918,1279.3489,";;34;27;36;28;13*6;29;5;10;2*24;30;21;19;25;33;1;15*38;9;18;12;31;20;32;35;37;26;17;11*8;22;3;7;16;23*4;14","6",""
1168,1040.924,1020.5918,1517.7623,";;34;27;36;28;13*6;29;5;10;2*24;30;21;19;25;33;1;15*38;9;18;12;31;20;32;35;37;26;17;11*8;22;3;7;16;23*4;14","6",""
1169,1037.5806,1020.5918,1324.2692,";;34;27;36;28;13*6;29;5;10;2*24;30;21;19;25;33;1;15*38;9;18;12;31;20;32;35;37;26;17;11*8;22;3;7;16;23*4;14","6",""
1170,1029.788,1020.5918,1220.2596,";;34;27;36;28;13*6;29;5;10;2*24;30;21;19;25;33;1;15*38;9;18;12;31;20;32;35;37;26;17;11*8;22;3;7;16;23*4;14","6",""
1171,1040.8252,1020.5918,1496.9481,";;34;27;36;28;13*6;29;5;10;2*24;30;21;19;25;33;1;15*38;9;18;12;31;20;32;35;37;26;17;11*8;22;3;7;16;23*4;14","6",""
1172,1029.7124,1020.5918,1256.4307,";;34;27;36;28;13*6;29;5;10;2*24;30;21;19;25;33;1;15*38;9;18;12;31;20;32;35;37;26;17;11*8;22;3;7;16;23*4;14","6",""
1173,1034.2758,1020.5918,1351.1144,";;34;27;36;28;13*6;29;5;10;2*24;30;21;19;25;33;1;15*38;9;18;12;31;20;32;35;37;26;17;11*8;22;3;7;16;23*4;14","6",""
1174,1032.0151,1020.5918,1405.9576,";;34;27;36;28;13*6;29;5;10;2*24;30;21;19;25;33;1;15*38;9;18;12;31;20;32;35;37;26;17;11*8;22;3;7;16;23*4;14","6",""
1175,1028.985,1020.5918,1383.7654,";;34;27;36;28;13*6;29;5;10;2*24;30;21;19;25;33;1;15*38;9;18;12;31;20;32;35;37;26;17;11*8;22;3;7;16;23*4;14","6",""
1176,1033.5751,1020.5918,1354.9662,";;34;27;36;28;13*6;29;5;10;2*24;30;21;19;25;33;1;15*38;9;18;12;31;20;32;35;37;26;17;11*8;22;3;7;16;23*4;14","6",""
1177,1042.9401,1020.5918,1494.8442,";;34;27;36;28;13*6;29;5;10;2*24;30;21;19;25;33;1;15*38;9;18;12;31;20;32;35;37;26;17;11*8;22;3;7;16;23*4;14","6",""
1178,1030.4254,1020.5918,1277.7448,";;34;27;36;28;13*6;29;5;10;2*24;30;21;19;25;33;1;15*38;9;18;12;31;20;32;35;37;26;17;11*8;22;3;7;16;23*4;14","6",""
1179,1032.5442,1020.5918,1517.7623,";;34;27;36;28;13*6;29;5;10;2*24;30;21;19;25;33;1;15*38;9;18;12;31;20;32;35;37;26;17;11*8;22;3;7;16;23*4;14","6",""
1180,1037.5731,1020.5918,1482.5708,";;34;27;36;28;13*6;29;5;10;2*24;30;21;19;25;33;1;15*38;9;18;12;31;20;32;35;37;26;17;11*8;22;3;7;16;23*4;14","6",""
1181,1035.2527,1020.5918,1287.1545,";;34;27;36;28;13*6;29;5;10;2*24;30;21;19;25;33;1;15*38;9;18;12;31;20;32;35;37;26;17;11*8;22;3;7;16;23*4;14","6",""
1182,1049.7639,1020.5918,1498.0114,";;34;27;36;28;13*6;29;5;10;2*24;30;21;19;25;33;1;15*38;9;18;12;31;20;32;35;37;26;17;11*8;22;3;7;16;23*4;14","6",""
1183,1033.4414,1020.5918,1364.447,";;34;27;36;28;13*6;29;5;10;2*24;30;21;19;25;33;1;15*38;9;18;12;31;20;32;35;37;26;17;11*8;22;3;7;16;23*4;14","6",""
1184,1032.1566,1020.5918,1323.8762,";;34;27;36;28;13*6;29;5;10;2*24;30;21;19;25;33;1;15*38;9;18;12;31;20;32;35;37;26;17;11*8;22;3;7;16;23*4;14","6",""
1185,1050.1411,1020.5918,1405.9576,";;34;27;36;28;13*6;29;5;10;2*24;30;21;19;25;33;1;15*38;9;18;12;31;20;32;35;37;26;17;11*8;22;3;7;16;23*4;14","6",""
1186,1028.4058,1020.5918,1470.1567,";;34;27;36;28;13*6;29;5;10;32*24;30;21;19;25;33;1;15*38;9;18;12;31;20;2;35;37;26;17;11*8;22;3;7;16;23*4;14","6",""
1187,1034.7657,1020.5918,1324.988,";;34;27;36;28;13*6;29;5;10;2*24;30;21;19;25;33;1;15*38;9;18;12;31;20;32;35;37;26;17;11*8;22;3;7;16;23*4;14","6",""
1188,1030.0521,1020.5918,1259.4015,";;34;27;36;28;13*6;29;5;10;2*24;30;21;19;25;33;1;15*38;9;18;12;31;20;32;35;37;26;17;11*8;22;3;7;16;23*4;14","6",""
1189,1025.1095,1020.5918,1330.8927,";;34;27;36;28;13*6;29;5;21;2;24;30*10;19;25;33;1;15;38;9*18;12;31;20;32;35;37;26;17;11;8;22*3;7;16;23;4;14","5",""
1190,1033.1525,1020.5918,1480.5986,";;34;27;36;28;13*6;29;5;10;2*24;30;21;19;25;33;1;15*38;9;18;12;31;20;32;35;37;26;17;11*8;22;3;7;16;23*4;14","6",""
1191,1029.6952,1020.5918,1310.3118,";;34;27;36;28;13*6;29;5;10;2*24;30;21;19;25;33;1;15*38;9;18;12;31;20;32;35;37;26;17;11*8;22;3;7;16;23*4;14","6",""
1192,1033.3496,1020.5918,1424.65,";;34;27;36;28;13*6;29;5;10;2*24;30;21;19;25;33;1;15*38;9;18;12;31;20;32;35;37;26;17;11*8;22;3;7;16;23*4;14","6",""
1193,1030.7234,1020.5918,1428.5973,";;34;27;36;28;13*6;29;5;10;2*24;30;21;19;25;33;1;15*38;9;18;12;31;20;32;35;37;26;17;11*8;22;3;7;16;23*4;14","6",""
1194,1028.565,1020.5918,1289.7812,";;34;27;36;28;13*6;29;5;10;2*24;30;21;19;25;33;1;15*38;9;18;12;31;20;32;35;37;26;17;11*8;22;3;7;16;23*4;14","6",""
1195,1023.75037,1020.5918,1207.886,";;34;27;36;28;13*6;29;5;10;2*24;30;21;19;25;33;1;15*38;9;18;12;31;20;32;35;37;26;17;11*8;22;3;7;16;23*4;14","6",""
1196,1034.3503,1020.5918,1322.5897,";;34;27;36;28;13*6;29;5;10;2*24;30;21;19;25;33;1;15*38;9;18;12;31;20;32;35;37;26;17;11*8;22;3;7;16;23*4;14","6",""
1197,1026.5554,1020.5918,1141.8735,";;34;27;36;28;13*6;29;5;10;2*24;30;21;19;25;33;1;15*38;9;18;12;31;20;32;35;37;26;17;11*8;22;3;7;16;23*4;14","6",""
1198,1028.6357,1020.5918,1336.5109,";;34;27;36;28;13*6;29;5;10;2*24;30;21;19;25;33;1;15*38;9;18;12;31;20;32;35;37;26;17;11*8;22;3;7;16;23*4;14","6",""
1199,1032.3403,1020.5918,1309.2573,";;34;27;36;28;13*6;29;5;10;2*24;30;21;19;25;33;1;15*38;9;18;12;31;20;32;35;37;26;17;11*8;22;3;7;16;23*4;14","6",""
1200,1031.4915,1020.5918,1339.3326,";;34;27;36;28;13*6;29;5;10;2*24;30;21;19;25;33;1;15*38;9;18;12;31;20;32;35;37;26;17;11*8;22;3;7;16;23*4;14","6",""
1201,1023.0455,1020.5918,1265.8265,";;34;27;36;28;13*6;29;5;10;2*24;30;21;19;25;33;1;15*38;9;18;12;31;20;32;35;37;26;17;11*8;22;3;7;16;23*4;14","6",""
1202,1030.0266,1020.5918,1310.6451,";;34;27;36;28;13*6;29;5;10;2*24;30;21;19;25;33;1;15*38;9;18;12;31;20;32;35;37;26;17;11*8;22;3;7;16;23*4;14","6",""
1203,1033.632,1020.5918,1347.0314,";;34;27;36;28;13*6;29;5;10;2*24;30;21;19;25;33;1;15*38;9;18;12;31;20;32;35;37;26;17;11*8;22;3;7;16;23*4;14","6",""
1204,1023.3557,1020.5918,1168.5884,";;34;27;36;28;13*6;29;5;10;2*24;30;21;19;25;33;1;15*38;9;18;12;31;20;32;35;37;26;17;11*8;22;3;7;16;23*4;14","6",""
1205,1029.5878,1020.5918,1330.2931,";;34;27;36;28;13*6;29;5;10;2*24;30;21;19;25;33;1;15*38;9;18;12;31;20;32;35;37;26;17;11*8;22;3;7;16;23*4;14","6",""
1206,1040.2217,1020.5918,1367.0538,";;34;27;36;28;13*6;29;5;10;2*24;30;21;19;25;33;1;15*38;9;18;12;31;20;32;35;37;26;17;11*8;22;3;7;16;23*4;14","6",""
1207,1043.153,1020.5918,1517.7623,";;34;27;36;28;13*6;29;5;10;2*24;30;21;19;25;33;1;15*38;9;18;12;31;20;32;35;37;26;17;11*8;22;3;7;16;23*4;14","6",""
1208,1031.6211,1020.5918,1375.0896,";;34;27;36;28;13*6;29;5;10;2*24;30;21;19;25;33;1;15*38;9;18;12;31;20;32;35;37;26;17;11*8;22;3;7;16;23*4;14","6",""
1209,1025.35,1020.5918,1278.5045,";;34;27;36;28;13*6;29;5;10;2*24;30;21;19;25;33;1;15*38;9;18;12;31;20;32;35;37;26;17;11*8;22;3;7;16;23*4;14","6",""
1210,1037.6403,1020.5918,1517.7623,";;34;27;36;28;13*6;29;5;10;2*24;30;21;19;25;33;1;15*38;9;18;12;31;20;32;35;37;26;17;11*8;22;3;7;16;23*4;14","6",""
1211,1026.3547,1020.5918,1222.2683,";;34;27;36;28;13*6;29;5;10;2*24;30;21;19;25;33;1;15*38;9;18;12;31;20;32;35;37;26;17;11*8;22;3;7;16;23*4;14","6",""
1212,1027.7915,1020.5918,1224.212,";;34;27;36;28;13*6;29;5;10;2*24;30;21;19;25;33;1;15*38;9;18;12;31;20;32;35;37;26;17;11*8;22;3;7;16;23*4;14","6",""
1213,1032.3936,1020.5918,1303.99,";;34;27;36;28;13*6;29;5;10;2*24;30;21;19;25;33;1;15*38;9;18;12;31;20;32;35;37;26;17;11*8;22;3;7;16;23*4;14","6",""
1214,1042.02,1020.5918,1359.4012,";;34;27;36;28;13*6;29;5;10;2*24;30;21;19;25;33;1;15*38;9;18;12;31;20;32;35;37;26;17;11*8;22;3;7;16;23*4;14","6",""
1215,1030.3247,1020.5918,1351.1144,";;34;27;36;28;13*6;29;5;10;2*24;30;21;19;25;33;1;15*38;9;18;12;31;20;32;35;37;26;17;11*8;22;3;7;16;23*4;14","6",""
1216,1038.5704,1020.5918,1356.4304,";;34;27;36;28;13*6;29;5;10;2*24;30;21;19;25;33;1;15*38;9;18;12;31;20;32;35;37;26;17;11*8;22;3;7;16;23*4;14","6",""
1217,1031.9679,1020.5918,1364.447,";;34;27;36;28;13*6;29;5;10;2*24;30;21;19;25;33;1;15*38;9;18;12;31;20;32;35;37;26;17;11*8;22;3;7;16;23*4;14","6",""
1218,1034.4718,1020.5918,1328.0728,";;34;27;36;28;13*6;29;5;10;2*24;30;21;19;25;33;1;15*38;9;18;12;31;20;32;35;37;26;17;11*8;22;3;7;16;23*4;14","6",""
1219,1036.9962,1020.5918,1348.4991,";;34;27;36;28;13*6;29;5;10;2*24;30;21;19;25;33;1;15*38;9;18;12;31;20;32;35;37;26;17;11*8;22;3;7;16;23*4;14","6",""
1220,1032.9343,1020.5918,1389.781,";;34;27;36;28;13*6;29;5;10;2*24;30;21;19;25;33;1;15*38;9;18;12;31;20;32;35;37;26;17;11*8;22;3;7;16;23*4;14","6",""
1221,1041.7654,1020.5918,1342.2112,";;34;27;36;28;13*6;29;5;10;2*24;30;21;19;25;33;1;15*38;9;18;12;31;20;32;35;37;26;17;11*8;22;3;7;16;23*4;14","6",""
1222,1031.9514,1020.5918,1424.7485,";;34;27;36;28;13*6;29;5;10;2*24;30;21;19;25;33;1;15*38;9;18;12;31;20;32;35;37;26;17;11*8;22;3;7;16;23*4;14","6",""
1223,1029.984,1020.5918,1303.99,";;34;27;36;28;13*6;29;5;10;2*24;30;21;19;25;33;1;15*38;9;18;12;31;20;32;35;37;26;17;11*8;22;3;7;16;23*4;14","6",""
1224,1033.6514,1020.5918,1405.2947,";;34;27;36;28;13*6;29;5;10;2*24;30;21;19;25;33;1;15*38;9;18;12;31;20;32;35;37;26;17;11*8;22;3;7;16;23*4;14","6",""
1225,1027.1493,1020.5918,1323.8762,";;34;27;36;28;13*6;29;5;10;2*24;30;21;19;25;33;1;15*38;9;18;12;31;20;32;35;37;26;17;11*8;22;3;7;16;23*4;14","6",""
1226,1030.0497,1020.5918,1277.7448,";;34;27;36;28;13*6;29;5;10;2*24;30;21;19;25;33;1;15*38;9;18;12;31;20;32;35;37;26;17;11*8;22;3;7;16;23*4;14","6",""
1227,1031.9482,1020.5918,1446.2714,";;34;27;36;28;13*6;29;5;10;2*24;30;21;19;25;33;1;15*38;9;18;12;31;20;32;35;37;26;17;11*8;22;3;7;16;23*4;14","6",""
1228,1030.5579,1020.5918,1256.4307,";;34;27;36;28;13*6;29;5;10;2*24;30;21;19;25;33;1;15*38;9;18;12;31;20;32;35;37;26;17;11*8;22;3;7;16;23*4;14","6",""
1229,1030.0542,1020.5918,1398.321,";;34;27;36;28;13*6;29;5;10;2*24;30;21;19;25;33;1;15*38;9;18;12;31;20;32;35;37;26;17;11*8;22;3;7;16;23*4;14","6",""
1230,1033.7428,1020.5918,1401.6146,";;34;27;36;28;13*6;29;5;10;2*24;30;21;19;25;33;1;15*38;9;18;12;31;20;32;35;37;26;17;11*8;22;3;7;16;23*4;14","6",""
1231,1032.1862,1020.5918,1372.3531,";;34;27;36;28;13*6;29;5;10;2*24;30;21;19;25;33;1;15*38;9;18;12;31;20;32;35;37;26;17;11*8;22;3;7;16;23*4;14","6",""
1232,1030.1101,1020.5918,1351.1144,";;34;27;36;28;13*6;29;5;10;2*24;30;21;19;25;33;1;15*38;9;18;12;31;20;32;35;37;26;17;11*8;22;3;7;16;23*4;14","6",""
1233,1031.6993,1020.5918,1271.4508,";;34;27;36;28;13*6;29;5;10;2*24;30;21;19;25;33;1;15*38;9;18;12;31;20;32;35;37;26;17;11*8;22;3;7;16;23*4;14","6",""
1234,1033.6115,1020.5918,1459.955,";;34;27;36;28;13*6;29;5;10;2*24;30;21;19;25;33;1;15*38;9;18;12;31;20;32;35;37;26;17;11*8;22;3;7;16;23*4;14","6",""
1235,1033.0592,1020.5918,1496.9481,";;34;27;36;28;13*6;29;5;10;2*24;30;21;19;25;33;1;15*38;9;18;12;31;20;32;35;37;26;17;11*8;22;3;7;16;23*4;14","6",""
1236,1021.04407,1020.5918,1065.691,";;34;27;36;28;13*6;29;5;10;2*24;30;21;19;25;33;1;15*38;9;18;12;31;20;32;35;37;26;17;11*8;22;3;7;16;23*4;14","6",""
1237,1032.5945,1020.5918,1291.4781,";;34;27;36;28;13*6;29;5;10;2*24;30;21;19;25;33;1;15*38;9;18;12;31;20;32;35;37;26;17;11*8;22;3;7;16;23*4;14","6",""
1238,1044.8585,1020.5918,1481.6705,";;34;27;36;28;13*6;29;5;10;2*24;30;21;19;25;33;1;15*38;9;18;12;31;20;32;35;37;26;17;11*8;22;3;7;16;23*4;14","6",""
1239,1031.3188,1020.5918,1454.5134,";;34;27;36;28;13*6;29;5;10;2*24;30;21;19;25;33;1;15*38;9;18;12;31;20;32;35;37;26;17;11*8;22;3;7;16;23*4;14","6",""
1240,1024.7091,1020.5918,1335.4454,";;34;27;36;28;13*6;29;5;10;2*24;30;21;19;25;33;1;15*38;9;18;12;31;20;32;35;37;26;17;11*8;22;3;7;16;23*4;14","6",""
1241,1028.5769,1020.5918,1517.7623,";;34;27;36;28;13*6;29;5;10;2*24;30;21;19;25;33;1;15*38;9;18;12;31;20;32;35;37;26;17;11*8;22;3;7;16;23*4;14","6",""
1242,1042.6705,1020.5918,1367.0538,";;34;27;36;28;13*6;29;5;10;2*24;30;21;19;25;33;1;15*38;9;18;12;31;20;32;35;37;26;17;11*8;22;3;7;16;23*4;14","6",""
1243,1038.351,1020.5918,1470.1567,";;34;27;36;28;13*6;29;5;10;2*24;30;21;19;25;33;1;15*38;9;18;12;31;20;32;35;37;26;17;11*8;22;3;7;16;23*4;14","6",""
1244,1041.6589,1020.5918,1354.8743,";;34;27;36;28;13*6;29;5;10;2*24;30;21;19;25;33;1;15*38;9;18;12;31;20;32;35;37;26;17;11*8;22;3;7;16;23*4;14","6",""
1245,1039.3414,1020.5918,1532.9471,";;34;27;36;28;13*6;29;5;10;2*24;30;21;19;25;33;1;15*38;9;18;12;31;20;32;35;37;26;17;11*8;22;3;7;16;23*4;14","6",""
1246,1039.6393,1020.5918,1494.8442,";;34;27;36;28;13*6;29;5;10;2*24;30;21;19;25;33;1;15*38;9;18;12;31;20;32;35;37;26;17;11*8;22;3;7;16;23*4;14","6",""
1247,1031.8303,1020.5918,1249.9435,";;34;27;36;28;13*6;29;5;10;2*24;30;21;19;25;33;1;15*38;9;18;12;31;20;32;35;37;26;17;11*8;22;3;7;16;23*4;14","6",""
1248,1035.3713,1020.5918,1405.2947,";;34;27;36;28;13*6;29;5;10;2*24;30;21;19;25;33;1;15*38;9;18;12;31;20;32;35;37;26;17;11*8;22;3;7;16;23*4;14","6",""
1249,1027.6562,1020.5918,1299.0681,";;34;27;36;28;13*6;29;5;10;2*24;30;21;19;25;33;1;15*38;9;18;12;31;20;32;35;37;26;17;11*8;22;3;7;16;23*4;14","6",""
1250,1037.2262,1020.5918,1405.2947,";;34;27;36;28;13*6;29;5;10;2*24;30;21;19;25;33;1;15*38;9;18;12;31;20;32;35;37;26;17;11*8;22;3;7;16;23*4;14","6",""
1251,1031.1652,1020.5918,1336.0214,";;34;27;36;28;13*6;29;5;10;2*24;30;21;19;25;33;1;15*38;9;18;12;31;20;32;35;37;26;17;11*8;22;3;7;16;23*4;14","6",""
1252,1034.2278,1020.5918,1340.3302,";;34;27;36;28;13*6;29;5;10;2*24;30;21;19;25;33;1;15*38;9;18;12;31;20;32;35;37;26;17;11*8;7;3;22;16;23*4;14","6",""
1253,1030.7343,1020.5918,1424.7485,";;34;27;36;28;13*6;29;5;10;2*24;30;21;19;25;33;1;15*38;9;18;12;31;20;32;35;37;26;17;11*8;22;3;7;16;23*4;14","6",""
1254,1030.8667,1020.5918,1350.077,";;34;27;36;28;13*6;29;5;10;2*24;30;21;19;25;33;1;15*38;9;18;12;31;20;32;35;37;26;17;11*8;22;3;7;16;23*4;14","6",""
1255,1032.8466,1020.5918,1375.7261,";;34;27;36;28;13*6;29;5;10;2*24;30;21;19;25;33;1;15*38;9;18;12;31;20;32;35;37;26;17;11*8;22;3;7;16;23*4;14","6",""
1256,1034.6394,1020.5918,1517.7623,";;34;27;36;28;13*6;29;5;10;2*24;30;21;19;25;33;1;15*38;9;18;12;31;20;32;35;37;26;17;11*8;22;3;7;16;23*4;14","6",""
1257,1043.9813,1020.5918,1498.0114,";;34;27;36;28;13*6;29;5;10;2*24;30;21;19;25;33;1;15*38;9;18;12;31;20;32;35;37;26;17;11*8;22;3;7;16;23*4;14","6",""
1258,1044.2543,1020.5918,1449.0023,";;34;27;36;28;13*6;29;5;10;2*24;30;21;19;25;33;1;15*38;9;18;12;31;20;32;35;37;26;17;11*8;22;3;7;16;23*4;14","6",""
1259,1036.1604,1020.5918,1424.7485,";;34;27;36;28;13*6;29;5;10;2*24;30;21;19;25;33;1;15*38;9;18;12;31;20;32;35;37;26;17;11*8;22;3;7;16;23*4;14","6",""
1260,1031.5597,1020.5918,1462.7137,";;34;27;36;28;13*6;29;5;10;2*24;30;21;19;25;33;1;15*38;9;18;12;31;20;32;35;37;26;17;11*8;22;3;7;16;23*4;14","6",""
1261,1051.8431,1020.5918,1532.9471,";;34;27;36;28;13*6;29;5;10;2*24;30;21;19;25;33;1;15*38;9;18;12;31;20;32;35;37;26;17;11*8;22;3;7;16;23*4;14","6",""
1262,1034.072,1020.5918,1290.6088,";;34;27;36;28;13*6;29;5;10;2*24;30;21;19;25;33;1;15*38;9;18;12;31;20;32;35;37;26;17;11*8;22;3;7;16;23*4;14","6",""
1263,1028.807,1020.5918,1256.8427,";;34;27;36;28;13*6;29;5;10;2*24;30;21;19;25;33;1;15*38;9;18;12;31;20;32;35;37;26;17;11*8;22;3;7;16;23*4;14","6",""
1264,1033.7152,1020.5918,1364.8477,";;34;27;36;28;13*6;29;5;10;2*24;30;21;19;25;33;1;15*38;9;18;12;31;20;32;35;37;26;17;11*8;22;3;7;16;23*4;14","6",""
1265,1029.6255,1020.5918,1558.8986,";;34;27;36;28;13*6;29;5;10;2*24;30;21;19;25;33;1;15*38;9;18;12;31;20;32;35;37;26;17;11*8;22;3;7;16;23*4;14","6",""
1266,1029.5487,1020.5918,1333.3468,";;34;27;36;28;13*6;29;5;10;2*24;30;21;19;25;33;1;15*38;9;18;12;31;20;32;35;37;26;17;11*8;22;3;7;16;23*4;14","6",""
1267,1028.2045,1020.5918,1350.077,";;34;27;36;28;13*6;29;5;10;2*24;30;21;19;25;33;1;15*38;9;18;12;31;20;32;35;37;26;17;11*8;22;3;7;16;23*4;14","6",""
1268,1028.8354,1020.5918,1267.0793,";;34;27;36;28;13*6;29;5;10;2*24;30;21;19;25;33;1;15*38;9;18;12;31;20;32;35;37;26;17;11*8;22;3;7;16;23*4;14","6",""
1269,1031.4496,1020.5918,1396.0105,";;34;27;36;28;13*6;29;5;10;2*24;30;21;19;25;33;1;15*38;9;18;12;31;20;32;35;37;26;17;11*8;22;3;7;16;23*4;14","6",""
1270,1044.4569,1020.5918,1428.5973,";;34;27;36;28;13*6;29;5;10;2*24;30;21;19;25;33;1;15*38;9;18;12;31;20;32;35;37;26;17;11*8;22;3;7;16;23*4;14","6",""
1271,1025.4208,1020.5918,1348.4991,";;34;27;36;28;13*6;29;5;10;2*24;30;21;19;25;33;1;15*38;9;18;12;31;20;32;35;37;26;17;11*8;22;3;7;16;23*4;14","6",""
1272,1031.3391,1020.5918,1401.6146,";;34;27;36;28;13*6;29;5;10;2*24;30;21;19;25;33;1;15*38;9;18;12;31;20;32;35;37;26;17;11*8;22;3;7;16;23*4;14","6",""
1273,1025.4865,1020.5918,1345.5726,";;34;27;36;28;13*6;29;5;10;2*24;30;21;19;25;33;1;15*38;9;18;12;31;20;32;35;37;26;17;11*8;22;3;7;16;23*4;14","6",""
1274,1038.9893,1020.5918,1364.032,";;34;27;36;28;13*6;29;5;10;2*24;30;21;19;25;33;1;15*38;9;18;12;31;20;32;35;37;26;17;11*8;22;3;7;16;23*4;14","6",""
1275,1031.0458,1020.5918,1383.7654,";;34;27;36;28;13*6;29;5;10;2*24;30;21;19;25;33;1;15*38;9;18;12;31;20;32;35;37;26;17;11*8;22;3;7;16;23*4;14","6",""
1276,1024.1105,1020.5918,1181.5153,";;34;27;36;28;13*6;29;5;10;2*24;30;21;19;25;33;1;15*38;9;18;12;31;20;32;35;37;26;17;11*8;22;3;7;16;23*4;14","6",""
1277,1031.1799,1020.5918,1309.2573,";;34;27;36;28;13*6;29;5;10;2*24;30;21;19;25;33;1;15*38;9;18;12;31;20;32;35;37;26;17;11*8;22;3;7;16;23*4;14","6",""
1278,1031.7345,1020.5918,1345.5726,";;34;27;36;28;13*6;29;5;10;2*24;30;21;19;25;33;1;15*38;9;18;12;31;20;32;35;37;26;17;11*8;22;3;7;16;23*4;14","6",""
1279,1049.9053,1020.5918,1532.9471,";;34;27;36;28;13*6;29;5;10;2*24;30;21;19;25;33;1;15*38;9;18;12;31;20;32;35;37;26;17;11*8;22;3;7;16;23*4;14","6",""
1280,1042.542,1020.5918,1449.0023,";;34;27;36;28;13*6;29;5;10;2*24;30;21;19;25;33;1;15*38;9;18;12;31;20;32;35;37;26;17;11*8;22;3;7;16;23*4;14","6",""
1281,1033.7758,1020.5918,1330.1461,";;34;27;36;28;13*6;29;5;10;2*24;30;21;19;25;33;1;15*38;9;18;12;31;20;32;35;37;26;17;11*8;22;3;7;16;23*4;14","6",""
1282,1026.5272,1020.5918,1308.2539,";;34;27;36;28;13*6;29;5;10;2*24;30;21;19;25;33;1;15*38;9;18;12;31;20;32;35;37;26;17;11*8;22;3;7;16;23*4;14","6",""
1283,1030.9479,1020.5918,1266.4514,";;34;27;36;28;13*6;29;5;10;2*24;30;21;19;25;33;1;15*38;9;18;12;31;20;32;35;37;26;17;11*8;22;3;7;16;23*4;14","6",""
1284,1034.3545,1020.5918,1289.8053,";;34;27;36;28;13*6;29;5;10;2*24;30;21;19;25;33;1;15*38;9;18;12;31;20;32;35;37;26;17;11*8;22;3;7;16;23*4;14","6",""
1285,1039.3417,1020.5918,1481.6705,";;34;27;36;28;13*6;29;5;10;2*24;30;21;19;25;33;1;15*38;9;18;12;31;20;32;35;37;26;17;11*8;22;3;7;16;23*4;14","6",""
1286,1037.2284,1020.5918,1517.7623,";;34;27;36;28;13*6;29;5;10;2*24;30;21;19;25;33;1;15*38;9;18;12;31;20;32;35;37;26;17;11*8;22;3;7;16;23*4;14","6",""
1287,1025.7329,1020.5918,1204.9757,";;34;27;36;28;13*6;29;5;10;2*24;30;21;19;25;33;1;15*38;9;18;12;31;20;32;35;37;26;17;11*8;22;3;7;16;23*4;14","6",""
1288,1039.139,1020.5918,1330.8927,";;34;27;36;28;13*6;29;5;10;2*24;30;21;19;25;33;1;15*38;9;18;12;31;20;32;35;37;26;17;11*8;22;3;7;16;23*4;14","6",""
1289,1027.895,1020.5918,1446.2714,";;34;27;36;28;13*6;29;5;10;2*24;30;21;19;25;33;1;15*38;9;18;12;31;20;32;35;37;26;17;11*8;22;3;7;16;23*4;14","6",""
1290,1034.1602,1020.5918,1330.2931,";;34;27;36;28;13*6;29;5;10;2*24;30;21;19;25;33;1;15*38;9;18;12;31;20;32;35;37;26;17;11*8;22;3;7;16;23*4;14","6",""
1291,1020.87854,1020.5918,1048.5065,";;34;27;36;28;13*6;29;5;10;2*24;30;21;19;25;33;1;15*38;9;18;12;31;20;32;35;37;26;17;11*8;22;3;7;16;23*4;14","6",""
1292,1028.8921,1020.5918,1375.7261,";;34;27;36;28;13*6;29;5;10;2*24;30;21;19;25;33;1;15*38;9;18;12;31;20;32;35;37;26;17;11*8;22;3;7;16;23*4;14","6",""
1293,1034.5028,1020.5918,1330.5443,";;34;27;36;28;13*6;29;5;10;2*24;30;21;19;25;33;1;15*38;9;18;12;31;20;32;35;37;26;17;11*8;22;3;7;16;23*4;14","6",""
1294,1047.8059,1020.5918,1502.5903,";;34;27;36;28;13*6;29;5;10;2*24;30;21;19;25;33;1;15*38;9;18;12;31;20;32;35;37;26;17;11*8;22;3;7;16;23*4;14","6",""
1295,1026.6132,1020.5918,1214.7402,";;34;27;36;28;13*6;29;5;10;2*24;30;21;19;25;33;1;15*38;9;18;12;31;20;32;35;37;26;17;11*8;22;3;7;16;23*4;14","6",""
1296,1031.4553,1020.5918,1345.5726,";;34;27;36;28;13*6;29;5;10;2*24;30;21;19;25;33;1;15*38;9;18;12;31;20;32;35;37;26;17;11*8;22;3;7;16;23*4;14","6",""
1297,1045.7937,1020.5918,1498.0114,";;34;27;36;28;13*6;29;5;10;2*24;30;21;19;25;33;1;15*38;9;18;12;31;20;32;35;37;26;17;11*8;22;3;7;16;23*4;14","6",""
1298,1046.5371,1020.5918,1347.0314,";;34;27;36;28;13*6;29;5;10;2*24;30;21;19;25;33;1;15*38;9;18;12;31;20;32;35;37;26;17;11*8;22;3;7;16;23*4;14","6",""
1299,1032.3625,1020.5918,1308.2539,";;34;27;36;28;13*6;29;5;10;2*24;30;21;19;25;33;1;15*38;9;18;12;31;20;32;35;37;26;17;11*8;22;3;7;16;23*4;14","6",""
1300,1043.3035,1020.5918,1362.0345,";;34;27;36;28;13*6;29;5;10;2*24;30;21;19;25;33;1;15*38;9;18;12;31;20;32;35;37;26;17;11*8;22;3;7;16;23*4;14","6",""
1301,1037.2905,1020.5918,1371.4131,";;34;27;36;28;13*6;29;5;10;2*24;30;21;19;25;33;1;15*38;9;18;12;31;20;32;35;37;26;17;11*8;22;3;7;16;23*4;14","6",""
1302,1033.2394,1020.5918,1532.9471,";;34;27;36;28;13*6;29;5;10;2*24;30;21;19;25;33;1;15*38;9;18;12;31;20;32;35;37;26;17;11*8;22;3;7;16;23*4;14","6",""
1303,1040.2808,1020.5918,1362.0345,";;34;27;36;28;13*6;29;5;10;2*24;30;21;19;25;33;1;15*38;9;18;12;31;20;32;35;37;26;17;11*8;22;3;7;16;23*4;14","6",""
1304,1047.5806,1020.5918,1475.9393,";;34;27;36;28;13*6;29;5;10;2*24;30;21;19;25;33;1;15*38;9;18;12;31;20;32;35;37;26;17;11*8;22;3;7;16;23*4;14","6",""
1305,1026.7479,1020.5918,1249.9435,";;34;27;36;28;13*6;29;5;10;2*24;30;21;19;25;33;1;15*38;9;18;12;31;20;32;35;37;26;17;11*8;22;3;7;16;23*4;14","6",""
1306,1031.8176,1020.5918,1279.3489,";;34;27;36;28;13*6;29;5;10;2*24;30;21;19;25;33;1;15*38;9;18;12;31;20;32;35;37;26;17;11*8;22;3;7;16;23*4;14","6",""
1307,1049.0254,1020.5918,1377.7028,";;34;27;36;28;13*6;29;5;10;2*24;30;21;19;25;33;1;15*38;9;18;12;31;20;32;35;37;26;17;11*8;22;3;7;16;23*4;14","6",""
1308,1033.1167,1020.5918,1364.447,";;34;27;36;28;13*6;29;5;10;2*24;30;21;19;25;33;1;15*38;9;18;12;31;20;32;35;37;26;17;11*8;22;3;7;16;23*4;14","6",""
1309,1031.003,1020.5918,1262.5793,";;34;27;36;28;13*6;29;5;10;2*24;30;21;19;25;33;1;15*38;9;18;12;31;20;32;35;37;26;17;11*8;22;3;7;16;23*4;14","6",""
1310,1037.9856,1020.5918,1459.955,";;34;27;33;28;13;6*29;5;10;2;24;30;21*19;25;36;1;15;38;9;18*12;31;20;32;35;37;26;17;11;8;22*3;7;16;23;4;14","5",""
1311,1034.254,1020.5918,1241.6804,";;34;27;36;28;13*6;29;5;10;2*24;30;21;19;25;33;1;15*38;9;18;12;31;20;32;35;37;26;17;11*8;22;3;7;16;23*4;14","6",""
1312,1047.4841,1020.5918,1532.9471,";;34;27;36;28;13*6;29;5;10;2*24;30;21;19;25;33;1;15*38;9;18;12;31;20;32;35;37;26;17;11*8;22;3;7;16;23*4;14","6",""
1313,1036.1658,1020.5918,1359.0743,";;34;27;36;28;13*6;29;5;10;2*24;30;21;19;25;33;1;15*38;9;18;12;31;20;32;35;37;26;17;11*8;22;3;7;16;23*4;14","6",""
1314,1047.6907,1020.5918,1362.8103,";;34;27;36;28;13*6;29;5;10;2*24;30;21;19;25;33;1;15*38;9;18;12;31;20;32;35;37;26;17;11*8;22;3;7;16;23*4;14","6",""
1315,1032.4446,1020.5918,1362.0345,";;34;27;36;28;13*6;29;5;10;2*24;30;21;19;25;33;1;15*38;9;18;12;31;20;32;35;37;26;17;11*8;22;3;7;16;23*4;14","6",""
1316,1041.2831,1020.5918,1395.433,";;34;27;36;28;13*6;29;5;10;2*24;30;21;19;25;33;1;15*38;9;18;12;31;20;32;35;37;26;17;11*8;22;3;7;16;23*4;14","6",""
1317,1033.9747,1020.5918,1302.583,";;34;27;36;28;13*6;29;5;10;2*24;30;21;19;25;33;1;15*38;9;18;12;31;20;32;35;37;26;17;11*8;22;3;7;16;23*4;14","6",""
1318,1042.0021,1020.5918,1351.1144,";;34;27;36;28;13*6;29;5;10;2*24;30;21;19;25;33;1;15*38;9;18;12;31;20;32;35;37;26;17;11*8;22;3;7;16;23*4;14","6",""
1319,1028.1195,1020.5918,1271.4508,";;34;27;36;28;13*6;29;5;10;2*24;30;21;19;25;33;1;15*38;9;18;12;31;20;32;35;37;26;17;11*8;22;3;7;16;23*4;14","6",""
1320,1027.1045,1020.5918,1217.5327,";;34;27;36;28;13*6;29;5;10;2*24;30;21;19;25;33;1;15*38;9;18;12;31;20;32;35;37;26;17;11*8;22;3;7;16;23*4;14","6",""
1321,1039.5402,1020.5918,1362.0345,";;34;27;36;28;13*6;29;5;10;2*24;30;21;19;25;33;1;15*38;9;18;12;31;20;32;35;37;26;17;11*8;22;3;7;16;23*4;14","6",""
1322,1032.9899,1020.5918,1350.077,";;34;27;36;28;13*6;29;5;10;2*24;30;21;19;25;33;1;15*38;9;18;12;31;20;32;35;37;26;17;11*8;22;3;7;16;23*4;14","6",""
1323,1038.7012,1020.5918,1341.0215,";;34;27;36;28;13*6;29;5;10;2*24;30;21;19;25;33;1;15*38;9;18;12;31;20;32;35;37;26;17;11*8;22;3;7;16;23*4;14","6",""
1324,1038.6865,1020.5918,1480.5986,";;34;27;36;28;13*6;29;5;10;2*24;30;21;19;25;33;1;15*38;9;18;12;31;20;32;35;37;26;17;11*8;22;3;7;16;23*4;14","6",""
1325,1029.3057,1020.5918,1382.9403,";;34;27;36;28;13*6;29;5;10;2*24;30;21;19;25;33;1;15*38;9;18;12;31;20;32;35;37;26;17;11*8;22;3;7;16;23*4;14","6",""
1326,1027.3721,1020.5918,1209.3236,";;34;27;36;28;13*6;29;5;10;2*24;30;21;19;25;33;1;15*38;9;18;12;31;20;32;35;37;26;17;11*8;22;3;7;16;23*4;14","6",""
1327,1038.6449,1020.5918,1398.321,";;34;27;36;28;13*6;29;5;10;2*24;30;21;19;25;33;1;15*38;9;18;12;31;20;32;35;37;26;17;11*8;22;3;7;16;23*4;14","6",""
1328,1028.3628,1020.5918,1212.3179,";;34;27;36;28;13*6;29;5;10;2*24;30;21;19;25;33;1;15*38;9;18;12;31;20;32;35;37;26;17;11*8;22;3;7;16;23*4;14","6",""
1329,1032.1539,1020.5918,1309.2573,";;34;27;36;28;13*6;29;5;10;2*24;30;21;19;25;33;1;15*38;9;18;12;31;20;32;35;37;26;17;11*8;22;3;7;16;23*4;14","6",""
1330,1029.0393,1020.5918,1449.0023,";;34;27;36;28;13*6;29;5;10;2*24;30;21;19;25;33;1;15*38;9;18;12;31;20;32;35;37;26;17;11*8;22;3;7;16;23*4;14","6",""
1331,1027.9869,1020.5918,1401.6146,";;34;27;36;28;13*6;29;5;10;2*24;30;21;19;25;33;1;15*38;9;18;12;31;20;32;35;37;26;17;11*8;22;3;7;16;23*4;14","6",""
1332,1031.3578,1020.5918,1284.2094,";;34;27;36;28;13*6;29;5;10;2*24;30;21;19;25;33;1;15*38;9;18;12;31;20;32;35;37;26;17;11*8;22;3;7;16;23*4;14","6",""
1333,1041.2197,1020.5918,1342.5638,";;34;27;36;28;13*6;29;5;10;2*24;30;21;19;25;33;1;15*38;9;18;12;31;20;32;35;37;26;17;11*8;22;3;7;16;23*4;14","6",""
1334,1029.2706,1020.5918,1401.6146,";;34;27;36;28;13*6;29;5;10;2*24;30;21;19;25;33;1;15*38;9;18;12;31;20;32;35;37;26;17;11*8;22;3;7;16;23*4;14","6",""
1335,1028.1464,1020.5918,1287.1545,";;34;27;36;28;13*6;29;5;10;2*24;30;21;19;25;33;1;15*38;9;18;12;31;20;32;35;37;26;17;11*8;22;3;7;16;23*4;14","6",""
1336,1026.7451,1020.5918,1246.0992,";;34;27;36;28;13*6;29;5;10;2*24;30;21;19;25;33;1;15*38;9;18;12;31;20;32;35;37;26;17;11*8;22;3;7;16;23*4;14","6",""
1337,1036.3416,1020.5918,1423.3231,";;34;27;36;28;13*6;29;5;10;2*24;30;21;19;25;33;1;15*38;9;18;12;31;20;32;35;37;26;17;11*8;22;3;7;16;23*4;14","6",""
1338,1027.6841,1020.5918,1284.458,";;34;27;36;28;13*6;29;5;10;2*24;30;21;19;25;33;1;15*38;9;18;12;31;20;32;35;37;26;17;11*8;22;3;7;16;23*4;14","6",""
1339,1037.1356,1020.5918,1332.3151,";;34;27;36;28;13*6;29;5;10;2*24;30;21;19;25;33;1;15*38;9;18;12;31;20;32;35;37;26;17;11*8;22;3;7;16;23*4;14","6",""
1340,1030.2506,1020.5918,1308.8503,";;34;27;36;28;13*6;29;5;10;2*24;30;21;19;25;33;1;15*38;9;18;12;31;20;32;35;37;26;17;11*8;22;3;7;16;23*4;14","6",""
1341,1027.0507,1020.5918,1303.99,";;34;27;36;28;13*6;29;5;10;2*24;30;21;19;25;33;1;15*38;9;18;12;31;20;32;35;37;26;17;11*8;22;3;7;16;23*4;14","6",""
1342,1029.8202,1020.5918,1351.1144,";;34;27;36;28;13*6;29;5;10;2*24;30;21;19;25;33;1;15*38;9;18;12;31;20;8;35;37;26;17;11*32;22;3;7;16;23;4;14","5",""
1343,1047.114,1020.5918,1532.9471,";;34;27;36;28;13*6;29;5;10;2*24;30;21;19;25;33;1;15*38;9;18;12;31;20;32;35;37;26;17;11*8;22;3;7;16;23*4;14","6",""
1344,1027.8507,1020.5918,1348.1278,";;34;27;36;28;13*6;29;5;10;2*24;30;21;19;25;33;1;15*38;9;18;12;31;20;32;35;37;26;17;11*8;22;3;7;16;23*4;14","6",""
1345,1035.791,1020.5918,1517.7623,";;34;27;36;28;13*6;29;5;10;2*24;30;21;19;25;33;1;15*38;9;18;12;31;20;32;35;37;26;17;11*8;22;3;7;16;23*4;14","6",""
1346,1028.929,1020.5918,1344.9128,";;34;27;36;28;13*6;29;5;10;2*24;30;21;19;25;33;1;15*38;9;18;12;31;20;32;35;37;26;17;11*8;22;3;7;16;23*4;14","6",""
1347,1026.2251,1020.5918,1232.4895,";;34;27;36;28;13*6;29;5;10;2*24;30;21;19;25;33;1;15*38;9;18;12;31;20;32;35;37;26;17;11*8;22;3;7;16;23*4;14","6",""
1348,1035.4723,1020.5918,1405.2947,";;34;27;36;28;13*6;29;5;10;2*24;30;21;19;25;33;1;15*38;9;18;12;31;20;32;35;37;26;17;11*8;22;3;7;16;23*4;14","6",""
1349,1028.7269,1020.5918,1349.9656,";;34;27;36;28;13*6;29;5;10;2*24;30;21;19;25;33;1;15*38;9;18;12;31;20;32;35;37;26;17;11*8;22;3;7;16;23*4;14","6",""
1350,1026.4493,1020.5918,1236.8857,";;34;27;36;28;13*6;29;5;10;2*24;30;21;19;25;33;1;15*38;9;18;12;31;20;32;35;37;26;17;11*8;22;3;7;16;23*4;14","6",""
1351,1033.2903,1020.5918,1293.4427,";;34;27;36;28;13*6;29;5;10;2*24;30;21;19;25;33;1;15*38;9;18;12;31;20;32;35;37;26;17;11*8;22;3;7;16;23*4;14","6",""
1352,1033.4738,1020.5918,1336.0214,";;34;27;36;28;13*6;29;5;10;2*24;30;21;19;25;33;1;15*38;9;18;12;31;20;32;35;37;26;17;11*8;22;3;7;16;23*4;14","6",""
1353,1047.4445,1020.5918,1481.6705,";;34;27;36;28;13*6;29;5;10;2*24;30;21;19;25;33;1;15*38;9;18;12;31;20;32;35;37;26;17;11*8;22;3;7;16;23*4;14","6",""
1354,1029.7783,1020.5918,1335.9728,";;34;27;36;28;13*6;29;5;10;2*24;30;21;19;25;33;1;15*38;9;18;12;31;20;32;35;37;26;17;11*8;22;3;7;16;23*4;14","6",""
1355,1029.5609,1020.5918,1364.447,";;34;27;36;28;13*6;29;5;10;2*24;30;21;19;25;33;1;15*38;9;18;12;31;20;32;35;37;26;17;11*8;22;3;7;16;23*4;14","6",""
1356,1028.352,1020.5918,1326.5063,";;34;27;36;28;13*6;29;5;10;2*24;30;21;19;25;33;1;15*38;9;18;12;31;20;32;35;37;26;17;11*8;22;3;7;16;23*4;14","6",""
1357,1034.3982,1020.5918,1263.6051,";;34;27;36;28;13*6;29;5;10;2*24;30;21;19;25;33;1;15*38;9;18;12;31;20;32;35;37;26;17;11*8;22;3;7;16;23*4;14","6",""
1358,1027.469,1020.5918,1292.5927,";;34;27;36;28;13*6;29;5;10;2*24;30;21;19;25;33;1;15*38;9;18;12;31;20;32;35;37;26;17;11*8;22;3;7;16;23*4;14","6",""
1359,1037.1074,1020.5918,1462.7137,";;34;27;36;28;13*6;29;5;10;2*24;30;21;19;25;33;1;15*38;9;18;12;31;20;32;35;37;26;17;11*8;22;3;7;16;23*4;14","6",""
1360,1028.174,1020.5918,1226.5321,";;34;27;36;28;13*6;29;5;10;2*24;30;21;19;25;33;1;15*38;9;18;12;31;20;32;35;37;26;17;11*8;22;3;7;16;23*4;14","6",""
1361,1035.4984,1020.5918,1309.2573,";;34;27;36;28;13*6;29;5;10;2*24;30;21;19;25;33;1;15*38;9;18;12;31;20;32;35;37;26;17;11*8;22;3;7;16;23*4;14","6",""
1362,1035.711,1020.5918,1294.864,";;34;27;36;28;13*6;29;5;10;2*24;30;21;19;25;33;1;15*38;9;18;12;31;20;32;35;37;26;17;11*8;22;3;7;16;23*4;14","6",""
1363,1031.6051,1020.5918,1517.7623,";;34;27;36;28;13*6;29;5;10;2*24;30;21;19;25;33;1;15*38;9;18;12;31;20;32;35;37;26;17;11*8;22;3;7;16;23*4;14","6",""
1364,1039.5255,1020.5918,1393.1125,";;34;27;36;28;13*6;29;5;10;2*24;30;21;19;25;33;1;15*38;9;18;12;31;20;32;35;37;26;17;11*8;22;3;7;16;23*4;14","6",""
1365,1026.179,1020.5918,1198.0989,";;34;27;36;28;13*6;29;5;10;2*24;30;21;19;25;33;1;15*38;9;18;12;31;20;32;35;37;26;17;11*8;22;3;7;16;23*4;14","6",""
1366,1034.5842,1020.5918,1382.9403,";;34;27;36;28;13*6;29;5;10;2*24;30;21;19;25;33;1;15*38;9;18;12;31;20;32;35;37;26;17;11*8;22;3;7;16;23*4;14","6",""
1367,1035.9279,1020.5918,1336.0214,";;34;27;36;28;13*6;29;5;10;2*24;30;21;19;25;33;1;15*38;9;18;12;31;20;32;35;37;26;17;11*8;22;3;7;16;23*4;14","6",""
1368,1037.0856,1020.5918,1354.2948,";;34;27;36;28;13*6;29;5;10;2*24;30;21;19;25;33;1;15*38;9;18;12;31;20;32;35;37;26;17;11*8;22;3;7;16;23*4;14","6",""
1369,1036.3699,1020.5918,1393.1125,";;34;27;36;28;13*6;29;5;10;2*24;30;21;19;25;33;1;15*38;9;18;12;31;20;32;35;37;26;17;11*8;22;3;7;16;23*4;14","6",""
1370,1034.1711,1020.5918,1322.3773,";;34;27;36;28;13*6;29;5;10;2*24;30;21;19;25;33;1;15*38;9;18;12;31;20;32;35;37;26;17;11*8;22;3;7;16;23*4;14","6",""
1371,1043.3702,1020.5918,1339.3326,";;34;27;36;28;13*6;29;5;10;2*24;30;21;19;25;33;1;15*38;9;18;12;31;20;32;35;37;26;17;11*8;22;3;7;16;23*4;14","6",""
1372,1031.5042,1020.5918,1347.0314,";;34;27;36;28;13*6;29;5;10;2*24;30;21;19;25;33;1;15*38;9;18;12;31;20;32;35;37;26;17;11*8;22;3;7;16;23*4;14","6",""
1373,1044.9398,1020.5918,1381.244,";;34;27;36;28;13*6;29;5;10;2*24;30;21;19;25;33;1;15*38;9;18;12;31;20;32;35;37;26;17;11*8;22;3;7;16;23*4;14","6",""
1374,1030.0038,1020.5918,1245.5481,";;34;27;36;28;13*6;29;5;10;2*24;30;21;19;25;33;1;15*38;9;18;12;31;20;32;35;37;26;17;11*8;22;3;7;16;23*4;14","6",""
1375,1033.3055,1020.5918,1293.7458,";;34;27;36;28;13*6;29;5;10;2*24;30;21;19;25;33;1;15*38;9;18;12;31;20;32;35;37;26;17;11*8;22;3;7;16;23*4;14","6",""
1376,1032.7861,1020.5918,1381.175,";;34;27;36;28;13*6;29;5;10;2*24;30;21;19;25;33;1;15*38;9;18;12;31;20;32;35;37;26;17;11*8;22;3;7;16;23*4;14","6",""
1377,1029.602,1020.5918,1302.583,";;34;27;36;28;13*6;29;5;10;2*24;30;21;19;25;33;1;15*38;9;18;12;31;20;32;35;37;26;17;11*8;22;3;7;16;23*4;14","6",""
1378,1028.2443,1020.5918,1348.4991,";;34;27;36;28;13*6;29;5;10;2*24;30;21;19;25;33;1;15*38;9;18;12;31;20;32;35;37;26;17;11*8;22;3;7;16;23*4;14","6",""
1379,1031.2256,1020.5918,1459.955,";;34;27;36;28;13*6;29;5;10;2*24;30;21;19;25;33;1;15*38;9;18;12;31;20;32;35;37;26;17;11*8;22;3;7;16;23*4;14","6",""
1380,1027.0935,1020.5918,1217.8989,";;34;27;36;28;13*6;29;5;10;2*24;30;21;19;25;33;1;15*38;9;18;12;31;20;32;35;37;26;17;11*8;22;3;7;16;23*4;14","6",""
1381,1031.8912,1020.5918,1356.5955,";;34;27;36;28;13*6;29;5;10;2*24;30;21;19;25;33;1;15*38;9;18;12;31;20;32;35;37;26;17;11*8;22;3;7;16;23*4;14","6",""
1382,1022.78033,1020.5918,1130.0891,";;34;27;36;28;13*6;29;5;10;2*24;30;21;19;25;33;1;15*38;9;18;12;31;20;32;35;37;26;17;11*8;22;3;7;16;23*4;14","6",""
1383,1037.8011,1020.5918,1356.4304,";;34;27;36;28;13*6;29;5;10;2*24;30;21;19;25;33;1;15*38;9;18;12;31;20;32;35;37;26;17;11*8;22;3;7;16;23*4;14","6",""
1384,1048.6425,1020.5918,1396.0105,";;34;27;36;28;13*6;29;5;10;2*24;30;21;19;25;33;1;15*38;9;18;12;31;20;32;35;37;26;17;11*8;22;3;7;16;23*4;14","6",""
1385,1028.5161,1020.5918,1282.8167,";;34;27;36;28;13*6;29;5;10;2*24;30;21;19;25;33;1;15*38;9;18;12;31;20;32;35;37;26;17;11*8;22;3;7;16;23*4;14","6",""
1386,1031.3792,1020.5918,1294.682,";;34;27;36;28;13*6;29;5;10;2*24;30;21;19;25;33;1;15*38;9;18;12;31;20;32;35;37;26;17;11*8;22;3;7;16;23*4;14","6",""
1387,1029.0884,1020.5918,1235.1758,";;34;27;36;28;13*6;29;5;10;2*24;30;21;19;25;33;1;15*38;9;18;12;31;20;32;35;37;26;17;11*8;22;3;7;16;23*4;14","6",""
1388,1034.6115,1020.5918,1558.8986,";;34;27;36;28;13*6;29;5;10;2*24;30;21;19;25;33;1;15*38;9;18;12;31;20;32;35;37;26;17;11*8;22;3;7;16;23*4;14","6",""
1389,1041.5165,1020.5918,1368.346,";;34;27;36;28;13*6;29;5;10;2*24;30;21;19;25;33;1;15*38;9;18;12;31;20;32;35;37;26;17;11*8;22;3;7;16;23*4;14","6",""
1390,1031.6503,1020.5918,1424.65,";;34;27;36;28;13*6;29;5;10;2*24;30;21;19;25;33;1;15*38;9;18;12;31;20;32;35;37;26;17;11*8;22;3;7;16;23*4;14","6",""
1391,1029.1437,1020.5918,1195.4519,";;34;27;36;28;13*6;29;5;10;2*24;30;21;19;25;33;1;15*38;9;18;12;31;20;32;35;37;26;17;11*8;22;3;7;16;23*4;14","6",""
1392,1031.089,1020.5918,1333.3468,";;34;27;36;28;13*6;29;5;10;2*24;30;21;19;25;33;1;15*38;9;18;12;31;20;32;35;37;26;17;11*8;22;3;7;16;23*4;14","6",""
1393,1034.4818,1020.5918,1310.6451,";;34;27;36;28;13*6;29;5;10;2*24;30;21;19;25;33;1;15*38;9;18;12;31;20;32;35;37;26;17;11*8;22;3;7;16;23*4;14","6",""
1394,1030.011,1020.5918,1308.5594,";;34;27;36;28;13*6;29;5;10;2*24;30;21;19;25;33;1;15*38;9;18;12;31;20;32;35;37;26;17;11*8;22;3;7;16;23*4;14","6",""
1395,1025.8629,1020.5918,1287.1545,";;34;27;36;28;13*6;29;5;10;2*24;30;21;19;25;33;1;15*38;9;18;12;31;20;32;35;37;26;17;11*8;22;3;7;16;23*4;14","6",""
1396,1026.3353,1020.5918,1172.7341,";;34;27;36;28;13*6;29;5;10;2*24;30;21;19;25;33;1;15*38;9;18;12;31;20;32;35;37;26;17;11*8;22;3;7;16;23*4;14","6",""
1397,1024.3832,1020.5918,1171.0985,";;34;27;36;28;13*6;29;5;10;2*24;30;21;19;25;33;1;15*38;9;18;12;31;20;32;35;37;26;17;11*8;22;3;7;16;23*4;14","6",""
1398,1032.1056,1020.5918,1325.1952,";;34;27;36;28;13*6;29;5;10;2*24;30;21;19;25;33;1;15*38;9;18;12;31;20;32;35;37;26;17;11*8;22;3;7;16;23*4;14","6",""
1399,1036.8691,1020.5918,1381.175,";;34;27;36;28;13*6;29;5;10;2*24;30;21;19;25;33;1;15*38;9;18;12;31;20;32;35;37;26;17;11*8;22;3;7;16;23*4;14","6",""
1400,1039.9095,1020.5918,1470.1567,";;34;27;36;28;13*6;29;5;10;2*24;30;21;19;25;33;1;15*38;9;18;12;31;20;32;35;37;26;17;11*8;22;3;7;16;23*4;14","6",""
1401,1035.8611,1020.5918,1517.7623,";;34;27;36;28;13*6;29;5;10;2*24;30;21;19;25;33;1;15*38;9;18;12;31;20;32;35;37;26;17;11*8;22;3;7;16;23*4;14","6",""
1402,1030.402,1020.5918,1339.3326,";;34;27;36;28;13*6;29;5;10;2*24;30;21;19;25;33;1;15*38;9;18;12;31;20;32;35;37;26;17;11*8;22;3;7;16;23*4;14","6",""
1403,1034.8304,1020.5918,1481.6705,";;34;27;36;28;13*6;29;5;10;2*24;30;21;19;25;33;1;15*38;9;18;12;31;20;32;35;37;26;17;11*8;22;3;7;16;23*4;14","6",""
1404,1029.3,1020.5918,1189.559,";;34;27;36;28;13*6;29;5;10;2*24;30;21;19;25;33;1;15*38;9;18;12;31;20;32;35;37;26;17;11*8;22;3;7;16;23*4;14","6",""
1405,1024.3871,1020.5918,1175.0486,";;34;27;36;28;13*6;29;5;10;2*24;30;21;19;25;33;1;15*38;9;18;12;31;20;32;35;37;26;17;11*8;22;3;7;16;23*4;14","6",""
1406,1037.0513,1020.5918,1558.8986,";;34;27;36;28;13*6;29;5;10;2*24;30;21;19;25;33;1;15*38;9;18;12;31;20;32;35;37;26;17;11*8;22;3;7;16;23*4;14","6",""
1407,1030.0417,1020.5918,1314.2976,";;34;27;36;28;13*6;29;5;10;2*24;30;21;19;25;33;1;15*38;9;18;12;31;20;32;35;37;26;17;11*8;22;3;7;16;23*4;14","6",""
1408,1035.8032,1020.5918,1494.8442,";;34;27;36;28;13*6;29;5;10;2*24;30;21;19;25;33;1;15*38;9;18;12;31;20;32;35;37;26;17;11*8;22;3;7;16;23*4;14","6",""
1409,1024.46,1020.5918,1256.4307,";;34;27;36;28;13*6;29;5;10;2*24;30;21;19;25;33;1;15*38;9;18;12;31;20;32;35;37;26;17;11*8;22;3;7;16;23*4;14","6",""
1410,1037.4982,1020.5918,1267.8855,";;34;27;36;28;13*6;29;5;10;2*24;30;21;19;25;33;1;15*38;9;18;12;31;20;32;35;37;26;17;11*8;22;3;7;16;23*4;14","6",""
1411,1030.2006,1020.5918,1303.7892,";;34;27;36;28;13*6;29;5;10;2*24;30;21;19;25;33;1;15*38;9;18;12;31;20;32;35;37;26;17;11*8;22;3;7;16;23*4;14","6",""
1412,1044.2627,1020.5918,1503.8555,";;34;27;36;28;13*6;29;5;10;2*24;30;21;19;25;33;1;15*38;9;18;12;31;20;32;35;37;26;17;11*8;22;3;7;16;23*4;14","6",""
1413,1025.7686,1020.5918,1454.5134,";;34;27;36;28;13*6;29;5;10;2*24;30;21;19;25;33;1;15*38;9;18;12;31;20;32;35;37;26;17;11*8;22;3;7;16;23*4;14","6",""
1414,1051.3615,1020.5918,1356.4304,";;34;27;36;28;13*6;29;5;10;2*24;30;21;19;25;33;1;15*38;9;18;12;31;20;32;35;37;26;17;11*8;22;3;7;16;23*4;14","6",""
1415,1029.1176,1020.5918,1256.5565,";;34;27;36;28;13*6;29;5;10;2*24;30;21;19;25;33;1;15*38;9;18;12;31;20;32;35;37;26;17;11*8;22;3;7;16;23*4;14","6",""
1416,1033.2686,1020.5918,1326.5063,";;34;27;36;28;13*6;29;5;10;2*24;30;21;19;25;33;1;15*38;9;18;12;31;20;32;35;37;26;17;11*8;22;3;7;16;23*4;14","6",""
1417,1032.9442,1020.5918,1340.3302,";;34;27;36;28;13*6;29;5;10;2*24;30;21;19;25;33;1;15*38;9;18;12;31;20;32;35;37;26;17;11*8;22;3;7;16;23*4;14","6",""
1418,1037.8322,1020.5918,1498.0114,";;34;27;36;28;13*6;29;5;10;2*24;30;21;19;25;33;1;15*38;9;18;12;31;20;32;35;37;26;17;11*8;22;3;7;16;23*4;14","6",""
1419,1031.8417,1020.5918,1362.0345,";;34;27;36;28;13*6;29;5;10;2*24;30;21;19;25;33;1;15*38;9;18;12;31;20;32;35;37;26;17;11*8;22;3;7;16;23*4;14","6",""
1420,1029.9413,1020.5918,1217.5327,";;34;27;36;28;13*6;29;5;10;2*24;30;21;19;25;33;1;15*38;9;18;12;31;20;32;35;37;26;17;11*8;22;3;7;16;23*4;14","6",""
1421,1024.0195,1020.5918,1219.5627,";;34;27;36;28;13*6;29;5;10;2*24;30;21;19;25;33;1;15*38;9;18;12;31;20;32;35;37;26;17;11*8;22;3;7;16;23*4;14","6",""
1422,1030.045,1020.5918,1266.4514,";;34;27;36;28;13*6;29;5;10;2*24;30;21;19;25;33;1;15*38;9;18;12;31;20;32;35;37;26;17;11*8;22;3;7;16;23*4;14","6",""
1423,1036.9702,1020.5918,1428.3601,";;34;27;36;28;13*6;29;5;10;2*24;30;21;19;25;33;1;15*38;9;18;12;31;20;32;35;37;26;17;11*8;22;3;7;16;23*4;14","6",""
1424,1034.3207,1020.5918,1271.4508,";;34;27;36;28;13*6;29;5;10;2*24;30;21;19;25;33;1;15*38;9;18;12;31;20;32;35;37;26;17;11*8;22;3;7;16;23*4;14","6",""
1425,1037.1978,1020.5918,1454.5134,";;34;27;36;28;13*6;29;5;10;2*24;30;21;19;25;33;1;15*38;9;18;12;31;20;32;35;37;26;17;11*8;22;3;7;16;23*4;14","6",""
1426,1035.0748,1020.5918,1332.9818,";;34;27;36;28;13*6;29;5;10;2*24;30;21;19;25;33;1;15*38;9;18;12;31;20;32;35;37;26;17;11*8;22;3;7;16;23*4;14","6",""
1427,1034.5504,1020.5918,1310.6451,";;34;27;36;28;13*6;29;5;10;2*24;30;21;19;25;33;1;15*38;9;18;12;31;20;32;35;37;26;17;11*8;22;3;7;16;23*4;14","6",""
1428,1036.4614,1020.5918,1502.5903,";;34;27;36;28;13*6;29;5;10;2*24;30;21;19;25;33;1;15*38;9;18;12;31;20;32;35;37;26;17;11*8;22;3;7;16;23*4;14","6",""
1429,1027.366,1020.5918,1336.0214,";;34;27;36;28;13*6;29;5;10;2*24;30;21;19;25;33;1;15*38;9;18;12;31;20;32;35;37;26;17;11*8;22;3;7;16;23*4;14","6",""
1430,1031.2349,1020.5918,1261.8605,";;34;27;36;28;13*6;29;5;10;2*24;30;21;19;25;33;1;15*38;9;18;12;31;20;32;35;37;26;17;11*8;22;3;7;16;23*4;14","6",""
1431,1039.4882,1020.5918,1348.4991,";;34;27;36;28;13*6;29;5;10;2*24;30;21;19;25;33;1;15*38;9;18;12;31;20;32;35;37;26;17;11*8;22;3;7;16;23*4;14","6",""
1432,1027.8832,1020.5918,1322.5897,";;34;27;36;28;13*6;29;5;10;2*24;30;21;19;25;33;1;15*38;9;18;12;31;20;32;35;37;26;17;11*8;22;3;7;16;23*4;14","6",""
1433,1029.7449,1020.5918,1362.0345,";;34;27;36;28;13*6;29;5;10;2*24;30;21;19;25;33;1;15*38;9;18;12;31;20;32;35;37;26;17;11*8;22;3;7;16;23*4;14","6",""
1434,1029.9827,1020.5918,1301.0452,";;34;27;36;28;13*6;29;5;10;2*24;30;21;19;25;33;1;15*38;9;18;12;31;20;32;35;37;26;17;11*8;22;3;7;16;23*4;14","6",""
1435,1030.484,1020.5918,1308.8503,";;34;27;36;28;13*6;29;5;10;2*24;30;21;19;25;33;1;15*38;9;18;12;31;20;32;35;37;26;17;11*8;22;3;7;16;23*4;14","6",""
1436,1030.9219,1020.5918,1384.2372,";;34;27;36;28;13*6;29;5;10;2*24;30;21;19;25;33;1;15*38;9;18;12;31;20;32;35;37;26;17;11*8;22;3;7;16;23*4;14","6",""
1437,1025.9403,1020.5918,1226.5321,";;34;27;36;28;13*6;29;5;10;2*24;30;21;19;25;33;1;15*38;9;18;12;31;20;32;35;37;26;17;11*8;22;3;7;16;23*4;14","6",""
1438,1027.6046,1020.5918,1232.22,";;34;27;36;28;13*6;29;5;10;2*24;30;21;19;25;33;1;15*38;9;18;12;31;20;32;35;37;26;17;11*8;22;3;7;16;23*4;14","6",""
1439,1027.9636,1020.5918,1290.6088,";;34;27;36;28;13*6;29;5;10;2*24;30;21;19;25;33;1;15*38;9;18;12;31;20;32;35;37;26;17;11*8;22;3;7;16;23*4;14","6",""
1440,1028.7161,1020.5918,1224.212,";;34;27;36;28;13*6;29;5;10;2*24;30;21;19;25;33;1;15*38;9;18;12;31;20;32;35;37;26;17;11*8;22;3;7;16;23*4;14","6",""
1441,1039.425,1020.5918,1381.244,";;34;27;36;28;13*6;29;5;10;2*24;30;21;19;25;33;1;15*38;9;18;12;31;20;32;35;37;26;17;11*8;22;3;7;16;23*4;14","6",""
1442,1031.6056,1020.5918,1446.2714,";;34;27;36;28;13*6;29;5;10;2*24;30;21;19;25;33;1;15*38;9;18;12;31;20;32;35;37;26;17;11*8;22;3;7;16;23*4;14","6",""
1443,1023.69305,1020.5918,1315.3649,";;34;27;36;28;13*6;29;5;10;2*24;30;21;19;25;33;1;15*38;9;18;12;31;20;32;35;37;26;17;11*8;22;3;7;16;23*4;14","6",""
1444,1031.2921,1020.5918,1348.4991,";;34;27;36;28;13*6;29;5;10;2*24;30;21;19;25;33;1;15*38;9;18;12;31;20;32;35;37;26;17;11*8;22;3;7;16;23*4;14","6",""
1445,1031.8068,1020.5918,1401.6146,";;34;27;36;28;13*6;29;5;10;2*24;30;21;19;25;33;1;15*38;9;18;12;31;20;32;35;37;26;17;11*8;22;3;7;16;23*4;14","6",""
1446,1028.4385,1020.5918,1264.8535,";;34;27;36;28;13*6;29;5;10;2*24;30;21;19;25;33;1;15*38;9;18;12;31;20;32;35;37;26;17;11*8;22;3;7;16;23*4;14","6",""
1447,1032.8348,1020.5918,1302.9752,";;34;27;36;28;13*6;29;5;10;2*24;30;21;19;25;33;1;15*38;9;18;12;31;20;32;35;37;26;17;11*8;22;3;7;16;23*4;14","6",""
1448,1039.684,1020.5918,1389.781,";;34;27;36;28;13*6;29;5;10;2*24;30;21;19;25;33;1;15*38;9;18;12;31;20;32;35;37;26;17;11*8;22;3;7;16;23*4;14","6",""
1449,1030.0576,1020.5918,1255.5074,";;34;27;36;28;13*6;29;5;10;2*24;30;21;19;25;33;1;15*38;9;18;12;31;20;32;35;37;26;17;11*8;22;3;7;16;23*4;14","6",""
1450,1032.6447,1020.5918,1389.781,";;34;27;36;28;13*6;29;5;10;2*24;30;21;19;25;33;1;15*38;9;18;12;31;20;32;35;37;26;17;11*8;22;3;7;16;23*4;14","6",""
1451,1027.7267,1020.5918,1280.5588,";;34;27;36;28;13*6;29;5;10;2*24;30;21;19;25;3;1*15;38;9;18;12;31;20;32;35;37;26;17*11;8;22;33;7;16*23;4;14","6",""
1452,1042.0365,1020.5918,1354.8743,";;34;27;36;28;13*6;29;5;10;2*24;30;21;19;25;33;1;15*38;9;18;12;31;20;32;35;37;26;17;11*8;22;3;7;16;23*4;14","6",""
1453,1052.0201,1020.5918,1494.8442,";;34;27;36;28;13*6;29;5;10;2*24;35;21;19;25;33;1;15*38;9;18;12;31;20;32;30;37;26;17;11*8;22;3;7;16;23*4;14","6",""
1454,1029.8389,1020.5918,1396.0105,";;34;27;36;28;13*6;29;5;10;2*24;30;21;19;25;33;1;15*38;9;18;12;31;20;32;35;37;26;17;11*8;22;3;7;16;23*4;14","6",""
1455,1041.142,1020.5918,1481.6705,";;34;27;36;28;13*6;29;5;10;2*24;30;21;19;25;33;1;15*38;9;18;12;31;20;32;35;37;26;17;11*8;22;3;7;16;23*4;14","6",""
1456,1035.1256,1020.5918,1314.2976,";;34;27;36;28;13*6;29;5;10;2*24;30;21;19;25;33;1;15*38;9;18;12;31;20;32;35;37;26;17;11*8;22;3;7;16;23*4;14","6",""
1457,1032.2377,1020.5918,1405.2947,";;34;27;36;28;13*6;29;5;10;2*24;30;21;19;25;33;1;15*38;9;18;12;31;20;32;35;37;26;17;11*8;22;3;7;16;23*4;14","6",""
1458,1030.6312,1020.5918,1302.7168,";;34;27;36;28;13*6;29;5;10;2*24;30;21;19;25;33;1;15*38;9;18;12;31;20;32;35;37;26;17;11*8;22;3;7;16;23*4;14","6",""
1459,1036.8043,1020.5918,1398.321,";;34;27;36;28;13*6;29;5;10;2*24;30;21;19;25;33;1;15*38;9;18;12;31;20;32;35;37;26;17;11*8;22;3;7;16;23*4;14","6",""
1460,1026.8536,1020.5918,1190.5226,";;34;27;36;28;13*6;29;5;10;2*24;30;21;19;25;33;1;15*38;9;18;12;31;20;32;35;37;26;17;11*8;22;3;7;16;23*4;14","6",""
1461,1024.6332,1020.5918,1232.5527,";;34;27;36;28;13*6;29;5;10;2*24;30;21;19;25;33;1;15*38;9;18;12;31;20;32;35;37;26;17;11*8;22;3;7;16;23*4;14","6",""
1462,1046.1282,1020.5918,1338.7946,";;34;27;36;28;13*6;29;5;10;2*24;30;17;19;25;33;1;15*38;9;18;12;31;20;32;35;37;26;21;11;8*22;3;7;16;23;4;14","5",""
1463,1026.7959,1020.5918,1207.3097,";;34;27;36;28;13*6;29;5;10;2*24;30;21;19;8;33;1;15;38;9*18;12;31;20;32;35;37;26;17;11*25;22;3;7;16*23;4;14","6",""
1464,1034.662,1020.5918,1308.8503,";;34;27;36;28;13*6;29;5;10;2*24;30;21;19;25;33;1;15*38;9;18;12;31;20;32;35;37;26;17;11*8;22;3;7;16;23*4;14","6",""
1465,1025.3517,1020.5918,1293.4427,";;34;27;36;28;13*6;29;5;10;2*24;30;21;19;25;33;1;15*38;9;18;12;31;20;32;35;37;26;17;11*8;22;3;7;16;23*4;14","6",""
1466,1036.6987,1020.5918,1351.1144,";;34;27;36;28;13*6;29;5;10;2*24;30;21;19;25;33;1;15*38;9;18;12;31;20;32;35;37;26;17;11*8;22;3;7;16;23*4;14","6",""
1467,1029.1031,1020.5918,1298.8143,";;34;27;36;28;13*6;29;5;10;2*24;30;21;19;25;33;1;15*38;9;18;12;31;20;32;35;37;26;17;11*8;22;3;7;16;23*4;14","6",""
1468,1040.9313,1020.5918,1314.3572,";;34;27;36;28;13*6;29;5;10;2*24;30;21;19;25;33;1;15*38;9;18;12;31;20;32;35;37;26;17;11*8;22;3;7;16;23*4;14","6",""
1469,1040.8271,1020.5918,1423.2006,";;34;27;36;28;13*6;29;5;10;2*24;30;21;19;25;33;1;15*38;9;18;12;31;20;32;35;37;26;17;11*8;22;3;7;16;23*4;14","6",""
1470,1033.2443,1020.5918,1381.175,";;34;27;36;28;13*6;29;5;10;2*24;30;21;19;25;33;1;15*38;9;18;12;31;20;32;35;37;26;17;11*8;22;3;7;16;23*4;14","6",""
1471,1030.3032,1020.5918,1280.5588,";;34;27;36;28;13*6;29;5;10;2*24;30;18;19;25;33;1;15*38;9;21;12;31;20;32;35;37;26;17;11;8*22;3;7;16;23;4;14","5",""
1472,1030.6548,1020.5918,1253.0612,";;34;27;36;28;13*6;29;5;10;2*24;30;21;19;25;33;1;15*38;9;18;12;31;20;32;35;37;26;17;11*8;22;3;7;16;23*4;14","6",""
1473,1026.7495,1020.5918,1297.0143,";;34;27;36;28;13*6;29;5;10;2*24;30;21;19;25;33;1;15*38;9;18;12;31;20;32;35;37;26;17;11*8;22;3;7;16;23*4;14","6",""
1474,1028.9601,1020.5918,1344.9128,";;34;27;36;28;13*6;29;5;10;2*24;30;21;19;25;33;1;15*38;9;18;12;31;20;32;35;37;26;17;11*8;22;3;7;16;23*4;14","6",""
1475,1021.45,1020.5918,1089.4077,";;34;27;36;28;13*6;29;5;10;2*24;30;21;19;25;33;1;15*38;9;18;12;31;20;32;35;37;26;17;11*8;22;3;7;16;23*4;14","6",""
1476,1031.4058,1020.5918,1297.8777,";;34;27;36;28;13*6;29;5;10;2*24;30;21;19;25;33;1;15*38;9;18;12;31;20;32;35;37;26;17;11*8;22;3;7;16;23*4;14","6",""
1477,1041.4362,1020.5918,1382.9403,";;34;27;36;28;13*6;29;5;10;2*24;30;21;19;25;33;1;15*38;9;18;12;31;20;32;35;37;26;17;11*8;22;3;7;16;23*4;14","6",""
1478,1048.4103,1020.5918,1517.7623,";;34;27;36;28;13*6;29;5;10;2*24;30;21;19;25;33;1;15*38;9;18;12;31;20;32;35;37;26;17;11*8;22;3;7;16;23*4;14","6",""
1479,1024.7396,1020.5918,1212.6642,";;34;27;36;28;13*6;29;5;10;2*24;30;21;19;25;33;1;15*38;9;18;12;31;20;32;35;37;26;17;11*8;22;3;7;16;23*4;14","6",""
1480,1029.948,1020.5918,1325.1952,";;34;27;36;28;13*6;29;5;10;2*24;30;21;19;25;33;1;15*38;9;18;12;31;20;32;35;37;26;17;11*8;22;3;7;16;23*4;14","6",""
1481,1030.1405,1020.5918,1384.2372,";;34;27;36;28;13*6;29;5;10;2*24;30;21;19;25;33;1;15*38;9;18;12;31;20;32;35;37;26;17;11*8;22;3;7;16;23*4;14","6",""
1482,1037.3549,1020.5918,1381.244,";;34;27;36;28;13*6;29;5;10;2*24;30;21;19;25;33;1;15*38;9;18;12;31;20;32;35;37;26;17;11*8;22;3;7;16;23*4;14","6",""
1483,1033.0958,1020.5918,1325.1952,";;34;27;36;28;13*6;29;5;10;2*24;30;21;19;25;33;1;15*38;9;18;12;31;20;32;35;37;26;17;11*8;22;3;7;16;23*4;14","6",""
1484,1032.1528,1020.5918,1336.0214,";;34;27;36;28;13*6;29;5;10;2*24;30;21;19;25;33;1;15*38;9;18;12;31;20;32;35;37;26;17;11*8;22;3;7;16;23*4;14","6",""
1485,1035.605,1020.5918,1289.7812,";;34;27;36;28;13*6;29;5;10;2*24;30;21;19;25;33;1;15*38;9;18;12;31;20;32;35;37;26;17;11*8;22;3;7;16;23*4;14","6",""
1486,1034.6466,1020.5918,1385.8296,";;34;27;36;28;13*6;29;5;10;2*24;30;21;19;25;33;1;15*38;9;18;12;31;20;32;35;37;26;17;11*8;22;3;7;16;23*4;14","6",""
1487,1023.0183,1020.5918,1222.2683,";;34;27;36;28;13*6;29;5;10;2*24;30;21;19;25;33;1;15*38;9;18;12;31;20;32;35;37;26;17;11*8;22;3;7;16;23*4;14","6",""
1488,1044.1255,1020.5918,1362.0345,";;34;27;36;28;13*6;29;5;10;2*24;30;21;19;25;33;1;15*38;9;18;12;31;20;32;35;37;26;17;11*8;22;3;7;16;23*4;14","6",""
1489,1042.3243,1020.5918,1364.8477,";;34;27;36;28;13*6;29;5;10;2*24;30;21;19;25;33;1;15*38;9;18;12;31;20;32;35;37;26;17;11*8;22;3;7;16;23*4;14","6",""
1490,1030.7173,1020.5918,1289.7812,";;34;27;36;28;13*6;29;5;10;2*24;30;21;19;25;33;1;15*38;9;18;12;31;20;32;35;37;26;17;11*8;22;3;7;16;23*4;14","6",""
1491,1036.3309,1020.5918,1424.7485,";;34;27;36;28;13*6;29;5;10;2*24;30;21;19;25;33;1;15*38;9;18;12;31;20;32;35;37;26;17;11*8;22;3;7;16;23*4;14","6",""
1492,1028.5297,1020.5918,1249.8413,";;34;27;36;28;13*6;29;5;10;2*24;30;21;19;25;33;1;15*38;9;18;12;31;20;32;35;37;26;17;11*8;22;3;7;16;23*4;14","6",""
1493,1040.0183,1020.5918,1377.7028,";;34;27;36;28;13*6;29;5;10;2*24;30;21;19;25;33;1;15*38;9;18;12;31;20;32;35;37;26;17;11*8;22;3;7;16;23*4;14","6",""
1494,1027.7086,1020.5918,1297.0143,";;34;27;36;28;13*6;29;5;10;2*24;30;21;19;25;33;1;15*38;9;18;12;31;20;32;35;37;26;17;11*8;22;3;7;16;23*4;14","6",""
1495,1030.9808,1020.5918,1270.1892,";;34;27;36;28;13*6;29;5;10;2*24;30;21;19;25;33;1;15*38;9;18;12;31;20;32;35;37;26;17;11*8;22;3;7;16;23*4;14","6",""
1496,1034.1925,1020.5918,1385.8296,";;34;27;36;28;13*6;29;5;10;2*24;30;21;19;25;33;1;15*38;9;18;12;31;20;32;35;37;26;17;11*8;22;3;7;16;23*4;14","6",""
1497,1026.9519,1020.5918,1241.6804,";;34;27;36;28;13*6;29;5;10;2*24;30;21;19;25;33;1;15*38;9;18;12;31;20;32;35;37;26;17;11*8;22;3;7;16;23*4;14","6",""
1498,1033.8285,1020.5918,1395.433,";;34;27;36;28;13*6;29;5;10;2*24;30;21;19;25;33;1;15*38;9;18;12;31;20;32;35;37;26;17;11*8;22;3;7;16;23*4;14","6",""
1499,1035.1483,1020.5918,1256.5565,";;34;27;36;28;13*6;29;5;10;2*24;30;21;19;25;33;1;15*38;9;18;12;31;20;32;35;37;26;17;11*8;22;3;7;16;23*4;14","6",""
1500,1026.0183,1020.5918,1345.5726,";;34;27;36;28;13*6;29;5;10;2*24;30;21;19;25;33;1;15*38;9;18;12;31;20;32;35;37;26;17;11*8;22;3;7;16;23*4;14","6",""
1501,1041.2698,1020.5918,1349.9656,";;34;27;36;28;13*6;29;5;10;2*24;30;21;19;25;33;1;15*38;9;18;12;31;20;32;35;37;26;17;11*8;22;3;7;16;23*4;14","6",""
1502,1052.5231,1020.5918,1448.2676,";;34;27;36;28;13*6;29;5;10;2*24;30;21;19;25;33;1;15*38;9;18;12;31;20;32;35;37;26;17;11*8;22;3;7;16;23*4;14","6",""
1503,1043.7545,1020.5918,1385.8296,";;34;27;36;28;13*6;29;5;10;2*24;30;21;19;25;33;1;15*38;9;18;12;31;20;32;35;37;26;17;11*8;22;3;7;16;23*4;14","6",""
1504,1030.3193,1020.5918,1256.8427,";;34;27;36;28;13*6;29;5;10;2*24;30;21;19;25;33;1;15*38;9;18;12;31;20;32;35;37;26;17;11*8;22;3;7;16;23*4;14","6",""
1505,1036.5046,1020.5918,1302.583,";;34;27;36;28;13*6;29;5;10;2*24;30;21;19;25;33;1;15*38;9;18;12;31;20;32;35;37;26;17;11*8;22;3;7;16;23*4;14","6",""
1506,1043.1418,1020.5918,1507.5941,";;34;27;36;28;13*6;29;5;10;2*24;30;21;19;25;33;1;15*38;9;18;12;31;20;32;35;37;26;17;11*8;22;3;7;16;23*4;14","6",""
1507,1042.6444,1020.5918,1496.9481,";;34;27;36;28;13*6;29;5;10;2*24;30;21;19;25;33;1;15*38;9;18;12;31;20;32;35;37;26;17;11*8;22;3;7;16;23*4;14","6",""
1508,1032.9098,1020.5918,1351.2712,";;34;23;36;28;13*6;29;5;10;2*24;30;21;19;25;33;1;15*38;9;18;12;31;20;32;35;37;26;17;11*8;22;3;7;16;27;4;14","5",""
1509,1031.1597,1020.5918,1385.8976,";;34;27;36;28;13*6;29;5;10;2*24;30;21;19;25;33;1;15*38;9;18;12;31;20;32;35;37;26;17;11*8;22;3;7;16;23*4;14","6",""
1510,1026.8162,1020.5918,1299.8898,";;34;27;36;28;13*6;29;5;10;2*24;30;21;19;25;33;1;15*38;9;18;12;31;20;32;35;37;26;17;11*8;22;3;7;16;23*4;14","6",""
1511,1040.9254,1020.5918,1454.5134,";;34;27;36;28;13*6;29;5;10;2*24;30;21;19;25;33;1;15*38;9;18;12;31;20;32;35;37;26;17;11*8;22;3;7;16;23*4;14","6",""
1512,1032.2875,1020.5918,1480.5986,";;34;27;36;28;13*6;29;5;10;2*24;30;21;19;25;33;1;15*38;9;18;12;31;20;32;35;37;26;17;11*8;22;3;7;16;23*4;14","6",""
1513,1031.8774,1020.5918,1331.1182,";;34;27;36;28;13*6;29;5;10;2*24;30;21;19;25;33;1;15*38;9;18;12;31;20;32;35;37;26;17;11*8;22;3;7;16;23*4;14","6",""
1514,1022.1861,1020.5918,1119.9434,";;34;27;36;28;13*6;29;5;10;2*24;30;21;19;25;33;1;15*38;9;18;12;31;20;32;35;37;26;17;11*8;22;3;7;16;23*4;14","6",""
1515,1033.6865,1020.5918,1480.5986,";;34;27;36;28;13*6;29;5;10;2*24;30;21;19;25;33;1;15*38;9;18;12;31;20;32;35;37;26;17;11*8;22;3;7;16;23*4;14","6",""
1516,1033.8394,1020.5918,1381.175,";;34;27;36;28;13*6;29;5;10;2*24;30;21;19;25;33;1;15*38;9;18;12;31;20;32;35;37;26;17;11*8;22;3;7;16;23*4;14","6",""
1517,1031.2086,1020.5918,1289.4061,";;34;27;36;28;13*6;29;5;10;2*24;30;21;19;25;33;1;15*38;9;18;12;31;20;32;35;37;26;17;11*8;22;3;7;16;23*4;14","6",""
1518,1033.9163,1020.5918,1317.7633,";;34;27;36;28;13*6;29;5;10;2*24;30;21;19;25;33;1;15*38;9;18;12;31;20;32;35;37;26;17;11*8;22;3;7;16;23*4;14","6",""
1519,1028.4222,1020.5918,1356.4304,";;34;27;36;28;13*6;29;5;10;2*24;30;21;19;25;33;1;15*38;9;18;12;31;20;32;35;37;26;17;11*8;22;3;7;16;23*4;14","6",""
1520,1048.1504,1020.5918,1475.9393,";;34;27;36;28;13*6;29;5;10;2*24;30;21;19;25;33;1;15*38;9;18;12;31;20;32;35;37;26;17;11*8;22;3;7;16;23*4;14","6",""
1521,1031.9753,1020.5918,1246.3611,";;34;27;36;28;13*6;29;5;10;2*24;30;21;19;25;33;1;15*38;9;18;12;31;20;32;35;37;26;17;11*8;22;3;7;16;23*4;14","6",""
1522,1033.5922,1020.5918,1381.175,";;34;27;36;28;13*6;29;5;10;2*24;30;21;19;25;33;1;15*38;9;18;12;31;20;32;35;37;26;17;11*8;22;3;7;16;23*4;14","6",""
1523,1029.8634,1020.5918,1503.8555,";;34;27;36;28;13*6;29;5;10;2*24;30;21;19;25;33;1;15*38;9;18;12;31;20;32;35;37;26;17;11*8;22;3;7;16;23*4;14","6",""
1524,1027.4595,1020.5918,1381.175,";;34;27;36;28;13*6;29;5;10;2*24;30;21;19;25;33;1;15*38;9;18;12;31;20;32;35;37;26;17;11*8;22;3;7;16;23*4;14","6",""
1525,1034.3937,1020.5918,1309.2573,";;34;27;36;28;13*6;29;5;10;2*24;30;21;19;25;33;1;15*38;9;18;12;31;20;32;35;37;26;17;11*8;22;3;7;16;23*4;14","6",""
1526,1028.8406,1020.5918,1292.722,";;34;27;36;28;13*6;29;5;10;2*24;30;21;19;25;33;1;15*38;9;18;12;31;20;32;35;37;26;17;11*8;22;3;7;16;23*4;14","6",""
1527,1035.4077,1020.5918,1294.864,";;34;27;36;28;13*6;29;5;10;2*24;30;21;19;25;33;1;15*38;9;18;12;31;20;32;35;37;26;17;11*8;22;3;7;16;23*4;14","6",""
1528,1025.9595,1020.5918,1164.6213,";;34;27;36;28;13*6;29;5;10;2*24;30;21;19;25;33;1;15*38;9;18;12;31;20;32;35;37;26;17;11*8;22;3;7;16;23*4;14","6",""
1529,1036.4563,1020.5918,1401.6146,";;34;27;36;28;13*6;29;5;10;2*24;30;21;19;25;33;1;15*38;9;18;12;31;20;32;35;37;26;17;11*8;22;3;7;16;23*4;14","6",""
1530,1029.7292,1020.5918,1342.5638,";;34;27;36;28;13*6;29;5;10;2*24;30;21;19;25;33;1;15*38;9;18;12;31;20;32;35;37;26;17;11*8;22;3;7;16;23*4;14","6",""
1531,1026.6567,1020.5918,1314.2976,";;34;27;36;28;13*6;29;5;10;2*24;30;21;19;25;33;1;15*38;9;18;12;31;20;32;35;37;26;17;11*8;22;3;7;16;23*4;14","6",""
1532,1028.5867,1020.5918,1424.65,";;34;27;36;28;13*6;29;5;10;2*24;30;21;19;25;33;1;15*38;9;18;12;31;20;32;35;37;26;17;11*8;22;3;7;16;23*4;14","6",""
1533,1037.1125,1020.5918,1459.955,";;34;27;36;28;13*6;29;5;10;2*24;30;21;19;25;33;1;15*38;9;18;12;31;20;32;35;37;26;17;11*8;22;3;7;16;23*4;14","6",""
1534,1039.1785,1020.5918,1297.8777,";;34;27;36;28;13*6;29;5;10;2*24;30;21;19;25;33;1;15*38;9;18;12;31;20;32;35;37;26;17;11*8;22;3;7;16;23*4;14","6",""
1535,1035.535,1020.5918,1405.2947,";;34;27;36;28;13*6;29;5;10;2*24;30;21;19;25;33;1;15*38;9;18;12;31;20;32;35;37;26;17;11*8;22;3;7;16;23*4;14","6",""
1536,1029.2555,1020.5918,1302.7168,";;34;27;36;28;13*6;29;5;10;2*24;30;21;19;25;33;1;15*38;9;18;12;31;20;32;35;37;26;17;11*8;22;3;7;16;23*4;14","6",""
1537,1027.1324,1020.5918,1241.6804,";;34;27;36;28;13*6;29;5;10;2*24;30;21;19;25;33;1;15*38;9;18;12;31;20;32;35;37;26;17;11*8;22;3;7;16;23*4;14","6",""
1538,1034.2317,1020.5918,1303.7892,";;34;27;36;28;13*6;29;5;10;2*24;30;21;19;25;33;1;15*38;9;18;12;31;20;32;35;37;26;17;11*8;22;3;7;16;23*4;14","6",""
1539,1029.7004,1020.5918,1405.9576,";;34;27;36;28;13*6;29;5;10;2;38*30;21;19;25;33;1;15;24;9*18;12;31;20;32;35;37;26;17;11;8;22*3;7;16;23;4;14","5",""
1540,1031.7273,1020.5918,1314.2976,";;34;27;36;28;13*6;29;5;10;2*24;30;21;19;25;33;1;15*38;9;18;12;31;20;32;35;37;26;17;11*8;22;3;7;16;23*4;14","6",""
1541,1029.888,1020.5918,1267.0793,";;34;27;36;28;13*6;29;5;10;2*24;30;21;19;25;33;1;15*38;9;18;12;31;20;32;35;37;26;17;11*8;22;3;7;16;23*4;14","6",""
1542,1030.5167,1020.5918,1423.3231,";;34;27;36;28;13*6;29;5;10;2*24;30;21;19;25;33;1;15*38;9;18;12;31;20;32;35;37;26;17;11*8;22;3;7;16;23*4;14","6",""
1543,1032.9574,1020.5918,1308.8503,";;34;27;36;28;13*6;29;5;10;2*24;30;21;19;25;33;1;15*38;9;18;12;31;20;32;35;37;26;17;11*8;22;3;7;16;23*4;14","6",""
1544,1029.1403,1020.5918,1433.3711,";;34;27;36;28;13*6;29;5;10;2*24;30;21;19;25;33;1;15*38;9;18;12;31;20;32;35;37;26;17;11*8;22;3;7;16;23*4;14","6",""
1545,1026.3651,1020.5918,1330.5443,";;34;27;36;28;13*6;29;5;10;2*24;30;21;19;25;33;1;15*38;9;18;12;31;20;32;35;37;26;17;11*8;22;3;7;16;23*4;14","6",""
1546,1024.6318,1020.5918,1174.6554,";;34;27;36;28;13*6;29;5;10;2*24;30;21;19;25;33;1;15*38;9;18;12;31;20;32;35;37;26;17;11*8;22;3;7;16;23*4;14","6",""
1547,1031.3668,1020.5918,1381.244,";;34;27;36;28;13*6;29;5;10;2*24;30;21;19;25;33;1;15*38;9;18;12;31;20;32;35;37;26;17;11*8;22;3;7;16;23*4;14","6",""
1548,1023.8845,1020.5918,1132.3268,";;34;27;36;28;13*6;29;5;10;2*24;30;21;19;25;33;1;15*38;9;18;12;31;20;32;35;37;26;17;11*8;22;3;7;16;23*4;14","6",""
1549,1027.4094,1020.5918,1299.911,";;34;27;36;28;13*6;29;5;10;2*24;30;21;19;25;33;1;15*38;9;18;12;31;20;32;35;37;26;17;11*8;22;3;7;16;23*4;14","6",""
1550,1032.3011,1020.5918,1310.6451,";;34;27;36;28;13*6;14;5;10;2;24;30;21*19;25;33;1;15;38;16;18*12;31;20;32;35;37;26;17;11;8;22*3;7;9;23;4;29","5",""
1551,1026.9482,1020.5918,1291.0055,";;34;27;36;28;13*6;29;5;10;2*24;30;21;19;25;33;1;15*38;9;18;12;31;20;32;35;37;26;17;11*8;22;3;7;16;23*4;14","6",""
1552,1042.2727,1020.5918,1341.3213,";;34;27;36;28;13*6;29;5;10;2*24;30;21;19;25;33;1;15*38;9;18;12;31;20;32;35;37;26;17;11*8;22;3;7;16;23*4;14","6",""
1553,1038.7006,1020.5918,1375.7261,";;34;27;36;28;13*6;29;5;10;2*24;30;21;19;25;33;1;15*38;9;18;12;31;20;32;35;37;26;17;11*8;22;3;7;16;23*4;14","6",""
1554,1038.0244,1020.5918,1395.433,";;34;27;36;28;13*6;29;5;10;2*24;30;21;19;25;33;1;15*38;9;18;12;31;20;32;35;37;26;17;11*8;22;3;7;16;23*4;14","6",""
1555,1026.148,1020.5918,1164.9923,";;34;27;36;28;13*6;29;5;10;2*24;30;21;19;25;33;1;15*38;9;18;12;31;20;32;35;37;26;17;11*8;22;3;7;16;23*4;14","6",""
1556,1028.9298,1020.5918,1330.1461,";;34;27;36;28;13*6;29;5;10;2*24;30;21;19;25;33;1;15*38;9;18;12;31;20;32;35;37;26;17;11*8;22;3;7;16;23*4;14","6",""
1557,1036.2054,1020.5918,1344.9128,";;34;27;36;28;13*6;29;5;10;2*24;30;21;19;25;33;1;15*38;9;18;12;31;20;32;35;37;26;17;11*8;22;3;7;16;23*4;14","6",""
1558,1037.9642,1020.5918,1362.0345,";;34;27;36;28;13*6;29;5;10;2*24;30;21;19;25;33;1;15*38;9;18;12;31;20;32;35;37;26;17;11*8;22;3;7;16;23*4;14","6",""
1559,1036.1616,1020.5918,1349.9656,";;34;27;36;28;13*6;29;5;10;2*24;30;21;19;25;33;1;15*38;9;18;12;31;20;32;35;37;26;17;11*8;22;3;7;16;23*4;14","6",""
1560,1046.3418,1020.5918,1341.0215,";;34;27;36;28;13*6;29;5;10;2*24;30;21;19;25;33;1;15*38;9;18;12;31;20;32;35;37;26;17;11*8;22;3;7;16;23*4;14","6",""
1561,1044.8016,1020.5918,1325.1952,";;34;27;36;28;13*6;29;5;10;2*24;30;21;19;25;33;1;15*38;9;18;12;31;20;32;35;37;26;17;11*8;22;3;7;16;23*4;14","6",""
1562,1027.8112,1020.5918,1320.574,";;34;27;36;28;13*6;29;5;10;2*24;30;21;19;25;33;1;15*38;9;18;12;31;20;32;35;37;26;17;11*8;22;3;7;16;23*4;14","6",""
1563,1039.822,1020.5918,1517.7623,";;34;27;36;28;13*6;29;5;10;2*24;30;21;19;25;33;1;15*38;9;18;12;31;20;32;35;37;26;17;11*8;22;3;7;16;23*4;14","6",""
1564,1041.8358,1020.5918,1459.955,";;34;27;36;28;13*6;29;5;10;2*24;30;21;19;25;33;1;15*38;9;18;12;31;20;32;35;37;26;17;11*8;22;3;7;16;23*4;14","6",""
1565,1030.2512,1020.5918,1322.5897,";;34;27;36;28;13*6;29;5;10;2*24;30;21;19;25;33;1;15*38;9;18;12;31;20;32;35;37;26;17;11*8;22;3;7;16;23*4;14","6",""
1566,1034.2242,1020.5918,1389.781,";;34;27;36;28;13*6;29;5;10;2*24;30;21;19;25;33;1;15*38;9;18;12;31;20;32;35;37;26;17;11*8;22;3;7;16;23*4;14","6",""
1567,1032.3046,1020.5918,1396.0105,";;34;27;36;28;13*6;29;5;10;2*24;30;21;19;25;33;1;15*38;9;18;12;31;20;32;35;37;26;17;11*8;22;3;7;16;23*4;14","6",""
1568,1030.3027,1020.5918,1354.877,";;34;27;36;28;13*6;29;5;10;2*24;30;21;19;25;33;1;15*38;9;18;12;31;20;32;35;37;26;17;11*8;22;3;7;16;23*4;14","6",""
1569,1025.2965,1020.5918,1309.0573,";;34;27;36;28;13*6;29;5;10;2*24;30;21;19;25;33;1;15*38;9;18;12;31;20;32;35;37;26;17;11*8;22;3;7;16;23*4;14","6",""
1570,1034.5492,1020.5918,1396.0105,";;34;27;36;28;13*6;29;5;10;2*24;30;21;19;25;33;1;15*38;9;18;12;31;20;32;35;37;26;17;11*8;22;3;7;16;23*4;14","6",""
1571,1029.4496,1020.5918,1433.3711,";;34;27;36;28;13*6;29;5;10;2*24;30;21;19;25;33;1;15*38;9;18;12;31;20;32;35;37;26;17;11*8;22;3;7;16;23*4;14","6",""
1572,1024.6764,1020.5918,1130.4897,";;34;27;36;28;13*6;29;5;10;2*24;30;21;19;25;33;1;15*38;9;18;12;31;20;32;35;37;26;17;11*8;22;3;7;16;23*4;14","6",""
1573,1030.8022,1020.5918,1398.321,";;34;27;36;28;13*6;29;5;10;2*24;30;21;19;25;33;1;15*38;9;18;12;31;20;32;35;37;26;17;11*8;22;3;7;16;23*4;14","6",""
1574,1037.7598,1020.5918,1356.4304,";;34;27;37;28;13*6;29;5;10;2*24;30;21;19;25;33;1;15*38;9;18;12;31;20;32;35;36;26;17;11*8;22;3;7;16;23*4;14","6",""
1575,1036.8605,1020.5918,1481.6705,";;34;27;36;28;13*6;29;5;10;2*24;30;21;19;25;33;1;15*38;9;18;12;31;20;32;35;37;26;17;11*8;22;3;7;16;23*4;14","6",""
1576,1027.5743,1020.5918,1496.9481,";;34;27;36;28;13*6;29;5;10;2*24;30;21;19;25;33;1;15*38;9;18;12;31;20;32;35;37;26;17;11*8;22;3;7;16;23*4;14","6",""
1577,1035.4454,1020.5918,1424.7485,";;34;27;36;28;13*6;29;5;10;2*24;30;21;19;25;33;1;15*38;9;18;12;31;20;32;35;37;26;17;11*8;22;3;7;16;23*4;14","6",""
1578,1034.1989,1020.5918,1336.5109,";;34;27;36;28;13*6;29;5;10;2*24;30;21;19;25;33;1;15*38;9;18;12;31;20;32;35;37;26;17;11*8;22;3;7;16;23*4;14","6",""
1579,1026.973,1020.5918,1310.6451,";;34;27;36;28;13*6;29;5;10;2*24;30;21;19;25;33;1;15*38;9;18;12;31;20;32;35;37;26;17;11*8;22;3;7;16;23*4;14","6",""
1580,1025.8096,1020.5918,1347.0314,";;34;27;36;28;13*6;29;5;10;2*24;30;21;19;25;33;1;15*38;9;18;12;31;20;32;35;37;26;17;11*8;22;3;7;16;23*4;14","6",""
1581,1032.3882,1020.5918,1341.0215,";;34;27;36;28;13*6;29;5;10;2*24;30;12;19;25;33;1*15;38;9;18;21;31;20;32;35;37;26;17*11;8;22;3;7;16*23;4;14","6",""
1582,1025.4315,1020.5918,1197.0336,";;34;27;36;28;13*6;29;5;10;2*24;30;21;19;25;33;1;15*38;9;18;12;31;20;32;35;37;26;17;11*8;22;3;7;16;23*4;14","6",""
1583,1032.555,1020.5918,1335.024,";;34;27;36;28;13*6;29;5;10;2*24;30;21;19;25;33;1;15*38;9;18;12;31;20;32;35;37;26;17;11*8;22;3;7;16;23*4;14","6",""
1584,1031.6129,1020.5918,1261.2317,";;34;27;36;28;13*6;29;5;10;2*24;30;21;19;25;33;1;15*38;9;18;12;31;20;32;35;37;26;17;11*8;22;3;7;16;23*4;14","6",""
1585,1044.4163,1020.5918,1459.955,";;34;27;36;28;13*6;29;5;10;2*24;30;21;19;25;33;1;15*38;9;18;12;31;20;32;35;37;26;17;11*8;22;3;7;16;23*4;14","6",""
1586,1039.1025,1020.5918,1377.7028,";;34;27;36;28;13*6;29;5;10;2*24;30;21;19;25;33;1;15*38;9;18;12;31;20;32;35;37;26;17;11*8;22;3;7;16;23*4;14","6",""
1587,1042.052,1020.5918,1480.5986,";;34;27;36;28;13*6;29;5;10;2*24;30;21;19;25;33;1;15*38;9;18;12;31;20;32;35;37;26;17;11*8;22;3;7;16;23*4;14","6",""
1588,1029.9727,1020.5918,1433.3711,";;34;27;36;28;13*6;29;5;10;2*24;30;21;19;25;33;1;15*38;9;18;12;31;20;32;35;37;26;17;11*8;22;3;7;16;23*4;14","6",""
1589,1031.5824,1020.5918,1302.1708,";;34;27;36;28;13*6;29;5;10;2*24;30;21;19;25;33;1;15*38;9;18;12;31;20;32;35;37;26;17;11*8;22;3;7;16;23*4;14","6",""
1590,1027.2535,1020.5918,1310.6451,";;34;27;36;28;13*6;29;5;10;2*24;30;21;19;25;33;1;15*38;9;18;12;31;20;32;35;37;26;17;11*8;22;3;7;16;23*4;14","6",""
1591,1038.8796,1020.5918,1454.5134,";;34;27;36;28;13*6;29;5;10;2*24;30;21;19;25;33;1;15*38;9;18;12;31;20;32;35;37;26;17;11*8;22;3;7;16;23*4;14","6",""
1592,1035.3076,1020.5918,1498.0114,";;34;27;36;28;13*6;29;5;10;2*24;30;21;19;25;33;1;15*38;9;18;12;31;20;32;35;37;26;17;11*8;22;3;7;16;23*4;14","6",""
1593,1027.7742,1020.5918,1314.2976,";;34;27;36;28;13*6;29;5;10;2*24;30;21;19;25;33;1;15*38;9;18;12;31;20;32;35;37;26;17;11*8;22;3;7;16;23*4;14","6",""
1594,1030.1025,1020.5918,1294.682,";;34;27;36;28;13*6;29;5;10;2*24;30;21;19;25;33;1;15*38;9;18;12;31;20;32;35;37;26;17;11*8;22;3;7;16;23*4;14","6",""
1595,1024.0815,1020.5918,1189.9243,";;34;27;36;28;13*6;29;5;10;2*24;30;21;19;25;33;1;15*38;9;18;12;31;20;32;35;37;26;17;11*8;22;3;7;16;23*4;14","6",""
1596,1038.5155,1020.5918,1517.7623,";;34;27;36;28;13*6;29;5;10;2*24;30;21;19;25;33;1;15*38;9;18;12;31;20;32;35;37;26;17;11*8;22;3;7;16;23*4;14","6",""
1597,1034.8647,1020.5918,1362.0345,";;34;27;36;28;13*6;29;5;10;2*24;30;21;19;25;33;1;15*38;9;18;12;31;20;32;35;37;26;17;11*8;22;3;7;16;23*4;14","6",""
1598,1032.2228,1020.5918,1428.5973,";;34;27;36;28;13*6;29;5;10;2*24;30;21;19;25;33;1;15*38;9;18;12;31;20;32;35;37;26;17;11*8;22;3;7;16;23*4;14","6",""
1599,1040.8173,1020.5918,1517.7623,";;34;27;36;28;13*6;29;5;10;2*24;30;21;19;25;33;1;15*38;9;18;12;31;20;32;35;37;26;17;11*8;22;3;7;16;23*4;14","6",""
1600,1034.7814,1020.5918,1291.7983,";;34;27;36;28;13*6;29;5;10;2*24;30;21;19;25;33;1;15*38;9;18;12;31;20;32;35;37;26;17;11*8;22;3;7;16;23*4;14","6",""
1601,1030.2032,1020.5918,1424.65,";;34;27;36;28;13*6;29;5;10;2*24;30;21;19;25;33;1;15*38;9;18;12;31;20;32;35;37;26;17;11*8;22;3;7;16;23*4;14","6",""
1602,1031.8008,1020.5918,1359.0743,";;34;27;36;28;13*6;29;5;10;2*24;30;21;19;25;33;1;15*38;9;18;12;31;20;32;35;37;26;17;11*8;22;3;7;16;23*4;14","6",""
1603,1026.0027,1020.5918,1342.2112,";;34;27;36;28;13*6;29;5;10;2*24;30;21;19;25;33;1;15*38;9;18;12;31;20;32;35;37;26;17;11*8;22;3;7;16;23*4;14","6",""
1604,1039.0082,1020.5918,1333.3468,";;34;27;36;28;13*6;29;5;10;2*24;30;21;19;25;33;1;15*38;9;18;12;31;20;32;35;37;26;17;11*8;22;3;7;16;23*4;14","6",""
1605,1033.0283,1020.5918,1340.3302,";;34;27;36;28;13*6;29;5;10;2*24;30;21;19;25;33;1;15*38;9;18;12;31;20;32;35;37;26;17;11*8;22;3;7;16;23*4;14","6",""
1606,1025.0317,1020.5918,1301.0452,";;34;27;36;28;13*6;29;5;10;2*24;30;21;19;25;33;1;15*38;9;18;12;31;20;32;35;37;26;17;11*8;22;3;7;16;23*4;14","6",""
1607,1033.4586,1020.5918,1342.5638,";;34;27;36;28;17;6*29;5;10;2;24;30;21*19;25;33;1;15;38;9;18;12;31;20*32;35;37;26;13;11;8;22*3;7;16;23;4;14","5",""
1608,1033.1105,1020.5918,1433.3711,";;34;27;36;28;13*6;29;5;10;2*24;30;21;19;25;33;1;15*38;9;18;12;31;20;32;35;37;26;17;11*8;22;3;7;16;23*4;14","6",""
1609,1032.4291,1020.5918,1293.3307,";;34;27;36;28;13*6;29;5;10;2*24;30;21;19;25;33;1;15*38;9;18;12;31;20;32;35;37;26;17;11*8;22;3;7;16;23*4;14","6",""
1610,1031.389,1020.5918,1503.8555,";;34;27;36;28;13*6;29;5;10;2*24;30;21;19;25;33;1;15*38;9;18;12;31;20;32;35;37;26;17;11*8;22;3;7;16;23*4;14","6",""
1611,1033.1553,1020.5918,1311.0402,";;34;27;36;28;13*6;29;5;10;2*24;30;21;19;25;33;1;15*38;9;18;12;31;20;32;35;37;26;17;11*8;22;3;7;16;23*4;14","6",""
1612,1027.7197,1020.5918,1371.4131,";;34;27;36;28;13*6;29;5;10;2*24;30;21;19;25;33;1;15*38;9;18;12;31;20;32;35;37;26;17;11*8;22;3;7;16;23*4;14","6",""
1613,1040.1597,1020.5918,1481.6705,";;34;27;36;28;13*6;29;5;10;2*24;30;21;19;25;33;1;15*38;9;18;12;31;20;32;35;37;26;17;11*8;22;3;7;16;23*4;14","6",""
1614,1032.305,1020.5918,1273.4269,";;34;27;36;28;13*6;29;5;10;2*24;30;21;19;25;33;1;15*38;9;18;12;31;20;32;35;37;26;17;11*8;22;3;7;16;23*4;14","6",""
1615,1035.4972,1020.5918,1364.447,";;34;27;36;28;13*6;29;5;10;2*24;30;21;19;25;33;1;15*38;9;18;12;31;20;32;35;37;26;17;11*8;22;3;7;16;23*4;14","6",""
1616,1042.7378,1020.5918,1389.781,";;34;27;36;28;13*6;29;5;10;2*24;30;21;19;25;33;1;15*38;9;18;12;31;20;32;35;37;26;17;11*8;22;3;7;16;23*4;14","6",""
1617,1030.1373,1020.5918,1503.8555,";;34;27;36;28;13*6;29;5;10;2*24;30;21;19;25;33;1;15*38;9;18;12;31;20;32;35;37;26;17;11*8;22;3;7;16;23*4;14","6",""
1618,1026.4708,1020.5918,1208.1869,";;34;27;36;28;13*6;29;5;10;2*24;30;21;19;25;33;1;15*38;9;18;12;31;20;32;35;37;26;17;11*8;22;3;7;16;23*4;14","6",""
1619,1038.2665,1020.5918,1423.3231,";;34;27;36;28;13*6;29;5;10;2*24;30;21;19;25;33;1;15*38;9;18;12;31;20;32;35;37;26;17;11*8;22;3;7;16;23*4;14","6",""
1620,1027.5957,1020.5918,1244.0431,";;34;27;36;28;13*6;29;5;10;2*24;30;21;19;25;33;1;15*38;9;18;12;31;20;32;35;37;26;17;11*8;22;3;7;16;23*4;14","6",""
1621,1026.6471,1020.5918,1330.1461,";;34;27;36;28;13;16*29;5;10;2;24;30;21*19;25;33;1;15;38;9;18;12;31;20*32;35;37;26;17;11;8;22*3;7;6;23;4;14","5",""
1622,1038.7712,1020.5918,1558.8986,";;34;27;36;28;13*6;29;5;10;2*24;30;21;19;25;33;1;15*38;9;18;12;31;20;32;35;37;26;17;11*8;22;3;7;16;23*4;14","6",""
1623,1040.9528,1020.5918,1405.9576,";;34;27;36;28;13*6;29;5;10;2*24;30;21;19;25;33;1;15*38;9;18;12;31;20;32;35;37;26;17;11*8;22;3;7;16;23*4;14","6",""
1624,1027.8197,1020.5918,1498.0114,";;34;27;36;28;13*6;29;5;10;2*24;30;21;19;25;33;1;15*38;9;18;12;31;20;32;35;37;26;17;11*8;22;3;7;16;23*4;14","6",""
1625,1031.8489,1020.5918,1380.6136,";;34;27;36;28;13*6;29;5;10;2*24;30;21;19;25;33;1;15*38;9;18;12;31;20;32;35;37;26;17;11*8;22;3;7;16;23*4;14","6",""
1626,1038.321,1020.5918,1410.936,";;34;27;36;28;13*6;29;5;10;2*24;30;21;19;25;33;1;15*38;9;18;12;31;20;32;35;37;26;17;11*8;22;3;7;16;23*4;14","6",""
1627,1039.3274,1020.5918,1428.5973,";;34;27;36;28;13*6;29;5;10;2*24;30;21;19;25;33;1;15*38;9;18;12;31;20;32;35;37;26;17;11*8;22;3;7;16;23*4;14","6",""
1628,1034.3267,1020.5918,1277.2706,";;34;27;36;28;13*6;29;5;10;2*24;30;21;19;25;33;1;15*38;9;18;12;31;20;32;35;37;26;17;11*8;22;3;7;16;23*4;14","6",""
1629,1025.6959,1020.5918,1322.3773,";;34;27;36;28;13*6;29;5;10;2*24;30;21;19;25;33;1;15*38;9;18;12;31;20;32;35;37;26;17;11*8;22;3;7;16;23*4;14","6",""
1630,1038.6362,1020.5918,1364.032,";;34;27;36;28;13*6;29;5;10;2*24;30;21;19;25;33;1;15*38;9;18;12;31;20;32;35;37;26;17;11*8;22;3;7;16;23*4;14","6",""
1631,1032.6349,1020.5918,1385.8296,";;34;27;36;28;13*6;29;5;10;2*24;30;21;19;25;33;1;15*38;9;18;12;31;20;32;35;37;26;17;11*8;22;3;7;16;23*4;14","6",""
1632,1052.8401,1020.5918,1558.8986,";;34;27;36;28;13*6;29;5;10;2*24;30;21;19;25;33;1;15*38;9;18;12;31;20;32;35;37;26;17;11*8;22;3;7;16;23*4;14","6",""
1633,1031.0992,1020.5918,1354.8743,";;34;27;36;28;13*6;29;5;10;2*24;30;21;19;25;33;1;15*38;9;18;12;31;20;32;35;37;26;17;11*8;22;3;7;16;23*4;14","6",""
1634,1025.3313,1020.5918,1300.4014,";;34;27;36;28;13*6;29;5;10;2*24;30;21;19;25;33;1;15*38;9;18;12;31;20;32;35;37;26;17;11*8;22;3;7;16;23*4;14","6",""
1635,1048.1207,1020.5918,1350.077,";;34;27;36;28;13*6;29;5;10;2*24;30;21;19;25;33;1;15*38;9;18;12;31;20;32;35;37;26;17;11*8;22;3;7;16;23*4;14","6",""
1636,1029.5269,1020.5918,1274.3292,";;34;27;36;28;13*6;29;5;10;2*24;30;21;19;25;33;1;15*38;9;18;12;31;20;32;35;37;26;17;11*8;22;3;7;16;23*4;14","6",""
1637,1029.5948,1020.5918,1214.5466,";;34;27;36;28;13*6;29;5;10;2*24;30;21;19;25;33;1;15*38;9;18;12;31;20;32;35;37;26;17;11*8;22;3;7;16;23*4;14","6",""
1638,1027.1609,1020.5918,1337.0901,";;34;27;36;28;13*6;29;5;10;2*24;30;21;19;25;33;1;15*38;9;18;12;31;20;32;35;37;26;17;11*8;22;3;7;16;23*4;14","6",""
1639,1044.3578,1020.5918,1517.7623,";;34;27;36;28;13*6;29;5;10;2*24;30;21;19;25;33;1;15*38;9;18;12;31;20;32;35;37;26;17;11*8;22;3;7;16;23*4;14","6",""
1640,1031.0737,1020.5918,1245.5481,";;34;27;36;28;13*6;29;5;10;2*24;30;21;19;25;33;1;15*38;9;18;12;31;20;32;35;37;26;17;11*8;22;3;7;16;23*4;14","6",""
1641,1034.7491,1020.5918,1342.2112,";;34;27;36;28;13*6;29;5;10;2*24;30;21;19;25;33;1;15*38;9;18;12;31;20;32;35;37;26;17;11*8;22;3;7;16;23*4;14","6",""
1642,1030.5555,1020.5918,1480.5986,";;34;27;36;28;13*6;29;5;10;2*24;30;21;19;25;33;1;15*38;9;18;12;31;20;32;35;37;26;17;11*8;22;3;7;16;23*4;14","6",""
1643,1033.84,1020.5918,1342.5638,";;34;27;36;28;13*6;29;5;10;2*24;30;21;19;25;33;1;15*38;9;18;12;31;20;32;35;37;26;17;11*8;22;3;7;16;23*4;14","6",""
1644,1034.1489,1020.5918,1309.0573,";;34;27;36;28;13*6;29;5;10;2*24;30;21;19;25;33;1;15*38;9;18;12;31;20;32;35;37;26;17;11*8;22;3;7;16;23*4;14","6",""
1645,1043.3949,1020.5918,1382.9403,";;34;27;36;28;13*6;29;5;10;2*24;30;21;19;25;33;1;15*38;9;18;12;31;20;32;35;37;26;17;11*8;22;3;7;16;23*4;14","6",""
1646,1032.3308,1020.5918,1325.1952,";;34;27;36;28;13*6;29;5;10;2*24;30;21;19;25;33;1;15*38;9;18;12;31;20;32;35;37;26;17;11*8;22;3;7;16;23*4;14","6",""
1647,1029.1744,1020.5918,1364.447,";;34;27;36;28;13*6;29;5;10;2*24;30;21;19;25;33;1;15*38;9;18;12;31;20;32;35;37;26;17;11*8;22;3;7;16;23*4;14","6",""
1648,1036.7238,1020.5918,1364.8477,";;34;27;36;28;13*6;29;5;10;2*24;30;21;19;25;33;1;15*38;9;18;12;31;20;32;35;37;26;17;11*8;22;3;7;16;23*4;14","6",""
1649,1039.8187,1020.5918,1332.9818,";;34;27;36;28;13*6;29;5;10;2*24;30;21;19;25;33;1;15*38;9;18;12;31;20;32;35;37;26;17;11*8;22;3;7;16;23*4;14","6",""
1650,1051.2194,1020.5918,1359.4012,";;34;27;36;28;13*6;29;5;10;2*24;30;21;19;25;33;1;15*38;9;18;12;31;20;32;35;37;26;17;11*8;22;3;7;16;23*4;14","6",""
1651,1031.0355,1020.5918,1457.1022,";;34;27;36;28;13*6;29;5;10;2*24;30;21;19;25;33;1;15*38;9;18;12;31;20;32;35;37;26;17;11*8;22;3;7;16;23*4;14","6",""
1652,1024.9556,1020.5918,1219.5627,";;34;27;36;28;13*6;29;5;10;2*24;30;21;19;25;33;1;15*38;9;18;12;31;20;32;35;37;26;17;11*8;22;3;7;16;23*4;14","6",""
1653,1029.6394,1020.5918,1462.7137,";;34;27;36;28;13*6;29;5;10;2*24;30;21;19;25;33;1;15*38;9;18;12;31;20;32;35;37;26;17;11*8;22;3;7;16;23*4;14","6",""
1654,1027.2516,1020.5918,1198.9841,";;34;27;36;28;13*6;29;5;10;2*24;30;21;19;25;33;1;15*38;9;18;12;31;20;32;35;37;26;17;11*8;22;3;7;16;23*4;14","6",""
1655,1036.2051,1020.5918,1308.5594,";;34;27;36;28;13*6;29;5;10;2*24;30;21;19;25;33;1;15*38;9;18;12;31;20;32;35;37;26;17;11*8;22;3;7;16;23*4;14","6",""
1656,1030.1182,1020.5918,1303.4722,";;34;27;36;28;13*6;29;5;10;2*24;30;21;19;25;33;1;15*38;9;18;12;31;20;32;35;37;26;17;11*8;22;3;7;16;23*4;14","6",""
1657,1024.0248,1020.5918,1183.4977,";;34;27;36;28;13*6;29;5;10;2*24;30;21;19;25;33;1;15*38;9;18;12;31;20;32;35;37;26;17;11*8;22;3;7;16;23*4;14","6",""
1658,1031.5629,1020.5918,1371.4131,";;34;27;36;28;13*6;29;5;10;2*24;30;21;19;25;33;1;15*38;9;18;12;31;20;32;35;37;26;17;11*8;22;3;7;16;23*4;14","6",""
1659,1021.3769,1020.5918,1098.9701,";;34;27;36;28;13*6;29;5;10;2*24;30;21;19;25;33;1;15*38;9;18;12;31;20;32;35;37;26;17;11*8;22;3;7;16;23*4;14","6",""
1660,1033.626,1020.5918,1324.461,";;34;27;36;28;13*6;29;5;10;2*24;30;21;19;25;33;1;15*38;9;18;12;31;20;32;35;37;26;17;11*8;22;3;7;16;23*4;14","6",""
1661,1028.8081,1020.5918,1284.8654,";;34;27;36;28;13*6;29;5;10;2*24;30;21;19;25;33;1;15*38;9;18;12;31;20;32;35;37;26;17;11*8;22;3;7;16;23*4;14","6",""
1662,1029.8479,1020.5918,1375.0896,";;34;27;36;28;13*6;29;5;10;2*24;30;21;19;25;33;1;15*38;9;18;12;31;20;32;35;37;26;17;11*8;22;3;7;16;23*4;14","6",""
1663,1037.4753,1020.5918,1348.4095,";;34;27;36;28;13*6;29;5;10;2*24;30;21;19;25;33;1;15*38;9;18;12;31;20;32;35;37;26;17;11*8;22;3;7;16;23*4;14","6",""
1664,1025.4408,1020.5918,1175.5751,";;34;27;36;28;13*6;29;5;10;2*24;30;21;19;25;33;1;15*38;9;18;12;31;20;32;35;37;26;17;11*8;22;3;7;16;23*4;14","6",""
1665,1041.1102,1020.5918,1532.9471,";;34;27;36;28;13*6;29;5;10;2*24;30;21;19;25;33;1;15*38;9;18;12;31;20;32;35;37;26;17;11*8;22;3;7;16;23*4;14","6",""
1666,1036.0897,1020.5918,1496.9481,";;34;27;36;28;13*6;29;5;10;2*24;30;21;19;25;33;1;15*38;9;18;12;31;20;32;35;37;26;17;11*8;22;3;7;16;23*4;14","6",""
1667,1028.7153,1020.5918,1256.5565,";;34;27;36;28;13*6;29;5;10;2*24;30;21;19;25;33;1;15*38;9;18;12;31;20;32;35;37;26;17;11*8;22;3;7;16;23*4;14","6",""
1668,1045.4248,1020.5918,1523.6809,";;34;27;36;28;13*6;29;5;10;2*24;30;21;19;25;33;1;15*38;9;18;12;31;20;32;35;37;26;17;11*8;22;3;7;16;23*4;14","6",""
1669,1030.7625,1020.5918,1354.2948,";;34;27;36;28;13*6;29;5;10;2*24;30;21;19;25;33;1;15*38;9;18;12;31;20;32;35;37;26;17;11*8;22;3;7;16;23*4;14","6",""
1670,1026.9609,1020.5918,1264.6022,";;34;27;36;28;13*6;29;5;10;2*24;30;21;19;25;33;1;15*38;9;18;12;31;20;32;35;37;26;17;11*8;22;3;7;16;23*4;14","6",""
1671,1027.4521,1020.5918,1250.2988,";;34;27;36;28;13*6;29;5;10;2*24;30;21;19;25;33;1;15*38;9;18;12;31;20;32;35;37;26;17;11*8;22;3;7;16;23*4;14","6",""
1672,1045.4175,1020.5918,1335.4454,";;34;27;36;28;13*6;29;5;10;2*24;30;21;19;25;33;1;15*38;9;18;12;31;20;32;35;37;26;17;11*8;22;3;7;16;23*4;14","6",""
1673,1039.4733,1020.5918,1330.8927,";;34;27;36;28;13*6;29;5;10;2*24;30;21;19;25;33;1;15*38;9;18;12;31;20;32;35;37;26;17;11*8;22;3;7;16;23*4;14","6",""
1674,1028.7875,1020.5918,1250.7859,";;34;27;36;28;13*6;29;5;10;2*24;30;21;19;25;33;1;15*38;9;18;12;31;20;32;35;37;26;17;11*8;22;3;7;16;23*4;14","6",""
1675,1041.4414,1020.5918,1335.9728,";;34;27;36;28;13*6;29;5;10;2*24;30;21;19;25;33;1;15*38;9;18;12;31;20;32;35;37;26;17;11*8;22;3;7;16;23*4;14","6",""
1676,1023.16675,1020.5918,1234.9342,";;34;27;36;28;13*6;29;5;10;2*24;30;21;19;25;33;1;15*38;9;18;12;31;20;32;35;37;26;17;11*8;22;3;7;16;23*4;14","6",""
1677,1043.6123,1020.5918,1383.7654,";;34;27;36;28;13*6;29;5;10;2*24;30;21;19;25;33;1;15*38;9;18;12;31;20;32;35;37;26;17;11*8;22;3;7;16;23*4;14","6",""
1678,1046.8422,1020.5918,1498.0114,";;34;27;36;28;13*6;29;5;10;2*24;30;21;19;25;33;1;15*38;9;18;12;31;20;32;35;37;26;17;11*8;22;3;7;16;23*4;14","6",""
1679,1040.8239,1020.5918,1496.9481,";;34;27;36;28;13*6;29;5;10;2*24;30;21;19;25;33;1;15*38;9;18;12;31;20;32;35;37;26;17;11*8;22;3;7;16;23*4;14","6",""
1680,1040.1399,1020.5918,1459.955,";;34;27;36;28;13*6;29;5;10;2*24;30;21;19;25;33;1;15*38;9;18;12;31;20;32;35;37;26;17;11*8;22;3;7;16;23*4;14","6",""
1681,1050.5757,1020.5918,1503.8555,";;34;27;36;28;13*6;29;5;10;2*24;30;21;19;25;33;1;15*38;9;18;12;31;20;32;35;37;26;17;11*8;22;3;7;16;23*4;14","6",""
1682,1035.7747,1020.5918,1310.9518,";;34;27;36;28;13*6;29;5;10;2*24;30;21;19;25;33;1;15*38;9;18;12;31;20;32;35;37;26;17;11*8;22;3;7;16;23*4;14","6",""
1683,1025.9419,1020.5918,1226.4329,";;34;27;36;28;13*6;29;5;10;2*24;30;21;19;25;33;1;15*38;9;18;12;31;20;32;35;37;26;17;11*8;22;3;7;16;23*4;14","6",""
1684,1028.7291,1020.5918,1385.8296,";;34;27;36;28;13*6;29;5;10;2*24;30;21;19;25;33;1;15*38;9;18;12;31;20;32;35;37;26;17;11*8;22;3;7;16;23*4;14","6",""
1685,1034.8535,1020.5918,1311.4447,";;34;27;36;28;13*6;29;5;10;2*24;30;21;19;25;33;1;15*38;9;18;12;31;20;32;35;37;26;17;11*8;22;3;7;16;23*4;14","6",""
1686,1027.3579,1020.5918,1255.644,";;34;27;36;28;13*6;29;5;10;2*24;30;21;19;25;33;1;15*38;9;18;12;31;20;32;35;37;26;17;11*8;22;3;7;16;23*4;14","6",""
1687,1030.2256,1020.5918,1396.0105,";;34;27;36;28;13*6;29;5;10;2*24;30;21;19;25;33;1;15*38;9;18;12;31;20;32;35;37;26;17;11*8;22;3;7;16;23*4;14","6",""
1688,1027.4177,1020.5918,1362.0345,";;34;27;36;28;13*6;29;5;10;2*24;30;21;19;25;33;1;15*38;9;18;12;31;20;32;35;37;26;17;11*8;22;3;7;16;23*4;14","6",""
1689,1039.7214,1020.5918,1498.0114,";;34;27;36;28;13*6;29;5;10;2*24;30;21;19;25;33;1;15*38;9;18;12;31;20;32;35;37;26;17;11*8;22;3;7;16;23*4;14","6",""
1690,1041.6661,1020.5918,1395.433,";;34;27;36;28;13*6;29;5;10;2*24;30;21;19;25;33;1;15*38;9;18;12;31;20;32;35;37;26;17;11*8;22;3;7;16;23*4;14","6",""
1691,1039.711,1020.5918,1401.6146,";;34;27;36;28;13*6;29;5;10;2*24;30;21;19;25;33;1;15*38;9;18;12;31;20;32;35;37;26;17;11*8;22;3;7;16;23*4;14","6",""
1692,1035.1399,1020.5918,1336.0214,";;34;27;36;28;13*6;29;5;10;2*24;30;21;19;25;33;1;15*38;9;18;12;31;20;32;35;37;26;17;11*8;22;3;7;16;23*4;14","6",""
1693,1028.0703,1020.5918,1345.5726,";;34;27;36;28;13*6;29;5;10;2*24;30;21;19;25;33;1;15*38;9;18;12;31;20;32;35;37;26;17;11*8;22;3;7;16;23*4;14","6",""
1694,1027.2206,1020.5918,1280.5394,";;34;27;36;28;13*6;29;5;10;2*24;30;21;19;25;33;1;15*38;9;18;12;31;20;32;35;37;26;17;11*8;22;3;7;16;23*4;14","6",""
1695,1039.5464,1020.5918,1384.2372,";;34;27;36;28;13*6;29;5;10;2*24;30;21;19;25;33;1;15*38;9;18;12;31;20;32;35;37;26;17;11*8;22;3;7;16;23*4;14","6",""
1696,1026.0396,1020.5918,1287.1304,";;34;27;36;28;13*6;29;5;10;2*24;30;21;19;25;33;1;15*38;9;18;12;31;20;32;35;37;26;17;11*8;22;3;7;16;23*4;14","6",""
1697,1042.5989,1020.5918,1380.6136,";;34;27;36;28;13*6;29;5;10;2*24;30;21;19;25;33;1;15*38;9;18;12;31;20;32;35;37;26;17;11*8;22;3;7;16;23*4;14","6",""
1698,1035.6195,1020.5918,1314.2976,";;34;27;36;28;13*6;29;5;10;2*24;30;21;19;25;33;1;15*38;9;18;12;31;20;32;35;37;26;17;11*8;22;3;7;16;23*4;14","6",""
1699,1034.5063,1020.5918,1481.6705,";;34;27;36;28;13*6;29;5;10;2*24;30;21;19;25;33;1;15*38;9;18;12;31;20;3;35;37;26;17*11;8;22;32;7;16;23;4;14","5",""
1700,1033.5127,1020.5918,1396.0105,";;34;27;36;28;13*6;29;5;10;2*24;30;21;19;25;33;1;15*38;9;18;12;31;20;32;35;37;26;17;11*8;22;3;7;16;23*4;14","6",""
1701,1028.1404,1020.5918,1246.3611,";;34;27;36;28;13*6;29;5;10;2*24;30;21;19;25;33;1;15*38;9;18;12;31;20;32;35;37;26;17;11*8;22;3;7;16;23*4;14","6",""
1702,1031.116,1020.5918,1336.5109,";;34;27;36;28;13*6;29;5;10;2*24;30;21;19;25;33;1;15*38;9;18;12;31;20;32;35;37;26;17;11*8;22;3;7;16;23*4;14","6",""
1703,1038.5417,1020.5918,1503.8555,";;34;27;36;28;13*6;29;5;10;2*24;30;21;19;25;33;1;15*38;9;18;12;31;20;32;35;37;26;17;11*8;22;3;7;16;23*4;14","6",""
1704,1046.2849,1020.5918,1381.175,";;34;27;36;28;13*6;29;5;10;2*24;30;21;19;25;33;1;15*38;9;18;12;31;20;32;35;37;26;17;11*8;22;3;7;16;23*4;14","6",""
1705,1032.5096,1020.5918,1393.1125,";;34;27;36;28;13*6;29;5;10;2*24;30;21;19;25;33;1;15*38;9;18;12;31;20;32;35;37;26;17;11*8;22;3;7;16;23*4;14","6",""
1706,1028.3097,1020.5918,1423.3231,";;34;27;36;28;13*6;29;5;10;2*24;30;21;19;25;33;1;15*38;9;18;12;31;20;32;35;37;26;17;11*8;22;3;7;16;23*4;14","6",""
1707,1039.9825,1020.5918,1342.5638,";;34;27;36;28;13*6;29;5;10;2*24;30;21;19;25;33;1;15*38;9;18;12;31;20;32;35;37;26;17;11*8;22;3;7;16;23*4;14","6",""
1708,1041.6935,1020.5918,1348.4991,";;34;27;36;28;13*6;29;5;10;2*24;30;21;19;25;33;1;15*38;9;18;12;31;20;32;35;37;26;17;11*8;22;3;7;16;23*4;14","6",""
1709,1028.1923,1020.5918,1470.1567,";;34;27;36;28;13*6;29;5;10;2*24;30;21;19;25;33;1;15*38;9;18;12;31;20;32;35;37;26;17;11*8;22;3;7;16;23*4;14","6",""
1710,1029.5032,1020.5918,1328.0728,";;34;27;36;28;13*6;29;5;10;2*24;30;21;19;25;33;1;15*38;9;18;12;31;20;32;35;37;26;17;11*8;22;3;7;16;23*4;14","6",""
1711,1033.689,1020.5918,1395.433,";;34;27;36;28;13*6;29;5;10;2*24;30;21;19;25;33;1;15*38;9;18;12;31;20;32;35;37;26;17;11*8;22;3;7;16;23*4;14","6",""
1712,1029.5942,1020.5918,1317.7633,";;34;27;36;28;13*6;29;5;10;2*24;30;21;19;25;33;1;15*38;9;18;12;31;20;32;35;37;26;17;11*8;22;3;7;16;23*4;14","6",""
1713,1042.4359,1020.5918,1428.5973,";;34;27;36;28;13*6;29;5;10;2*24;30;21;19;25;33;1;15*38;9;18;12;31;20;32;35;37;26;17;11*8;22;3;7;16;23*4;14","6",""
1714,1032.8221,1020.5918,1503.8555,";;34;27;36;28;13*6;29;5;10;2*24;30;21;19;25;33;1;15*38;9;18;12;31;20;32;35;37;26;17;11*8;22;3;7;16;23*4;14","6",""
1715,1030.8055,1020.5918,1309.2573,";;34;27;36;28;13*6;29;5;10;2*24;30;21;19;25;33;1;15*38;9;18;12;31;20;32;35;37;26;17;11*8;22;3;7;16;23*4;14","6",""
1716,1034.6675,1020.5918,1395.433,";;34;8;36;28;13*6;29;5;10;2*24;30;21;19;25;33;1;15*38;9;18;12;31;20;32;35;37;26;17;11;27*22;3;7;16;23;4;14","5",""
1717,1028.7429,1020.5918,1278.5045,";;34;27;36;28;13*6;29;5;10;2*24;30;21;19;25;33;1;15*38;9;18;12;31;20;32;35;37;26;17;11*8;22;3;7;16;23*4;14","6",""
1718,1036.4614,1020.5918,1364.8477,";;34;27;36;28;13*6;29;5;10;2*24;30;21;19;25;33;1;15*38;9;18;12;31;20;32;35;37;26;17;11*8;22;3;7;16;23*4;14","6",""
1719,1042.2438,1020.5918,1375.0896,";;34;27;36;28;13*6;29;5;10;2*24;30;21;19;25;33;1;15*38;9;18;12;31;20;32;35;37;26;17;11*8;22;3;7;16;23*4;14","6",""
1720,1029.663,1020.5918,1312.5258,";;34;27;36;28;13*6;29;5;10;2*24;30;21;19;25;33;1;15*38;9;18;12;31;20;32;35;37;26;17;11*8;22;3;7;16;23*4;14","6",""
1721,1041.3206,1020.5918,1398.321,";;34;27;36;28;13*6;29;5;10;2*24;30;21;19;25;33;1;15*38;9;18;12;31;20;32;35;37;26;17;11*8;22;3;7;16;23*4;14","6",""
1722,1028.3143,1020.5918,1274.3292,";;34;27;36;28;13*6;29;5;10;2*24;30;21;19;25;33;1;15*38;9;18;12;31;20;32;35;37;26;17;11*8;22;3;7;16;23*4;14","6",""
1723,1029.2485,1020.5918,1238.3557,";;34;27;36;28;13*6;29;5;10;2*24;30;21;19;25;33;1;15*38;9;18;12;31;20;32;35;37;26;17;11*8;22;3;7;16;23*4;14","6",""
1724,1031.7819,1020.5918,1389.781,";;34;27;36;28;13*6;29;5;10;2*24;30;21;19;25;33;1;15*38;9;18;12;31;20;32;35;37;26;17;11*8;22;3;7;16;23*4;14","6",""
1725,1039.9028,1020.5918,1277.7448,";;34;27;36;28;13*6;29;5;10;2*24;30;21;19;25;33;1;15*38;9;18;12;31;20;32;35;37;26;17;11*8;22;3;7;16;23*4;14","6",""
1726,1036.7964,1020.5918,1302.1708,";;34;27;36;28;13*6;29;5;10;2*24;30;21;19;25;33;1;15*38;9;18;12;31;20;32;35;37;26;17;11*8;22;3;7;16;23*4;14","6",""
1727,1033.5759,1020.5918,1362.0345,";;34;27;37;28;13*6;29;5;10;2*24;30;21;19;25;33;1;15*38;9;18;12;31;20;32;35;36;26;17;11*8;22;3;7;16;23*4;14","6",""
1728,1039.241,1020.5918,1502.5903,";;34;27;36;28;13*6;29;5;10;2*24;30;21;19;25;33;1;15*38;9;18;12;31;20;32;35;37;26;17;11*8;22;3;7;16;23*4;14","6",""
1729,1035.984,1020.5918,1384.2372,";;34;27;36;28;13*6;29;5;10;2*24;30;21;19;25;33;1;15*38;9;18;12;31;20;32;35;37;26;17;11*8;22;3;7;16;23*4;14","6",""
1730,1043.6998,1020.5918,1503.8555,";;34;27;36;28;13*6;29;5;10;2*24;30;21;19;25;33;1;15*38;9;18;12;31;20;32;35;37;26;17;11*8;22;3;7;16;23*4;14","6",""
1731,1053.6019,1020.5918,1446.2714,";;34;27;36;28;13*6;29;5;10;2*24;30;21;19;25;33;1;15*38;9;18;12;31;20;32;35;37;26;17;11*8;22;3;7;16;23*4;14","6",""
1732,1027.7518,1020.5918,1232.4895,";;34;27;36;28;13*6;29;5;10;2*24;30;21;19;25;33;1;15*38;9;18;12;31;20;32;35;37;26;17;11*8;22;3;7;16;23*4;14","6",""
1733,1034.9258,1020.5918,1310.9518,";;34;27;36;28;13*6;29;5;10;2*24;30;21;19;25;33;1;15*38;9;18;12;31;20;32;35;37;26;17;11*8;22;3;7;16;23*4;14","6",""
1734,1028.2021,1020.5918,1216.0918,";;34;27;36;28;13*6;29;5;10;2*24;30;21;19;25;33;1;15*38;9;18;12;31;20;32;35;37;26;17;11*8;22;3;7;16;23*4;14","6",""
1735,1034.8579,1020.5918,1405.2947,";;34;27;36;28;13*6;29;5;10;2*24;30;21;19;25;33;1;15*38;9;18;12;31;20;32;35;37;26;17;11*8;22;3;7;16;23*4;14","6",""
1736,1025.6437,1020.5918,1225.7452,";;34;27;36;28;13*6;29;5;10;2*24;30;21;19;25;33;1;15*38;9;18;12;31;20;32;35;37;26;17;11*8;22;3;7;16;23*4;14","6",""
1737,1029.8279,1020.5918,1389.781,";;34;27;36;28;13*6;29;5;10;2*24;30;21;19;25;33;1;15*38;9;18;12;31;20;32;35;37;26;17;11*8;22;3;7;16;23*4;14","6",""
1738,1030.7,1020.5918,1348.4095,";;34;27;36;28;13*6;29;5;10;2*24;30;21;19;25;33;1;15*38;9;18;12;31;20;32;35;37;26;17;11*8;22;3;7;16;23*4;14","6",""
1739,1031.7595,1020.5918,1239.4049,";;34;27;36;28;13*6;29;5;10;2*24;30;21;19;25;33;1;15*38;9;18;12;31;20;32;35;37;26;17;11*8;22;3;7;16;23*4;14","6",""
1740,1029.8586,1020.5918,1246.1473,";;34;27;36;28;13*6;29;5;10;2*24;30;21;19;25;33;1;15*38;9;18;12;31;20;32;35;37;26;17;11*8;22;3;7;16;23*4;14","6",""
1741,1033.7073,1020.5918,1323.8762,";;34;27;36;28;13*6;29;5;10;2*24;30;21;19;25;33;1;15*38;9;18;12;31;20;32;35;37;26;17;11*8;22;3;7;16;23*4;14","6",""
1742,1026.4568,1020.5918,1277.2706,";;34;27;36;28;13*6;29;5;10;2*24;30;21;19;25;33;1;15*38;9;18;12;31;20;32;35;37;26;17;11*8;22;3;7;16;23*4;14","6",""
1743,1048.2794,1020.5918,1582.1494,";;34;27;36;28;13*6;29;5;10;2*24;30;21;19;25;33;1;15*38;9;18;12;31;20;32;35;37;26;17;11*8;22;3;7;16;23*4;14","6",""
1744,1042.044,1020.5918,1381.244,";;34;27;36;28;13*6;29;5;10;2*24;30;21;19;25;33;1;15*38;9;18;12;31;20;32;35;37;26;17;11*8;22;3;7;16;23*4;14","6",""
1745,1029.2526,1020.5918,1459.955,";;34;27;36;28;13*6;29;5;10;2*24;30;21;19;25;33;1;15*38;9;18;12;31;20;32;35;37;26;17;11*8;22;3;7;16;23*4;14","6",""
1746,1038.2345,1020.5918,1502.5903,";;34;27;36;28;13*6;29;5;10;2*24;30;21;19;25;33;1;15*38;9;18;12;31;20;32;35;37;26;17;11*8;22;3;7;16;23*4;14","6",""
1747,1029.1448,1020.5918,1300.8292,";;34;27;36;28;13*6;29;5;10;2*24;30;21;19;25;33;1;15*38;9;18;12;31;20;32;35;37;26;17;11*8;22;3;7;16;23*4;14","6",""
1748,1043.1461,1020.5918,1475.9393,";;34;27;36;28;13*6;29;5;10;2*24;30;21;19;25;33;1;15*38;9;18;12;31;20;32;35;37;26;17;11*8;22;3;7;16;23*4;14","6",""
1749,1038.1704,1020.5918,1293.3307,";;34;27;36;28;13*6;29;5;10;2*24;30;21;19;25;33;1;15*38;9;18;12;31;20;32;35;37;26;17;11*8;22;3;7;16;23*4;14","6",""
1750,1029.7999,1020.5918,1325.1952,";;34;27;36;28;13*6;29;5;10;2*24;30;21;19;25;33;1;15*38;9;18;12;31;20;32;35;37;26;17;11*8;22;3;7;16;23*4;14","6",""
1751,1028.6478,1020.5918,1300.4014,";;34;27;36;28;13*6;29;5;10;2*24;30;21;19;25;33;1;15*38;9;18;12;31;20;32;35;37;26;17;11*8;22;3;7;16;23*4;14","6",""
1752,1034.5875,1020.5918,1383.7654,";;34;27;36;28;13*6;29;5;10;2*24;30;21;19;25;33;1;15*38;9;18;12;31;20;32;35;37;26;17;11*8;22;3;7;16;23*4;14","6",""
1753,1045.0161,1020.5918,1347.9147,";;34;27;36;28;13*6;29;5;10;2*24;30;21;19;25;33;1;15*38;9;18;12;31;20;32;35;37;26;17;11*8;22;3;7;16;23*4;14","6",""
1754,1037.0022,1020.5918,1401.6146,";;34;27;36;28;13*6;29;5;10;2*24;30;21;19;25;33;1;15*20;9;18;12;31;38;32;35;37;26;17;11*8;22;3;7;16;23*4;14","6",""
1755,1028.0323,1020.5918,1347.0314,";;34;27;36;28;13*6;29;5;10;2*24;30;21;19;25;33;1;15*38;9;18;12;31;20;32;35;37;26;17;11*8;22;3;7;16;23*4;14","6",""
1756,1034.73,1020.5918,1350.077,";;34;27;36;28;13*6;29;5;10;2*24;30;21;19;25;33;1;15*38;9;18;12;31;20;32;35;37;26;17;11*8;22;3;7;16;23*4;14","6",""
1757,1028.5377,1020.5918,1475.9393,";;34;27;36;28;13*6;29;5;10;2*24;30;21;19;25;33;1;15*38;9;18;12;31;20;32;35;37;26;17;11*8;22;3;7;16;23*4;14","6",""
1758,1030.8798,1020.5918,1291.7983,";;34;27;36;28;13*6;29;5;10;2*24;30;21;19;25;33;1;15*38;9;18;12;31;20;32;35;37;26;17;11*8;22;3;7;16;23*4;14","6",""
1759,1035.0664,1020.5918,1470.1567,";;34;27;36;28;13*6;29;5;10;2*24;30;21;19;25;33;1;15*38;9;18;12;31;20;32;35;37;26;17;11*8;22;3;7;16;23*4;14","6",""
1760,1034.6823,1020.5918,1291.4781,";;34;27;36;28;13*6;29;5;10;2*24;30;21;19;25;33;1;15*38;9;18;12;31;20;32;35;37;26;17;11*8;22;3;7;16;23*4;14","6",""
1761,1030.3214,1020.5918,1302.7168,";;34;27;36;28;13*6;29;5;10;2*24;30;21;19;25;33;1;15*38;9;18;12;31;20;32;35;37;26;17;11*8;22;3;7;16;23*4;14","6",""
1762,1026.6581,1020.5918,1339.3326,";;34;27;36;28;13*6;29;5;10;2*24;30;21;19;25;33;1;15*38;9;18;12;31;20;32;35;37;26;17;11*8;22;3;7;16;23*4;14","6",""
1763,1025.0808,1020.5918,1290.9723,";;34;27;36;28;13*6;29;5;10;2*24;30;21;19;25;33;1;15*38;9;18;12;31;20;32;35;37;26;17;11*8;22;3;7;16;23*4;14","6",""
1764,1034.8478,1020.5918,1367.0538,";;34;27;36;28;13*6;29;5;10;2*24;30;21;19;25;33;1;15*38;9;18;12;31;20;32;35;37;26;17;11*8;22;3;7;16;23*4;14","6",""
1765,1044.5188,1020.5918,1475.9393,";;34;27;36;28;13*6;29;5;10;2*24;30;21;19;25;33;1;15*38;9;18;12;31;20;32;35;37;26;17;11*8;22;3;7;16;23*4;14","6",""
1766,1022.8285,1020.5918,1100.9014,";;34;27;36;28;13*6;29;5;10;2*24;30;21;19;25;33;1;15*38;9;18;12;31;20;32;35;37;26;17;11*8;22;3;7;16;23*4;14","6",""
1767,1029.0922,1020.5918,1290.9723,";;34;27;36;28;13*6;29;5;10;2*24;30;21;19;25;33;1;15*38;9;18;12;31;20;32;35;37;26;17;11*8;22;3;7;16;23*4;14","6",""
1768,1033.118,1020.5918,1288.0093,";;34;27;36;28;13*6;29;5;10;2*24;30;21;19;25;33;1;15*38;9;18;12;31;20;32;35;37;26;17;11*8;22;3;7;16;23*4;14","6",""
1769,1030.3683,1020.5918,1277.7448,";;34;27;36;28;13*6;29;5;10;2*24;30;21;19;25;33;1;15*38;9;18;12;31;20;32;35;37;26;17;11*8;22;3;7;16;23*4;14","6",""
1770,1039.0004,1020.5918,1382.9403,";;34;27;36;28;13*6;29;5;10;2*24;30;21;19;25;33;1;15*38;9;18;12;31;20;32;35;37;26;17;11*8;22;3;7;16;23*4;14","6",""
1771,1032.7385,1020.5918,1356.5955,";;34;27;36;28;13*6;29;5;10;2*24;30;21;19;25;33;1;15*38;9;18;12;31;20;32;35;37;26;17;11*8;22;3;7;16;23*4;14","6",""
1772,1046.7113,1020.5918,1322.5897,";;34;27;36;28;13*6;29;5;10;2*24;30;21;19;25;33;1;15*38;9;18;12;31;20;32;35;37;26;17;11*8;22;3;7;16;23*4;14","6",""
1773,1041.6312,1020.5918,1517.7623,";;34;27;36;28;13*6;29;5;10;2*24;30;21;19;25;33;1;15*38;9;18;12;31;20;32;35;37;26;17;11*8;22;3;7;16;23*4;14","6",""
1774,1029.1501,1020.5918,1401.6146,";;34;27;36;28;13*6;29;5;10;2*24;30;21;19;25;33;1;15*38;9;18;12;31;20;32;35;37;26;17;11*8;22;3;7;16;23*4;14","6",""
1775,1040.927,1020.5918,1401.6146,";;34;27;36;28;13*6;29;5;10;2*24;30;21;19;25;33;1;15*38;9;18;12;31;20;32;35;37;26;17;11*8;22;3;7;16;23*4;14","6",""
1776,1034.5308,1020.5918,1405.9576,";;34;27;36;28;13*6;29;5;10;2*24;30;21;19;25;33;1;15*38;9;18;12;31;20;32;35;37;26;17;11*8;22;3;7;16;23*4;14","6",""
1777,1024.9894,1020.5918,1349.9656,";;34;27;36;28;13*6;29;5;10;2*24;30;21;19;25;33;1;15*38;9;18;12;31;20;32;35;37;26;17;11*8;22;3;7;16;23*4;14","6",""
1778,1043.9517,1020.5918,1325.1952,";;34;27;36;28;13*6;29;5;10;2*24;30;21;19;25;33;1;15*38;9;18;12;31;20;32;35;37;26;17;11*8;22;3;7;16;23*4;14","6",""
1779,1027.9435,1020.5918,1198.9841,";;34;27;36;28;13*6;29;5;10;2*24;30;21;19;25;33;1;15*38;9;18;12;31;20;32;35;37;26;17;11*8;22;3;7;16;23*4;14","6",""
1780,1028.0739,1020.5918,1277.7448,";;34;27;36;28;13*6;29;5;10;2*24;30;21;19;25;33;1;15*38;9;18;12;31;20;32;35;37;26;17;11*8;22;3;7;16;23*4;14","6",""
1781,1028.1821,1020.5918,1375.0896,";;34;27;36;28;13*6;29;5;10;2*24;30;21;19;25;33;1;15*38;9;18;12;31;20;32;35;37;26;17;11*8;22;3;7;16;23*4;14","6",""
1782,1034.4485,1020.5918,1496.9481,";;34;27;36;28;13*6;29;5;10;2*24;30;21;19;25;33;1;15*38;9;18;12;31;20;32;35;37;26;17;11*8;22;3;7;16;23*4;14","6",""
1783,1026.3198,1020.5918,1284.7516,";;34;27;36;28;13*6;29;5;10;2*24;30;21;19;25;33;1;15*38;9;18;12;31;20;32;35;37;26;17;11*8;22;3;7;16;23*4;14","6",""
1784,1035.0815,1020.5918,1475.9393,";;34;27;36;28;13*6;29;5;10;2*24;30;21;19;25;33;1;15*38;9;18;12;31;20;32;35;37;26;17;11*8;22;3;7;16;23*4;14","6",""
1785,1031.2446,1020.5918,1235.1758,";;34;27;36;28;13*6;29;5;10;2*24;30;21;19;25;33;1;15*38;9;18;12;31;20;32;35;37;26;17;11*8;22;3;7;16;23*4;14","6",""
1786,1034.2761,1020.5918,1256.4307,";;34;27;36;28;13*6;29;5;10;2*24;30;21;19;25;33;1;15*38;9;18;12;31;20;32;35;37;26;17;11*8;22;3;7;16;23*4;14","6",""
1787,1031.0863,1020.5918,1303.99,";;34;27;36;28;13*6;29;5;10;2*24;30;21;19;25;33;1;15*38;9;18;12;31;20;32;35;37;26;17;11*8;22;7;3;16;23*4;14","6",""
1788,1033.0656,1020.5918,1375.7261,";;34;27;36;28;13*6;29;5;10;2*24;30;21;19;25;33;1;15*38;9;18;12;31;20;32;35;37;26;17;11*8;22;3;7;16;23*4;14","6",""
1789,1023.44476,1020.5918,1259.595,";;34;27;36;28;13*6;29;5;10;2*24;30;21;19;25;33;1;15*38;9;18;12;31;20;32;35;37;26;17;11*8;22;3;7;16;23*4;14","6",""
1790,1042.6309,1020.5918,1326.5063,";;34;27;36;28;13*6;29;5;10;2*24;30;21;19;25;33;1;15*38;9;18;12;31;20;32;35;37;26;17;11*8;22;3;7;16;23*4;14","6",""
1791,1035.7211,1020.5918,1375.0896,";;34;27;36;28;13*6;29;5;10;2*24;30;21;19;25;33;1;15*38;9;18;12;31;20;32;35;37;26;17;11*8;22;3;7;16;23*4;14","6",""
1792,1025.7705,1020.5918,1302.583,";;34;27;36;28;13*6;29;5;10;2*24;30;21;19;25;33;1;15*38;9;18;12;31;20;32;35;37;26;17;11*8;22;3;7;16;23*4;14","6",""
1793,1040.3915,1020.5918,1470.1567,";;34;27;36;28;13*6;29;5;10;2*24;30;21;19;25;33;1;15*38;9;18;12;31;20;32;35;37;26;17;11*8;22;3;7;16;23*4;14","6",""
1794,1038.6515,1020.5918,1517.7623,";;34;27;36;28;13*6;29;5;10;2*24;30;21;19;25;33;1;15*38;9;18;12;31;20;32;35;37;26;17;11*8;22;3;7;16;23*4;14","6",""
1795,1038.3939,1020.5918,1225.5142,";;34;27;36;28;13*6;29;5;10;2*24;30;21;19;25;33;1;15*38;9;18;12;31;20;32;35;37;26;17;11*8;22;3;7;16;23*4;14","6",""
1796,1035.3046,1020.5918,1395.433,";;34;27;36;28;13*6;29;5;10;2*24;30;21;19;25;33;1;15*38;9;18;12;31;20;32;35;37;26;17;11*8;22;3;7;16;23*4;14","6",""
1797,1036.7488,1020.5918,1503.8555,";;34;27;36;28;13*6;29;5;10;2*24;30;21;19;25;33;1;15*38;9;18;12;31;20;32;35;37;26;17;11*8;22;3;7;16;23*4;14","6",""
1798,1034.6373,1020.5918,1349.9656,";;34;27;36;28;13*6;29;5;10;2*24;30;21;19;25;33;1;15*38;9;18;12;31;20;32;35;37;26;17;11*8;22;3;7;16;23*4;14","6",""
1799,1026.973,1020.5918,1238.7937,";;34;27;36;28;13*6;29;5;10;2*24;30;21;19;25;33;1;15*38;9;18;12;31;20;32;35;37;26;17;11*8;22;3;7;16;23*4;14","6",""
1800,1039.5914,1020.5918,1496.9481,";;34;27;36;28;13*6;29;5;10;2*24;30;21;19;25;33;1;15*38;9;18;12;31;20;32;35;37;26;17;11*8;22;3;7;16;23*4;14","6",""
1801,1042.7964,1020.5918,1338.7946,";;34;27;36;28;13*6;29;5;10;2*24;30;21;19;25;33;1;15*38;9;18;12;31;20;32;35;37;26;17;11*8;22;3;7;16;23*4;14","6",""
1802,1036.7915,1020.5918,1311.4447,";;34;27;36;28;13*6;29;5;10;2*24;30;21;19;25;33;1;15*38;9;18;12;31;20;32;35;37;26;17;11*8;22;3;7;16;23*4;14","6",""
1803,1028.1885,1020.5918,1454.5134,";;34;27;36;28;13*6;29;5;10;2*24;30;21;19;25;33;1;15*38;9;18;12;31;20;32;35;37;26;17;11*8;22;3;7;16;23*4;14","6",""
1804,1036.5887,1020.5918,1333.3468,";;34;27;36;28;13*6;29;5;10;2*24;30;21;19;25;33;1;15*38;9;18;12;31;20;32;35;37;26;17;11*8;22;3;7;16;23*4;14","6",""
1805,1026.1985,1020.5918,1215.4418,";;34;27;36;28;13*6;29;5;10;2*24;30;21;26;25;33;1;15;38*9;18;12;31;20;32;35;37;19;17;11*8;22;3;7;16;23*4;14","6",""
1806,1034.5865,1020.5918,1428.5973,";;34;27;36;28;13*6;29;5;10;2*24;30;21;19;25;33;1;15*38;9;18;12;31;20;32;35;37;26;17;11*8;22;3;7;16;23*4;14","6",""
1807,1037.9625,1020.5918,1325.6384,";;34;27;36;28;13*6;29;5;10;2*24;30;21;19;25;33;1;15*38;9;18;12;31;20;32;35;37;26;17;11*8;22;3;7;16;23*4;14","6",""
1808,1026.8109,1020.5918,1289.7812,";;34;27;36;28;13*6;29;5;10;2*24;30;21;19;25;33;22;15*38;9;18;12;31;20;32;35;37;26;17;11*8;1;3;7;16;23;4*14","6",""
1809,1036.7904,1020.5918,1381.175,";;34;27;36;28;13*6;29;5;10;2*24;30;21;19;25;33;1;4;38;9;18;12;31*20;32;35;37;26;17;11;8;22*3;7;16;23*15;14","6",""
1810,1036.5366,1020.5918,1498.0114,";;34;27;36;28;13*6;29;5;10;2*24;30;21;19;25;33;1;15*38;9;18;12;31;20;32;35;37;26;17;11*8;22;3;7;16;23*4;14","6",""
1811,1028.8142,1020.5918,1337.0901,";;34;27;36;28;13*6;29;5;10;2*24;30;21;19;25;33;1;15*38;9;18;12;31;20;32;35;37;26;17;11*8;22;3;7;16;23*4;14","6",""
1812,1047.1637,1020.5918,1382.9403,";;34;27;36;28;13*6;29;5;10;2*24;30;21;19;25;33;1;15*38;9;18;12;31;20;32;35;37;26;17;11*8;22;3;7;16;23*4;14","6",""
1813,1032.6384,1020.5918,1339.3326,";;34;27;36;28;13*6;29;5;10;2*24;30;21;19;25;33;1;15*38;9;18;12;31;20;32;35;37;26;17;11*8;22;3;7;16;23*4;14","6",""
1814,1032.9827,1020.5918,1342.2112,";;34;27;36;28;13*6;29;5;10;2*24;30;21;19;25;33;1;15*38;9;18;12;31;20;32;35;37;26;17;11*8;22;3;7;16;23*4;14","6",""
1815,1027.1212,1020.5918,1396.0105,";;34;27;36;28;13*6;29;5;10;2*24;30;21;19;25;33;1;15*38;9;18;12;31;20;32;35;37;26;17;11*8;22;3;7;16;23*4;14","6",""
1816,1037.7129,1020.5918,1345.5726,";;34;27;36;28;13*6;29;5;10;2*24;30;21;19;25;33;1;15*38;9;18;12;31;20;32;35;37;26;17;11*8;22;3;7;16;23*4;14","6",""
1817,1031.1406,1020.5918,1372.3531,";;34;27;36;28;13*6;29;5;10;2*24;30;21;19;25;33;1;15*38;9;18;12;31;20;32;35;37;26;17;11*8;22;3;7;16;23*4;14","6",""
1818,1023.636,1020.5918,1245.5386,";;34;27;36;28;13*6;29;5;10;2*24;30;21;19;25;33;1;15*38;9;18;12;31;20;32;35;37;26;17;11*8;22;3;7;16;23*4;14","6",""
1819,1034.1694,1020.5918,1310.0903,";;34;27;36;28;13*6;29;5;10;2*24;30;21;19;25;33;1;15*38;9;18;12;31;20;32;35;37;26;17;11*8;22;3;7;16;23*4;14","6",""
1820,1031.6254,1020.5918,1288.7772,";;34;27;36;28;13*6;29;5;10;2*24;30;21;19;25;33;1;15*38;9;18;12;31;20;32;35;37;26;17;11*8;22;3;7;16;23*4;14","6",""
1821,1046.1943,1020.5918,1354.9662,";;34;27;36;28;13*6;29;5;10;2*24;14;21;19;25;33;1;15;38*9;18;12;31;20;32;35;37;26;17;11;8*22;3;7;16;23;4;30","5",""
1822,1030.511,1020.5918,1314.3572,";;34;27;36;28;13*6;29;5;10;2*24;30;21;19;25;33;1;15*38;9;18;12;31;20;32;35;37;26;17;11*8;22;3;7;16;23*4;14","6",""
1823,1029.6301,1020.5918,1284.458,";;34;27;36;28;13*6;29;5;10;2*24;30;21;19;25;33;1;15*38;9;18;12;31;20;32;35;37;26;17;11*8;22;3;7;16;23*4;14","6",""
1824,1047.1753,1020.5918,1470.1567,";;34;27;36;28;13*6;29;5;10;2*24;30;21;19;25;33;1;15*38;9;18;12;31;20;32;35;37;26;17;11*8;22;3;7;16;23*4;14","6",""
1825,1025.2336,1020.5918,1246.707,";;34;27;36;28;13*6;29;5;10;2*24;30;21;19;25;33;1;15*38;9;18;12;31;20;32;35;37;26;17;11*8;22;3;7;16;23*4;14","6",""
1826,1043.148,1020.5918,1433.3711,";;34;27;36;28;13*6;29;5;10;2*24;30;21;19;25;33;1;15*38;9;18;12;31;20;32;35;37;26;17;11*8;22;3;7;16;23*4;14","6",""
1827,1029.8531,1020.5918,1308.5594,";;34;27;36;28;13*6;29;5;10;2*24;30;21;19;25;33;1;15*38;9;18;12;31;20;32;35;37;26;17;11*8;22;3;7;16;23*4;14","6",""
1828,1031.777,1020.5918,1377.7028,";;34;27;36;28;13*6;29;5;10;2*24;30;21;19;25;33;1;15*38;9;18;12;31;20;32;35;37;26;17;11*8;22;3;7;16;23*4;14","6",""
1829,1024.6212,1020.5918,1300.4014,";;34;27;36;28;13*6;29;5;10;2*24;30;21;19;25;33;1;15*38;9;18;12;31;20;32;35;37;26;17;11*8;22;3;7;16;23*4;14","6",""
1830,1033.1488,1020.5918,1310.6451,";;34;27;36;28;13*6;29;5;10;2*24;30;21;19;25;33;1;15*38;9;18;12;31;20;32;35;37;26;17;11*8;22;3;7;16;23*4;14","6",""
1831,1034.9358,1020.5918,1480.5986,";;34;27;36;28;13*6;29;5;10;2*24;30;21;19;25;33;1;15*38;9;18;12;31;20;32;35;37;26;17;11*8;22;3;7;16;23*4;14","6",""
1832,1030.6644,1020.5918,1339.3326,";;34;27;36;28;13*6;29;5;10;2*24;30;21;19;25;33;1;15*38;9;18;12;31;20;32;35;37;26;17;11*8;22;3;7;16;23*4;14","6",""
1833,1036.7836,1020.5918,1359.4012,";;34;27;36;28;13*6;29;5;10;2*24;30;21;19;25;33;1;15*38;9;18;12;31;20;32;35;37;26;17;11*8;22;3;7;16;23*4;14","6",""
1834,1032.3264,1020.5918,1291.0055,";;34;27;36;28;13*6;29;5;10;2*24;30;21;19;25;33;1;15*38;9;18;12;31;20;32;35;37;26;17;11*8;22;3;7;16;23*4;14","6",""
1835,1034.4915,1020.5918,1372.3531,";;34;27;36;28;13*6;29;5;10;2*24;30;21;19;25;33;1;15*38;9;18;12;31;20;32;35;37;26;17;11*8;22;3;7;16;23*4;14","6",""
1836,1036.1681,1020.5918,1351.1144,";;34;27;36;28;13*6;29;5;10;2*24;30;21;19;25;33;1;15*38;9;18;12;31;20;32;35;37;26;17;11*8;22;3;7;16;23*4;14","6",""
1837,1033.1368,1020.5918,1328.0728,";;34;27;36;28;13*6;29;5;10;2*24;30;21;19;25;33;1;15*38;9;18;12;31;20;32;35;37;26;17;11*8;22;3;7;16;23*4;14","6",""
1838,1032.4237,1020.5918,1459.955,";;34;27;36;28;13*6;29;5;10;2*24;30;21;19;25;33;1;15*38;9;18;12;31;20;32;35;37;26;17;11*8;22;3;7;16;23*4;14","6",""
1839,1034.435,1020.5918,1330.5443,";;34;27;36;28;13*6;29;5;10;2*24;30;21;19;25;33;1;15*38;9;18;12;31;20;32;35;37;26;17;11*8;22;3;7;16;23*4;14","6",""
1840,1043.7683,1020.5918,1359.4012,";;34;27;36;28;13*6;29;5;10;2*24;30;21;19;25;33;1;15*38;9;18;12;31;20;32;35;37;26;17;11*8;22;3;7;16;23*4;14","6",""
1841,1025.7404,1020.5918,1294.864,";;34;27;36;28;13*6;29;5;10;2*24;30;21;19;25;33;1;15*38;9;18;12;31;20;32;35;37;26;17;11*8;22;3;7;16;23*4;14","6",""
1842,1035.0043,1020.5918,1341.0215,";;34;27;36;28;13*6;29;5;10;2*24;30;21;19;25;33;1;15*38;9;18;12;31;20;32;35;37;26;17;11*8;22;3;7;16;23*4;14","6",""
1843,1029.2507,1020.5918,1381.244,";;34;27;36;28;13*6;29;5;10;2*24;30;21;19;25;33;1;15*38;9;18;12;31;20;32;35;37;26;17;11*8;22;3;7;16;23*4;14","6",""
1844,1035.8517,1020.5918,1339.3326,";;34;27;36;28;13*6;29;5;10;2*24;30;21;19;25;33;1;15*38;9;18;12;31;20;32;35;37;26;17;11*8;22;3;7;16;23*4;14","6",""
1845,1031.876,1020.5918,1330.2931,";;34;27;36;28;13*6;29;5;10;2*24;30;21;19;25;33;1;15*38;9;18;12;31;20;32;35;37;26;17;11*8;22;3;7;16;23*4;14","6",""
1846,1029.5504,1020.5918,1433.3711,";;34;27;36;28;13*6;29;5;10;2*24;30;21;19;25;33;1;15*26;9;18;12;31;20;32;35;37;38;17;11*8;22;3;7;16;23*4;14","6",""
1847,1037.8628,1020.5918,1359.0743,";;34;27;36;28;13*6;29;5;10;2*24;30;21;19;25;33;1;15*38;9;18;12;31;20;32;35;37;26;17;11*8;22;3;7;16;23*4;14","6",""
1848,1035.6199,1020.5918,1351.2712,";;34;27;36;28;13*6;29;5;10;2*24;30;21;19;25;33;1;15*38;9;18;12;31;20;32;35;37;26;17;11*8;22;3;7;16;23*4;14","6",""
1849,1034.2456,1020.5918,1480.5986,";;34;27;36;28;13*6;29;5;10;2*24;30;21;19;25;33;1;15*38;9;18;12;31;20;32;35;37;26;17;11*8;22;3;7;16;23*4;14","6",""
1850,1035.8931,1020.5918,1381.175,";;34;27;36;28;13*6;29;5;10;2*24;30;21;19;25;33;1;15*38;9;18;12;31;20;32;35;37;26;17;11*8;22;3;7;16;23*4;14","6",""
1851,1030.71,1020.5918,1302.9752,";;34;27;36;28;13*6;29;5;10;2*24;30;21;19;25;33;1;15*38;9;18;12;31;20;32;35;37;26;17;11*8;22;3;7;16;23*4;14","6",""
1852,1034.2137,1020.5918,1273.4269,";;34;27;36;28;13*6;29;5;10;2*24;30;21;19;25;33;1;15*38;9;18;12;31;20;32;35;37;26;17;11*8;22;3;7;16;23*4;14","6",""
1853,1026.4293,1020.5918,1284.458,";;34;27;36;28;13*6;29;5;10;2*24;30;21;19;25;33;1;15*38;9;18;12;31;20;32;35;37;26;17;11*8;22;3;7;16;23*4;14","6",""
1854,1036.2683,1020.5918,1367.0538,";;34;27;36;28;13*6;29;5;10;2*24;30;21;19;25;33;1;15*38;9;18;12;31;20;32;35;37;26;17;11*8;22;3;7;16;23*4;14","6",""
1855,1036.0056,1020.5918,1335.9728,";;34;27;36;28;13*6;29;5;10;2*24;30;21;19;25;33;1;15*38;9;18;12;31;20;32;35;37;26;17;11*8;22;3;7;16;23*4;14","6",""
1856,1039.0565,1020.5918,1494.8442,";;34;27;36;28;13*6;29;5;10;2*24;30;21;19;25;33;1;15*38;9;18;12;31;20;32;35;37;26;17;11*8;22;3;7;16;23*4;14","6",""
1857,1030.2794,1020.5918,1261.8605,";;34;27;36;28;13*6;29;5;10;2*24;30;21;19;25;33;1;15*38;9;18;12;31;20;32;35;37;26;17;11*8;22;3;7;16;23*4;14","6",""
1858,1034.3094,1020.5918,1375.0896,";;34;27;36;28;13*6;29;5;10;2*24;30;21;19;25;33;1;15*38;9;18;12;31;20;32;35;37;26;17;11*8;22;3;7;16;23*4;14","6",""
1859,1026.4148,1020.5918,1381.244,";;34;27;36;28;13*6;29;5;10;2*24;30;21;19;25;33;1;15*38;9;18;12;31;20;32;35;37;26;17;11*8;22;3;7;16;23*4;14","6",""
1860,1036.368,1020.5918,1342.2112,";;34;27;36;28;13*6;29;5;10;2*24;30;21;19;25;33;1;15*38;9;18;12;31;20;32;35;37;26;17;11*8;22;3;7;16;23*4;14","6",""
1861,1038.5444,1020.5918,1336.5109,";;34;27;36;28;13*6;29;5;10;2*24;30;21;19;25;33;1;15*38;9;18;12;31;20;32;35;37;26;17;11*8;22;3;7;16;23*4;14","6",""
1862,1043.9894,1020.5918,1462.7137,";;34;27;36;28;13*6;29;5;10;2*24;30;21;19;25;33;1;15*38;9;18;12;31;20;32;35;37;26;17;11*8;22;3;7;16;23*4;14","6",""
1863,1037.6195,1020.5918,1332.9818,";;34;27;36;28;13*6;29;5;10;2*24;30;21;19;25;33;1;15*38;9;18;12;31;20;32;35;37;26;17;11*8;22;3;7;16;23*4;14","6",""
1864,1036.2007,1020.5918,1457.1022,";;34;27;36;28;13*6;29;5;10;2*24;30;21;19;25;33;1;15*38;9;18;12;31;20;32;35;37;26;17;11*8;22;3;7;16;23*4;14","6",""
1865,1028.9293,1020.5918,1289.4061,";;34;27;36;28;13*6;29;5;10;2*24;30;21;19;25;33;1;15*38;9;18;12;31;20;32;35;37;26;17;11*8;22;3;7;16;23*4;14","6",""
1866,1034.9248,1020.5918,1532.9471,";;34;27;36;28;13*6;29;5;10;2*24;30;21;19;25;33;1;15*38;9;18;12;31;20;32;35;37;26;17;11*8;22;3;7;16;23*4;14","6",""
1867,1037.6891,1020.5918,1401.6146,";;34;27;36;28;13*6;29;5;10;2*24;30;21;19;25;33;1;15*38;9;18;12;31;20;32;35;37;26;17;11*8;22;3;7;16;23*4;14","6",""
1868,1031.9254,1020.5918,1433.3711,";;34;27;36;28;13*6;29;5;10;2*24;30;21;19;25;33;1;15*38;9;18;12;31;20;32;35;37;26;17;11*8;22;3;7;16;23*4;14","6",""
1869,1028.0033,1020.5918,1498.0114,";;34;27;36;28;13*6;29;5;10;2*24;30;21;19;25;33;1;15*38;9;18;12;31;20;32;35;37;26;17;11*8;22;3;7;16;23*4;14","6",""
1870,1031.0984,1020.5918,1298.8143,";;34;27;36;28;13*6;29;5;10;2*24;30;21;19;25;33;1;15*38;9;18;12;31;20;32;35;37;26;17;11*8;22;3;7;16;23*4;14","6",""
1871,1029.5093,1020.5918,1319.0675,";;34;27;36;28;13*6;29;5;10;2*24;30;21;19;25;33;1;15*38;9;18;12;31;20;32;35;37;26;17;11*8;22;3;7;16;23*4;14","6",""
1872,1027.0336,1020.5918,1162.7672,";;34;27;36;28;13*6;29;5;10;2*24;30;21;19;25;33;1;15*38;9;18;12;31;20;32;35;37;26;17;11*8;22;3;7;16;23*4;14","6",""
1873,1026.9526,1020.5918,1302.1708,";;34;27;36;28;13*6;29;5;10;2*24;30;21;19;25;33;1;15*38;9;18;12;31;20;32;35;37;26;17;11*8;22;3;7;16;23*4;14","6",""
1874,1036.9379,1020.5918,1395.433,";;34;27;36;28;13*6;29;5;10;2*24;30;21;19;25;33;1;15*38;9;18;12;31;20;32;35;37;26;17;11*8;22;3;7;16;23*4;14","6",""
1875,1036.5315,1020.5918,1356.4304,";;34;27;36;28;13*6;29;5;10;2*24;30;21;19;25;33;1;15*38;9;18;12;31;20;32;35;37;26;17;11*8;22;3;7;16;23*4;14","6",""
1876,1050.0804,1020.5918,1454.5134,";;34;27;36;28;13*6;29;5;10;2*24;30;21;19;25;33;1;15*38;9;18;12;31;20;32;35;37;26;17;11*8;22;3;7;16;23*4;14","6",""
1877,1030.8729,1020.5918,1289.7812,";;34;27;36;28;13*6;29;5;10;2*24;30;21;19;25;33;1;15*38;9;18;12;31;20;32;35;37;26;17;11*8;22;3;7;16;23*4;14","6",""
1878,1035.4175,1020.5918,1298.8143,";;34;27;36;28;13*6;29;5;10;2*24;30;15;19;25;33;1;21*38;9;18;12;31;20;32;35;37;26;17;11*8;22;3;7;16;23*4;14","6",""
1879,1033.6418,1020.5918,1396.0105,";;34;27;36;28;13*6;29;5;10;2*24;30;21;19;25;33;1;15*38;9;18;12;31;20;32;35;37;26;17;11*8;22;3;7;16;23*4;14","6",""
1880,1044.6173,1020.5918,1424.7485,";;34;27;36;28;13*6;29;5;10;2*24;30;21;19;25;33;1;15*38;9;18;12;31;20;32;35;37;26;17;11*8;22;3;7;16;23*4;14","6",""
1881,1025.9661,1020.5918,1267.8855,";;34;27;36;28;13*6;29;5;10;2*24;30;21;19;25;33;1;15*38;9;18;12;31;20;32;35;37;26;17;11*8;22;3;7;16;23*4;14","6",""
1882,1038.7632,1020.5918,1381.244,";;34;27;36;28;13*6;29;5;10;2*24;30;21;19;25;33;1;15*38;9;18;12;31;20;32;35;37;26;17;11*8;22;3;7;16;23*4;14","6",""
1883,1032.3501,1020.5918,1252.2253,";;34;27;36;28;13*6;29;5;10;2*24;30;21;19;25;33;1;15*38;9;18;12;31;20;32;35;37;26;17;11*8;22;3;7;16;23*4;14","6",""
1884,1033.4562,1020.5918,1377.7028,";;34;27;36;28;13*6;29;5;10;2*24;30;21;19;25;33;1;15*38;9;18;12;31;20;32;35;37;26;17;11*8;22;3;7;16;23*4;14","6",""
1885,1027.6534,1020.5918,1244.215,";;34;27;36;28;13*6;29;5;10;2*24;30;21;19;25;33;1;15*38;9;18;12;31;20;32;35;37;26;17;11*8;22;3;7;16;23*4;14","6",""
1886,1034.5355,1020.5918,1308.5594,";;34;27;36;28;13*6;29;5;10;2*24;30;21;19;25;33;1;15*38;9;18;12;31;20;32;35;37;26;17;11*8;22;3;7;16;23*4;14","6",""
1887,1031.3514,1020.5918,1331.1182,";;34;27;36;28;13*6;29;5;10;2*24;30;21;19;25;33;1;15*38;9;18;12;31;20;32;35;37;26;17;11*8;22;3;7;16;23*4;14","6",""
1888,1027.276,1020.5918,1287.1545,";;34;27;36;28;13*6;29;5;10;2*24;30;21;19;25;33;1;15*38;9;18;12;31;20;32;35;37;26;17;11*8;22;3;7;16;23*4;14","6",""
1889,1034.9274,1020.5918,1338.7946,";;34;27;36;28;13*6;29;5;10;2*24;30;21;19;25;33;1;15*38;9;18;12;31;20;32;35;37;26;17;11*8;22;3;7;16;23*4;14","6",""
1890,1034.976,1020.5918,1371.4131,";;34;27;36;28;13*6;29;5;10;2*24;30;21;19;25;33;1;15*38;9;18;12;31;20;32;35;37;26;17;11*8;22;3;7;16;23*4;14","6",""
1891,1029.5531,1020.5918,1381.175,";;34;27;36;28;13*6;29;5;10;2*24;30;21;19;25;33;1;15*38;9;18;12;31;20;32;35;37;26;17;11*8;22;3;7;16;23*4;14","6",""
1892,1031.5498,1020.5918,1291.1042,";;34;27;36;28;13*6;29;5;10;2*24;30;21;19;25;33;1;15*38;9;18;12;31;20;32;35;37;26;17;11*8;22;3;7;16;23*4;14","6",""
1893,1031.9077,1020.5918,1226.5321,";;34;27;36;28;13*6;29;5;10;2*24;30;21;19;25;33;1;15*38;9;18;12;31;20;32;35;37;26;17;11*8;22;3;7;16;23*4;14","6",""
1894,1020.59314,1020.5918,1020.5918,";;34;27;36;28;13*6;29;5;10;2*24;30;21;19;25;33;1;15*38;9;18;12;31;20;32;35;37;26;17;11*8;22;3;7;16;23*4;14","6",""
1895,1034.8796,1020.5918,1319.0675,";;34;27;36;28;13*6;29;5;10;2*24;30;21;19;25;33;1;15*38;9;18;12;31;20;32;35;37;26;17;11*8;22;3;7;16;23*4;14","6",""
1896,1029.046,1020.5918,1293.4427,";;34;27;36;28;13*6;29;5;10;2*24;30;21;19;25;33;1;15*38;9;18;12;31;20;32;35;37;26;17;11*8;22;3;7;16;23*4;14","6",""
1897,1034.0905,1020.5918,1303.4722,";;34;27;36;28;13*6;29;5;10;2*24;30;21;19;25;33;1;15*38;9;18;12;31;20;32;35;37;26;17;11*8;22;3;7;16;23*4;14","6",""
1898,1038.246,1020.5918,1459.955,";;34;27;36;28;13*6;29;5;10;2*24;30;21;19;25;33;1;15*38;9;18;12;31;20;32;35;37;26;17;11*8;22;3;7;16;23*4;14","6",""
1899,1035.8341,1020.5918,1558.8986,";;34;27;36;28;13*6;29;5;10;2*24;30;21;19;25;33;1;15*38;9;18;12;31;20;32;35;37;26;17;11*8;22;3;7;16;23*4;14","6",""
1900,1038.3232,1020.5918,1335.4454,";;34;27;36;28;13*6;29;5;10;2*24;30;21;19;25;33;1;15*38;9;18;12;31;20;32;35;37;26;17;11*8;22;3;7;16;23*4;14","6",""
1901,1038.0095,1020.5918,1503.8555,";;34;27;36;28;13*6;29;5;10;2*24;30;21;19;25;33;1;15*38;9;18;12;31;20;32;35;37;26;17;11*8;22;3;7;16;23*4;14","6",""
1902,1033.8003,1020.5918,1303.4722,";;34;27;36;28;13*6;29;5;10;2*24;30;21;19;25;33;1;15*38;9;18;12;31;20;32;35;37;26;17;11*8;22;3;7;16;23*4;14","6",""
1903,1033.0409,1020.5918,1359.0743,";;34;27;36;28;13*6;29;5;10;2*24;30;21;19;25;33;1;15*38;9;18;12;31;20;32;35;37;26;17;11*8;22;3;7;16;23*4;14","6",""
1904,1047.3969,1020.5918,1498.0114,";;34;27;36;28;13*6;29;5;10;2*24;30;21;19;25;33;1;15*38;9;18;12;31;20;32;35;37;26;17;11*8;22;3;7;16;23*4;14","6",""
1905,1032.513,1020.5918,1381.244,";;34;27;36;28;13*6;29;5;10;2*24;30;21;19;25;33;1;15*38;9;18;12;31;20;32;35;37;26;17;11*8;22;3;7;16;23*4;14","6",""
1906,1029.6172,1020.5918,1405.2947,";;34;27;36;28;13*6;29;5;10;2*24;30;21;19;25;33;1;15*38;9;18;12;31;20;32;35;37;26;17;11*8;22;3;7;16;23*4;14","6",""
1907,1031.2213,1020.5918,1254.6058,";;34;27;36;28;13*6;29;5;10;2*24;30;21;19;25;33;1;15*38;9;18;12;31;20;32;35;37;26;17;11*8;22;3;7;16;23*4;14","6",""
1908,1034.2949,1020.5918,1314.2976,";;34;27;36;28;13*6;29;5;10;2*24;30;21;19;25;33;1;15*38;9;18;12;31;20;32;35;37;26;17;11*8;22;3;7;16;23*4;14","6",""
1909,1045.7618,1020.5918,1302.583,";;34;27;36;28;13*6;29;5;10;2*24;30;21;19;25;33;1;15*38;9;18;12;31;20;32;35;37;26;17;11*8;22;3;7;16;23*4;14","6",""
1910,1030.719,1020.5918,1503.8555,";;34;27;36;28;13*6;29;5;10;2*24;30;21;19;25;33;1;15*38;9;18;12;31;20;32;35;37;26;17;11*8;22;3;7;16;23*4;14","6",""
1911,1029.2483,1020.5918,1354.8743,";;34;27;36;28;13*6;29;5;10;2*24;30;21;19;25;33;1;15*38;9;18;12;31;20;32;35;37;26;17;11*8;22;3;7;16;23*4;14","6",""
1912,1029.4126,1020.5918,1193.6842,";;34;27;36;28;13*6;29;5;10;2*24;30;21;19;25;33;1;15*38;9;18;12;31;20;32;35;37;26;17;11*8;22;3;7;16;23*4;14","6",""
1913,1034.4639,1020.5918,1354.9662,";;34;27;36;28;13*6;29;5;10;2*24;30;21;19;25;33;1;15*38;9;18;12;31;20;32;35;37;26;17;11*8;22;3;7;16;23*4;14","6",""
1914,1033.4996,1020.5918,1330.8927,";;34;27;36;28;13*6;29;5;10;2*24;30;21;19;25;33;1;15*38;9;18;12;31;20;32;35;37;26;17;11*8;22;3;7;16;23*4;14","6",""
1915,1039.19,1020.5918,1475.9393,";;34;27;36;28;13*6;29;5;10;2*24;30;21;19;25;33;1;15*38;9;18;12;31;20;32;35;37;26;17;11*8;22;3;7;16;23*4;14","6",""
1916,1039.0236,1020.5918,1395.433,";;34;27;36;28;13*6;29;5;10;2*24;30;21;19;25;33;1;15*38;9;18;12;31;20;32;35;37;26;17;11*8;22;3;7;16;23*4;14","6",""
1917,1027.9335,1020.5918,1383.7654,";;34;27;36;28;13*6;29;5;10;2*24;30;21;19;25;33;1;15*38;9;18;12;31;20;32;35;37;26;17;11*8;22;3;7;16;23*4;14","6",""
1918,1037.5393,1020.5918,1494.8442,";;34;27;36;28;13*6;29;5;10;2*24;30;21;19;25;33;1;15*38;9;18;12;31;20;32;35;37;26;17;11*8;22;3;7;16;23*4;14","6",""
1919,1044.0121,1020.5918,1454.5134,";;34;27;36;28;13*6;29;5;10;2*24;30;21;19;25;33;1;15*38;9;18;12;31;20;32;35;37;26;17;11*8;22;3;7;16;23*4;14","6",""
1920,1028.8628,1020.5918,1288.7772,";;34;27;36;28;13*6;29;5;10;2*24;30;21;19;25;33;1;15*38;9;18;12;31;20;32;35;37;26;17;11*8;22;3;7;16;23*4;14","6",""
1921,1040.7261,1020.5918,1462.7137,";;34;27;36;28;13*6;29;5;10;2*24;30;21;19;25;33;1;15*38;9;18;12;31;20;32;35;37;26;17;11*8;22;3;7;16;23*4;14","6",""
1922,1029.057,1020.5918,1354.8743,";;34;27;36;28;13*6;29;5;10;2*24;30;21;19;25;33;1;15*38;9;18;12;31;20;32;35;37;26;17;11*8;22;3;7;16;23*4;14","6",""
1923,1031.2802,1020.5918,1302.1708,";;34;27;36;28;13*6;29;5;10;2*24;30;21;19;25;33;1;15*38;9;18;12;31;20;32;35;37;26;17;11*8;22;3;7;16;23*4;14","6",""
1924,1032.458,1020.5918,1364.447,";;34;27;36;28;13*6;29;5;10;2*24;30;21;19;25;33;1;15*38;9;18;12;31;20;32;35;37;26;17;11*8;22;3;7;16;23*4;14","6",""
1925,1029.0652,1020.5918,1289.7812,";;34;27;36;28;13*6;29;5;10;2*24;30;21;19;25;33;1;15*38;9;18;12;31;20;32;35;37;26;17;11*8;22;3;7;16;23*4;14","6",""
1926,1036.3501,1020.5918,1502.5903,";;34;27;36;28;13*6;29;5;10;2*24;30;21;19;25;33;1;15*38;9;18;12;31;20;32;35;37;26;17;11*8;22;3;7;16;23*4;14","6",""
1927,1022.3183,1020.5918,1128.6863,";;34;27;36;28;13*6;29;5;10;2*24;30;21;19;25;33;1;15*38;9;18;12;31;20;32;35;37;26;17;11*8;22;3;7;16;23*4;14","6",""
1928,1031.5244,1020.5918,1377.7028,";;34;27;36;28;13*6;29;5;10;2*24;30;21;19;25;33;1;15*38;9;18;12;31;20;32;35;37;26;17;11*8;22;3;7;16;23*4;14","6",""
1929,1048.9248,1020.5918,1405.9576,";;34;27;36;28;13*6;29;5;10;2*24;30;21;19;25;33;1;15*38;9;18;12;31;20;32;35;37;26;17;11*8;22;3;7;16;23*4;14","6",""
1930,1031.6577,1020.5918,1470.1567,";;34;27;36;28;13*6;29;5;10;2*24;30;21;19;25;33;1;15*38;9;18;12;31;20;32;35;37;26;17;11*8;22;3;7;16;23*4;14","6",""
1931,1037.6011,1020.5918,1532.9471,";;34;27;36;28;13*6;29;5;10;2*24;30;21;19;25;33;1;15*38;9;18;12;31;20;32;35;37;26;17;11*8;22;3;7;16;23*4;14","6",""
1932,1031.5922,1020.5918,1300.8292,";;34;27;36;28;13*6;29;5;10;2*24;30;21;19;25;33;1;15*38;9;18;12;31;20;32;35;37;26;17;11*8;22;3;7;16;23*4;14","6",""
1933,1034.3986,1020.5918,1280.5394,";;34;27;36;28;13*6;29;5;10;2*24;30;21;19;25;33;1;15*38;9;18;12;31;20;32;35;37;26;17;11*8;22;3;7;16;23*4;14","6",""
1934,1036.4291,1020.5918,1375.0896,";;34;27;36;28;13*6;29;5;10;2*24;30;21;19;25;33;1;15*38;9;18;12;31;20;32;35;37;26;17;11*8;22;3;7;16;23*4;14","6",""
1935,1031.0228,1020.5918,1348.4095,";;34;27;36;28;13*6;29;5;10;2*24;30;21;19;25;33;1;15*38;9;18;12;31;20;32;35;37;26;17;11*8;22;3;7;16;23*4;14","6",""
1936,1029.7449,1020.5918,1395.433,";;34;27;36;28;13*6;29;5;10;2*24;30;21;19;25;33;1;15*38;9;18;12;31;20;32;35;37;26;17;11*8;22;3;7;16;23*4;14","6",""
1937,1030.5732,1020.5918,1258.8123,";;34;27;36;28;13*6;29;5;10;2*24;30;21;19;25;33;1;15*38;9;18;12;31;20;32;35;37;26;17;11*8;22;3;7;16;23*4;14","6",""
1938,1034.4432,1020.5918,1333.3468,";;34;27;36;28;13*6;29;5;10;2*24;30;21;19;25;33;1;15*38;9;18;12;31;20;32;35;37;26;17;11*8;22;3;7;16;23*4;14","6",""
1939,1038.5609,1020.5918,1328.0728,";;34;27;36;28;13*6;29;5;10;2*24;30;21;19;25;33;1;15*38;9;18;12;31;20;32;35;37;26;17;11*8;22;3;7;16;23*4;14","6",""
1940,1027.9117,1020.5918,1311.4447,";;34;27;36;28;13*6;29;5;10;2*24;30;21;19;25;33;1;15*38;9;18;12;31;20;32;35;37;26;17;11*8;22;3;7;16;23*4;14","6",""
1941,1036.8542,1020.5918,1322.3773,";;34;27;36;28;13*6;29;5;10;2*24;30;21;19;25;33;1;15*38;9;18;12;31;20;32;35;37;26;17;11*8;22;3;7;16;23*4;14","6",""
1942,1033.9153,1020.5918,1314.3572,";;34;27;36;28;13*6;29;5;10;2*24;30;21;19;25;33;1;15*38;9;18;12;31;20;32;35;37;26;17;11*8;22;3;7;16;23*4;14","6",""
1943,1027.9147,1020.5918,1244.288,";;34;27;36;28;13*6;29;5;10;2*24;30;21;19;25;33;1;15*38;9;18;12;31;20;32;35;37;26;17;11*8;22;3;7;16;23*4;14","6",""
1944,1035.4374,1020.5918,1335.024,";;34;27;36;28;13*6;29;5;10;2*24;30;21;19;25;18;1;15;38;9*33;12;31;20;32;35;37;26;17;11*8;22;3;7;16;23*4;14","6",""
1945,1034.3992,1020.5918,1449.0023,";;34;27;36;28;13*6;29;5;10;2*24;30;21;19;25;33;1;15*38;9;18;12;31;20;32;35;37;26;17;11*8;22;3;7;16;23*4;14","6",""
1946,1021.50226,1020.5918,1111.5087,";;34;27;36;28;13*6;29;5;10;2*24;30;21;19;25;33;1;15*38;9;18;12;31;20;32;35;37;26;17;11*8;22;3;7;16;23*4;14","6",""
1947,1031.9565,1020.5918,1332.9818,";;34;27;36;28;13*6;29;5;10;2*24;30;21;19;25;33;1;15*38;9;18;12;31;20;32;35;37;26;17;11*8;22;3;7;16;23*4;14","6",""
1948,1023.8745,1020.5918,1234.6896,";;34;27;36;28;13*6;29;5;10;2*24;30;21;19;25;33;1;15*38;9;18;12;31;20;32;35;37;26;17;11*8;22;3;7;16;23*4;14","6",""
1949,1026.4989,1020.5918,1216.0918,";;34;27;36;28;13*6;29;5;10;2*24;30;21;19;25;33;1;15*38;9;18;12;31;20;32;35;37;26;17;11*8;22;3;7;16;23*4;14","6",""
1950,1025.7081,1020.5918,1356.5955,";;34;27;36;28;13*6;29;5;10;2*24;30;21;19;25;33;1;15*38;9;18;12;31;20;32;35;37;26;17;11*8;22;3;7;16;23*4;14","6",""
1951,1033.2019,1020.5918,1308.8503,";;34;27;36;28;13*6;29;5;10;2*24;30;21;19;25;33;1;15*38;9;18;12;31;20;32;35;37;26;17;11*8;22;3;7;16;23*4;14","6",""
1952,1033.509,1020.5918,1308.2539,";;34;27;36;28;13*6;29;5;10;2*24;30;21;19;25;33;1;15*38;9;18;12;31;20;32;35;37;26;17;11*8;22;3;7;16;23*4;14","6",""
1953,1028.952,1020.5918,1449.0023,";;34;27;36;28;13*6;29;5;10;2*24;30;21;19;25;33;1;15*38;9;18;12;31;20;32;35;37;26;17;11*8;22;3;7;16;23*4;14","6",""
1954,1030.2466,1020.5918,1424.65,";;34;27;36;28;13*6;29;5;10;2*24;30;21;19;25;33;1;15*38;9;18;12;31;20;32;35;37;26;17;11*8;22;3;7;16;23*4;14","6",""
1955,1039.436,1020.5918,1398.321,";;34;27;36;28;13*6;29;5;10;2*24;30;21;19;25;33;1;15*38;9;18;12;31;20;32;35;37;26;17;11*8;22;3;7;16;23*4;14","6",""
1956,1036.6854,1020.5918,1481.6705,";;34;27;36;28;13*6;29;5;10;2*24;30;21;19;25;33;1;15*38;9;18;12;31;20;32;35;37;26;17;11*8;22;3;7;16;23*4;14","6",""
1957,1038.067,1020.5918,1558.8986,";;34;27;36;28;13*6;29;5;10;2*24;30;21;19;25;33;1;15*38;9;18;12;31;20;32;35;37;26;17;11*8;22;3;7;16;23*4;14","6",""
1958,1033.5563,1020.5918,1372.3531,";;34;27;36;28;13*6;29;5;10;2*24;30;21;19;25;33;1;15*38;9;18;12;31;20;32;35;37;26;17;11*8;22;3;7;16;23*4;14","6",""
1959,1031.9843,1020.5918,1470.1567,";;34;27;36;28;13*6;29;5;10;2*24;30;21;19;25;33;1;15*38;9;18;12;31;20;32;35;37;26;17;11*8;22;3;7;16;23*4;14","6",""
1960,1028.3304,1020.5918,1333.3468,";;34;27;36;28;13*6;29;5;10;2*24;30;21;19;25;33;1;15*38;9;18;12;31;20;32;35;37;26;17;11*8;22;3;7;16;23*4;14","6",""
1961,1025.0109,1020.5918,1189.9243,";;34;27;36;28;13*6;29;5;10;2*24;30;21;19;25;33;1;15*38;9;18;12;31;20;32;35;37;26;17;11*8;22;3;7;16;23*4;14","6",""
1962,1031.3478,1020.5918,1297.8777,";;34;27;36;28;13*6;29;5;10;2*24;30;21;19;25;33;1;15*38;9;18;12;31;20;32;35;37;26;17;11*8;22;3;7;16;23*4;14","6",""
1963,1024.9724,1020.5918,1139.9633,";;34;27;36;28;13*6;29;5;10;2*24;30;21;19;25;33;1;15*38;9;18;12;31;20;32;35;37;26;17;11*8;22;3;7;16;23*4;14","6",""
1964,1032.6775,1020.5918,1385.8296,";;34;27;36;28;13*6;29;5;10;2*24;30;21;19;25;33;1;15*38;9;18;12;31;20;32;35;37;26;17;11*8;22;3;7;16;23*4;14","6",""
1965,1029.1179,1020.5918,1302.9752,";;34;27;36;28;13*6;29;5;10;2*24;30;21;19;25;33;1;15*38;9;18;12;31;20;32;35;37;26;17;11*8;22;3;7;16;23*4;14","6",""
1966,1035.3921,1020.5918,1381.175,";;34;27;36;28;13*6;29;5;10;2*24;30;21;19;25;33;1;15*38;9;18;12;31;20;32;35;37;26;17;11*8;22;3;7;16;23*4;14","6",""
1967,1033.0765,1020.5918,1330.5443,";;34;27;36;28;13*6;29;5;10;2*24;30;21;19;25;33;1;15*38;9;18;12;31;20;32;35;37;26;17;11*8;22;3;7;16;23*4;14","6",""
1968,1032.5096,1020.5918,1457.1022,";;34;27;36;28;13*6;29;5;10;2*24;30;21;19;25;33;1;15*38;9;18;12;31;20;32;35;37;26;17;11*8;22;3;7;16;23*4;14","6",""
1969,1037.1794,1020.5918,1380.6136,";;34;27;36;28;13*6;29;5;10;2*24;30;21;19;25;33;1;15*38;9;18;12;31;20;32;35;37;26;17;11*8;22;3;7;16;23*4;14","6",""
1970,1038.0717,1020.5918,1393.1125,";;34;27;36;28;13*6;29;5;10;2*24;30;21;19;25;33;1;15*38;9;18;12;31;20;32;35;37;26;17;11*8;22;3;7;16;23*4;14","6",""
1971,1031.0629,1020.5918,1332.3151,";;34;27;36;28;13*6;29;5;10;2*24;30;21;19;25;33;1;15*38;9;18;12;31;20;32;35;37;26;17;11*8;22;3;7;16;23*4;14","6",""
1972,1030.5709,1020.5918,1262.5358,";;34;27;36;28;13*6;29;5;10;2*24;30;21;19;25;33;1;15*38;9;18;12;31;20;32;35;37;26;17;11*8;22;3;7;16;23*4;14","6",""
1973,1034.0863,1020.5918,1354.2948,";;34;27;36;28;13*6;29;5;10;2*24;30;21;19;25;33;1;15*38;9;18;12;31;20;32;35;37;26;17;11*8;22;3;7;16;23*4;14","6",""
1974,1041.2644,1020.5918,1496.9481,";;34;27;36;28;13*6;29;5;10;2*24;30;21;19;25;33;1;15*38;9;18;12;31;20;32;35;37;26;17;11*8;22;3;7;16;23*4;14","6",""
1975,1037.0021,1020.5918,1475.9393,";;34;27;36;28;13*6;29;5;10;2*24;30;21;19;25;33;1;15*38;9;18;12;31;20;32;35;37;26;17;11*8;22;3;7;16;23*4;14","6",""
1976,1027.781,1020.5918,1292.722,";;34;27;36;28;13*6;29;5;10;2*24;30;21;19;25;33;1;15*38;9;18;12;31;20;32;35;37;26;17;11*8;22;3;7;16;23*4;14","6",""
1977,1036.1407,1020.5918,1354.9662,";;34;27;36;28;13*6;29;5;10;2*24;30;21;19;25;33;1;15*38;9;18;12;31;20;32;35;37;26;17;11*8;22;3;7;16;23*4;14","6",""
1978,1033.7603,1020.5918,1342.2112,";;34;27;36;28;13*6;29;5;10;2*24;30;21;19;25;33;1;15*38;9;18;12;31;20;32;35;37;26;17;11*8;22;3;7;16;23*4;14","6",""
1979,1046.8486,1020.5918,1532.9471,";;34;27;36;28;13*6;29;5;10;2*24;30;21;19;25;33;1;15*38;9;18;12;31;20;32;35;37;26;17;11*8;22;3;7;16;23*4;14","6",""
1980,1033.746,1020.5918,1380.6136,";;34;27;36;28;13*6;29;5;10;2*24;30;21;19;25;33;1;15*38;9;18;12;31;20;32;35;37;26;17;11*8;22;3;7;16;23*4;14","6",""
1981,1042.4946,1020.5918,1481.6705,";;34;27;36;28;13*6;29;5;10;2*24;30;21;19;25;33;1;15*38;9;18;12;31;20;32;35;37;26;17;11*8;22;3;7;16;23*4;14","6",""
1982,1034.3734,1020.5918,1294.682,";;34;27;36;28;13*6;29;5;10;2*24;30;21;19;25;33;1;15*38;9;18;12;31;20;32;35;37;26;17;11*8;22;3;7;16;23*4;14","6",""
1983,1030.0477,1020.5918,1239.6458,";;34;27;36;28;13*6;29;5;10;2*24;30;21;19;25;33;1;15*38;9;18;12;31;20;32;35;37;26;17;11*8;22;3;7;16;23*4;14","6",""
1984,1035.4934,1020.5918,1256.8427,";;34;27;36;28;13*6;29;5;10;2*24;30;21;19;25;33;1;15*38;9;18;12;31;20;32;35;37;26;17;11*8;22;3;7;16;23*4;14","6",""
1985,1029.4231,1020.5918,1232.22,";;34;27;36;28;13*6;29;5;10;2*24;30;21;19;25;33;1;15*38;9;18;12;31;20;32;35;37;26;17;11*8;22;3;7;16;23*4;14","6",""
1986,1025.6245,1020.5918,1364.032,";;34;27;36;28;13*6;29;5;10;2*24;30;21;19;25;33;1;15*38;9;18;12;31;20;32;35;37;26;17;11*8;22;3;7;16;23*4;14","6",""
1987,1036.3153,1020.5918,1262.2903,";;34;27;36;28;13*6;29;5;10;2*24;30;21;19;25;33;1;15*38;9;18;12;31;20;32;35;37;26;17;11*8;22;3;7;16;23*4;14","6",""
1988,1031.7766,1020.5918,1310.6451,";;34;27;36;28;13*6;29;5;10;2*24;30;21;19;25;33;1;15*38;9;18;12;31;20;32;35;37;26;17;8*11;22;3;7;16;23*4;14","6",""
1989,1035.6522,1020.5918,1315.3649,";;34;27;36;28;13*6;29;5;10;2*24;30;21;19;25;33;1;15*38;9;18;12;31;20;32;35;37;26;17;11*8;22;3;7;16;23*4;14","6",""
1990,1040.5155,1020.5918,1480.5986,";;34;27;36;28;13*6;29;5;10;2*24;30;21;19;25;33;1;15*38;9;18;12;31;20;32;35;37;26;17;11*8;22;3;7;16;23*4;14","6",""
1991,1034.6084,1020.5918,1517.7623,";;34;27;36;28;13*6;29;5;10;2*24;30;21;19;25;33;1;15*38;9;18;12;31;20;32;35;37;26;17;11*8;22;3;7;16;23*4;14","6",""
1992,1036.5316,1020.5918,1517.7623,";;34;27;36;28;13*6;29;5;10;2*24;30;21;19;25;33;1;15*38;9;18;12;31;20;32;35;37;26;17;11*8;22;3;7;16;23*4;14","6",""
1993,1027.352,1020.5918,1232.5527,";;34;27;36;28;13*6;29;5;10;2*24;30;21;19;25;33;1;15*38;9;18;12;31;20;32;35;37;26;17;11*8;22;3;7;16;23*4;14","6",""
1994,1027.2314,1020.5918,1395.433,";;34;27;36;28;13*6;29;5;10;2*24;30;21;19;25;33;1;15*38;9;18;12;31;20;32;35;37;26;17;11*8;22;3;7;16;23*4;14","6",""
1995,1027.6771,1020.5918,1195.14,";;34;27;36;28;13*6;29;5;10;2*24;30;21;19;25;33;1;15*38;9;18;12;31;20;32;35;37;26;17;11*8;22;3;7;16;23*4;14","6",""
1996,1028.1187,1020.5918,1291.4781,";;34;27;36;28;13*6;29;5;10;2*24;30;21;19;25;33;1;15*38;9;18;12;31;20;32;35;37;26;17;11*8;22;3;7;16;23*4;14","6",""
1997,1027.6683,1020.5918,1291.1042,";;34;27;36;28;13*6;29;5;10;2*24;30;21;19;25;33;1;15*38;9;18;12;31;20;32;35;37;26;17;11*8;22;3;7;16;23*4;14","6",""
1998,1032.769,1020.5918,1311.4447,";;34;27;36;28;13*6;29;5;10;2*24;30;21;19;25;33;1;15*38;9;18;12;31;20;32;35;37;26;17;11*8;22;3;7;16;23*4;14","6",""
1999,1029.3741,1020.5918,1517.7623,";;34;27;36;28;13*6;29;5;10;2*24;30;21;19;25;33;1;15*38;9;18;12;31;20;32;35;37;26;17;11*8;22;3;7;16;23*4;14","6",""
2000,1028.9573,1020.5918,1393.1125,";;34;27;36;28;13*6;29;5;35;2;24*30;21;19;25;33;1;15;38;9;18*12;31;20;32;10;37;26;17;11*8;22;3;7;16;23*4;14","6",""
2001,1023.3764,1020.5918,1221.6935,";;34;27;36;28;13*6;29;5;10;2*24;30;21;19;25;33;1;15*38;9;18;12;31;20;32;35;37;26;17;11*8;22;3;7;16;23*4;14","6",""
2002,1040.2319,1020.5918,1347.0314,";;34;27;36;28;13*6;29;5;10;2*24;30;21;19;25;33;1;15*38;9;18;12;31;20;32;35;37;26;17;11*8;22;3;7;16;23*4;14","6",""
2003,1036.9735,1020.5918,1496.9481,";;34;27;36;28;13*6;29;5;10;2*24;30;21;19;25;33;1;15*38;9;18;12;31;20;32;35;37;26;17;11*8;22;3;7;16;23*4;14","6",""
2004,1020.59314,1020.5918,1020.5918,";;34;27;36;28;13*6;29;5;10;2*24;30;21;19;25;33;1;15*38;9;18;12;31;20;32;35;37;26;17;11*8;22;3;7;16;23*4;14","6",""
2005,1024.3799,1020.5918,1213.9193,";;34;27;36;28;13*6;29;5;10;2*24;30;21;19;25;33;1;15*38;9;18;12;31;20;32;35;37;26;17;11*8;22;3;7;16;23*4;14","6",""
2006,1032.5529,1020.5918,1213.7285,";;34;27;36;28;13*6;29;5;10;2*24;30;21;19;25;33;1;15*38;9;18;12;31;20;32;35;37;26;17;11*8;22;3;7;16;23*4;14","6",""
2007,1032.486,1020.5918,1367.0538,";;34;27;36;28;13*6;29;5;10;2*24;30;21;19;25;33;1;15*38;9;18;12;31;20;32;35;37;26;17;11*8;22;3;7;16;23*4;14","6",""
2008,1030.6498,1020.5918,1389.781,";;34;27;36;28;13*6;29;5;10;2*24;30;21;19;25;33;1;15*38;9;18;12;31;20;32;35;37;26;17;11*8;22;3;7;16;23*4;14","6",""
2009,1028.5359,1020.5918,1299.8898,";;34;27;36;28;13*6;29;5;10;2*24;30;21;19;25;33;1;15*38;9;18;12;31;20;32;35;37;26;17;11*8;22;3;7;16;23*4;14","6",""
2010,1031.6094,1020.5918,1266.1937,";;34;27;36;28;13*6;29;5;10;2*24;30;21;19;25;33;1;15*38;9;18;12;31;20;32;35;37;26;17;11*8;22;3;7;16;23*4;14","6",""
2011,1028.4014,1020.5918,1244.288,";;34;27;36;28;13*6;29;5;10;2*24;30;21;19;25;33;1;15*38;9;18;12;31;20;32;35;37;26;17;11*8;22;3;7;16;23*4;14","6",""
2012,1035.7571,1020.5918,1362.8103,";;34;27;36;28;13*6;29;5;10;2*24;30;21;19;25;33;1;15*38;9;18;12;31;20;32;35;37;26;17;11*8;22;3;7;16;23*4;14","6",""
2013,1040.1667,1020.5918,1382.9403,";;34;27;36;28;13*6;29;5;10;2*24;30;21;19;25;33;1;15*38;9;18;12;31;20;32;35;37;26;17;11*8;22;3;7;16;23*4;14","6",""
2014,1030.565,1020.5918,1481.6705,";;34;27;36;28;13*6;29;5;10;2*24;30;21;19;25;33;1;15*38;9;18;12;31;20;32;35;37;26;17;11*8;22;3;7;16;23*4;14","6",""
2015,1030.6299,1020.5918,1293.4427,";;34;27;36;28;13*6;29;5;10;2*24;30;21;19;25;33;1;15*38;9;18;12;31;20;32;35;37;26;17;11*8;22;3;7;16;23*4;14","6",""
2016,1024.2703,1020.5918,1201.6143,";;34;27;36;28;13*6;29;5;10;2*24;30;21;19;25;33;1;15*38;9;18;12;31;20;32;35;37;26;17;11*8;22;3;7;16;23*4;14","6",""
2017,1041.4186,1020.5918,1475.9393,";;34;27;36;28;13*6;29;5;10;2*24;30;21;19;25;33;1;15*38;9;18;12;31;20;32;35;37;26;17;11*8;22;3;7;16;23*4;14","6",""
2018,1032.2025,1020.5918,1449.0023,";;34;27;36;28;13*6;29;5;10;2*24;30;21;19;25;33;1;15*38;9;18;12;31;20;32;35;37;26;17;11*8;22;3;7;16;23*4;14","6",""
2019,1027.9452,1020.5918,1383.7654,";;34;27;36;28;13*6;29;5;10;2*24;30;21;19;25;33;1;15*38;9;18;12;31;20;32;35;37;26;17;11*8;22;3;7;16;23*4;14","6",""
2020,1035.1909,1020.5918,1398.321,";;34;27;36;28;13*6;29;5;10;2*24;30;21;19;25;33;1;15*38;9;18;12;31;20;32;35;37;26;17;11*8;22;3;7;16;23*4;14","6",""
2021,1033.7023,1020.5918,1305.2614,";;34;27;36;28;13*6;29;5;10;2*24;30;21;19;25;33;1;15*38;9;18;12;31;20;32;35;37;26;17;11*8;22;3;7;16;23*4;14","6",""
2022,1028.3816,1020.5918,1446.2714,";;34;27;36;28;13*6;29;5;10;2*24;30;21;19;25;33;1;15*38;9;18;12;31;20;32;35;37;26;17;11*8;22;3;7;16;23*4;14","6",""
2023,1040.0773,1020.5918,1405.9576,";;34;27;36;28;13*6;29;5;10;2*24;30;21;19;25;33;1;15*38;9;18;12;31;20;32;35;37;26;17;11*8;22;3;7;16;23*4;14","6",""
2024,1033.0747,1020.5918,1502.5903,";;34;27;36;28;13*6;29;5;10;2*24;30;21;19;25;33;1;15*38;9;18;12;31;20;32;35;37;26;17;11*8;22;3;7;16;23*4;14","6",""
2025,1043.3289,1020.5918,1481.6705,";;34;27;36;28;13*6;29;5;10;2*24;30;21;19;25;33;1;15*38;9;18;12;31;20;32;35;37;26;17;11*8;22;3;7;16;23*4;14","6",""
2026,1035.4689,1020.5918,1344.9128,";;34;27;36;28;13*6;29;5;10;2*24;30;21;19;25;33;1;15*38;9;18;12;31;20;32;35;37;26;17;11*8;22;3;7;16;23*4;14","6",""
2027,1040.9285,1020.5918,1558.8986,";;34;27;36;28;13*6;29;5;10;2*24;30;21;19;25;33;1;15*38;9;18;12;31;20;32;35;37;26;17;11*8;22;3;7;16;23*4;14","6",""
2028,1026.9658,1020.5918,1220.2596,";;34;27;36;28;13*6;29;5;10;2*24;30;21;19;25;33;1;15*38;9;18;12;31;20;32;35;37;26;17;11*8;22;3;7;16;23*4;14","6",""
2029,1028.0593,1020.5918,1267.0793,";;34;27;36;28;13*6;29;5;16;2*24;30;21;19;25;33;1;15*38;9;18;12;31;20;32;35;37;26;17;11*8;22;3;7;10*23;4;14","6",""
2030,1033.889,1020.5918,1401.6146,";;34;27;36;28;13*6;29;5;10;2*24;30;21;19;25;33;1;15*38;9;18;12;31;20;32;35;37;26;17;11*8;22;3;7;16;23*4;14","6",""
2031,1038.5039,1020.5918,1449.0023,";;34;27;36;28;13*6;29;5;10;2*24;30;21;19;25;33;1;15*38;9;18;12;31;20;32;35;37;26;17;11*8;22;3;7;16;23*4;14","6",""
2032,1020.59314,1020.5918,1020.5918,";;34;27;36;28;13*6;29;5;10;2*24;30;21;19;25;33;1;15*38;9;18;12;31;20;32;35;37;26;17;11*8;22;3;7;16;23*4;14","6",""
2033,1027.8313,1020.5918,1312.5258,";;34;27;36;28;13*6;29;5;10;2*24;30;21;19;25;33;1;15*38;9;18;12;31;20;32;35;37;26;17;11*8;22;3;7;16;23*4;14","6",""
2034,1035.856,1020.5918,1354.9662,";;34;27;36;28;13*6;29;5;10;2*24;30;21;19;25;33;1;15*38;9;18;12;31;20;32;35;37;26;17;11*8;22;3;7;16;23*4;14","6",""
2035,1030.7933,1020.5918,1449.0023,";;34;27;36;28;13*6;29;5;10;2*24;30;21;19;25;33;1;15*38;9;18;12;31;20;32;35;37;26;17;11*8;22;3;7;16;23*4;14","6",""
2036,1037.6061,1020.5918,1475.9393,";;34;27;36;28;13*6;29;5;10;2*24;30;21;19;25;33;1;15*38;9;18;12;31;20;32;35;37;26;17;11*8;22;3;7;16;23*4;14","6",""
2037,1036.0337,1020.5918,1317.7633,";;34;27;36;28;13*6;29;5;10;2*24;30;21;19;25;33;1;15*38;9;18;12;31;20;32;35;37;26;17;11*8;22;3;7;16;23*4;14","6",""
2038,1026.9028,1020.5918,1356.5955,";;34;27;36;28;13*6;29;5;10;2*24;30;21;19;25;33;1;15*38;9;18;12;31;20;32;35;37;26;17;11*8;22;3;7;16;23*4;14","6",""
2039,1042.3081,1020.5918,1502.5903,";;34;27;36;28;13*6;29;5;10;2*24;30;21;19;25;33;1;15*38;9;18;12;31;20;32;35;37;26;17;11*8;22;3;7;16;23*4;14","6",""
2040,1047.2776,1020.5918,1570.4213,";;34;27;36;28;13*6;29;5;10;2*24;30;21;19;25;33;1;15*38;9;18;12;31;20;32;35;37;26;17;11*8;22;3;7;16;23*4;14","6",""
2041,1035.5322,1020.5918,1428.5973,";;34;27;36;28;13*6;29;5;10;2*24;30;21;19;25;33;1;15*38;9;18;12;31;20;32;35;37;26;17;11*8;22;3;7;16;23*4;14","6",""
2042,1029.5366,1020.5918,1256.8427,";;34;27;36;28;13*6;29;5;10;2*24;30;21;19;25;33;1;15*38;9;18;12;31;20;32;35;37;26;17;11*8;22;3;7;16;23*4;14","6",""
2043,1042.5348,1020.5918,1364.8477,";;34;27;36;28;13*6;29;5;10;2*24;30;21;19;25;33;1;15*38;9;18;12;31;20;32;35;37;26;17;11*8;22;3;7;16;23*4;14","6",""
2044,1040.3464,1020.5918,1336.5109,";;34;27;36;28;13*6;29;5;10;2*24;30;21;19;25;33;1;15*38;9;18;12;31;20;32;35;37;26;17;11*8;22;3;7;16;23*4;14","6",""
2045,1021.5974,1020.5918,1121.028,";;34;27;36;28;13*6;29;5;10;2*24;30;21;19;25;33;1;15*38;9;18;12;31;20;32;35;37;26;17;11*8;22;3;7;16;23*4;14","6",""
2046,1037.8043,1020.5918,1384.2372,";;34;27;36;28;13*6;29;5;10;2*24;30;21;19;25;33;1;15*38;9;18;12;31;20;32;35;37;26;17;11*8;22;3;7;16;23*4;14","6",""
2047,1032.9579,1020.5918,1324.2692,";;34;27;36;28;13*6;29;5;10;2*24;30;21;19;25;33;1;15*38;9;18;12;31;20;32;35;37;26;17;11*8;22;3;7;16;23*4;14","6",""
2048,1025.5522,1020.5918,1287.1545,";;34;27;36;28;13*6;29;5;10;2*24;30;21;19;25;33;1;15*38;9;18;12;31;20;32;35;37;26;17;11*8;22;3;7;16;23*4;14","6",""
2049,1034.2904,1020.5918,1371.4131,";;34;27;36;28;13*6;29;5;10;2*24;30;21;19;25;33;1;15*38;9;18;12;31;20;32;35;37;26;17;11*8;22;3;7;16;23*4;14","6",""
2050,1030.1168,1020.5918,1254.9652,";;34;27;36;28;13*6;29;5;10;2*24;30;21;19;25;33;1;15*38;9;18;12;31;20;32;35;37;26;17;11*8;22;3;7;16;23*4;14","6",""
2051,1033.6044,1020.5918,1347.9147,";;34;27;36;28;13*6;29;5;10;2*24;30;21;19;25;33;1;15*38;9;18;12;31;20;32;35;37;26;17;11*8;22;3;7;16;23*4;14","6",""
2052,1028.9886,1020.5918,1385.8976,";;34;27;36;28;13*6;29;5;10;2*24;30;21;19;25;33;1;15*38;9;18;12;31;20;32;35;37;26;17;11*8;22;3;7;16;23*4;14","6",""
2053,1026.9791,1020.5918,1266.4514,";;34;27;36;28;13*6;29;5;10;2*24;30;21;19;25;33;1;15*38;9;18;12;31;20;32;35;37;26;17;11*8;22;3;7;16;23*4;14","6",""
2054,1024.422,1020.5918,1277.2706,";;34;27;36;28;13*6;29;5;10;2*24;30;21;19;25;33;1;15*38;9;18;12;31;20;32;35;37;26;17;11*8;22;3;7;16;23*4;14","6",""
2055,1027.0531,1020.5918,1195.3516,";;34;27;36;28;13*6;29;5;10;2*24;30;21;19;25;33;1;15*38;9;18;12;31;20;32;35;37;26;17;11*8;22;3;7;16;23*4;14","6",""
2056,1034.6532,1020.5918,1340.3302,";;34;27;36;28;13*6;29;5;10;2*24;30;21;19;25;33;1;15*38;9;18;12;31;20;32;35;37;26;17;11*8;22;3;7;16;23*4;14","6",""
2057,1027.7404,1020.5918,1266.4514,";;34;27;36;28;13*6;29;5;10;2*24;30;21;19;25;33;1;15*38;9;18;12;31;20;32;35;37;26;17;11*8;22;3;7;16;23*4;14","6",""
2058,1034.5747,1020.5918,1348.4991,";;34;27;36;28;13*6;29;5;10;2*24;30;21;19;25;33;1;15*38;9;18;12;31;20;32;35;37;26;17;11*8;22;3;7;16;23*4;14","6",""
2059,1029.8726,1020.5918,1364.032,";;34;27;36;28;13*6;29;5;10;2*24;30;21;19;25;33;1;15*38;9;18;12;31;20;32;35;37;26;17;11*8;22;3;7;16;23*4;14","6",""
2060,1032.7529,1020.5918,1481.6705,";;34;27;36;28;13*6;29;5;10;2*24;30;21;19;25;33;1;15*38;9;18;12;31;20;32;35;37;26;17;11*8;22;3;7;16;23*4;14","6",""
2061,1033.2579,1020.5918,1380.6136,";;34;27;36;28;13*6;29;5;10;2*24;30;21;19;25;33;1;15*38;9;18;12;31;20;32;35;37;26;17;11*8;22;3;7;16;23*4;14","6",""
2062,1047.8182,1020.5918,1502.5903,";;34;27;36;28;13*6;29;5;10;2*24;30;21;19;25;33;1;15*38;9;18;12;31;20;32;35;37;26;17;11*8;22;3;7;16;23*4;14","6",""
2063,1023.4455,1020.5918,1167.8175,";;34;27;36;28;13*6;29;5;10;2*24;30;21;19;25;33;1;15*38;9;18;12;31;20;32;35;37;26;17;11*8;22;3;7;16;23*4;14","6",""
2064,1031.0454,1020.5918,1330.1461,";;34;27;36;28;13*6;29;5;10;2*24;30;21;19;25;33;1;15*38;9;18;12;31;20;32;35;37;26;17;11*8;22;3;7;16;23*4;14","6",""
2065,1036.7666,1020.5918,1396.0105,";;34;27;36;28;13*6;29;5;10;2*24;30;21;19;25;33;1;15*38;9;18;12;31;20;32;35;37;26;17;11*8;22;3;7;16;23*4;14","6",""
2066,1031.4508,1020.5918,1424.65,";;34;27;36;28;13*6;29;5;10;2*24;30;21;19;25;33;1;15*38;9;18;12;31;20;32;35;37;26;17;11*8;22;3;7;16;23*4;14","6",""
2067,1032.8265,1020.5918,1381.244,";;34;27;36;28;13*6;29;5;10;2*24;30;21;19;25;33;1;15*38;9;18;12;31;20;32;35;37;26;17;11*8;22;3;7;16;23*4;14","6",""
2068,1046.881,1020.5918,1480.5986,";;34;27;36;28;13*6;29;5;10;2*24;30;21;19;25;33;1;15*38;9;18;12;31;20;32;35;37;26;17;11*8;22;3;7;16;23*4;14","6",""
2069,1029.9617,1020.5918,1299.911,";;34;27;36;28;13*6;29;5;10;2*24;30;21;19;25;33;1;15*38;9;18;12;31;20;32;35;37;26;17;11*8;22;3;7;16;23*4;14","6",""
2070,1034.558,1020.5918,1459.955,";;34;27;36;28;13*6;29;5;10;2*24;30;21;19;25;33;1;15*38;9;18;12;31;20;32;35;37;26;17;11*8;22;3;7;16;23*4;14","6",""
2071,1026.5093,1020.5918,1284.7516,";;34;27;36;28;13*6;29;5;10;2*24;30;21;19;25;33;1;15*38;9;18;12;31;20;32;35;37;26;17;11*8;22;3;7;16;23*4;14","6",""
2072,1027.6539,1020.5918,1280.5588,";;34;27;36;28;13*6;29;5;10;2*24;30;21;19;25;33;1;15*38;9;18;12;31;20;32;35;37;26;17;11*8;22;3;7;16;23*4;14","6",""
2073,1033.2184,1020.5918,1299.8898,";;34;27;36;28;13*6;29;5;10;2*24;30;21;19;25;33;1;15*38;9;18;12;31;20;32;35;37;26;17;11*8;22;3;7;16;23*4;14","6",""
2074,1031.6979,1020.5918,1382.9403,";;34;27;36;28;13*6;29;5;10;2*24;30;21;19;25;33;1;15*38;9;18;12;31;20;32;35;37;26;17;11*8;22;3;7;16;23*4;14","6",""
2075,1045.6764,1020.5918,1481.6705,";;34;27;36;28;13*6;29;5;10;2*24;30;21;19;25;33;1;15*38;9;18;12;31;20;32;35;37;26;17;11*8;22;3;7;16;23*4;14","6",""
2076,1044.0859,1020.5918,1375.7261,";;34;27;36;28;13*6;29;5;10;2*24;30;21;19;25;33;1;15*38;9;18;12;31;20;32;35;37;26;17;11*8;22;3;7;16;23*4;14","6",""
2077,1039.0988,1020.5918,1517.7623,";;34;27;36;28;13*6;29;5;10;2*24;30;21;19;25;33;1;15*38;9;18;12;31;20;32;35;37;26;17;11*8;22;3;7;16;23*4;14","6",""
2078,1027.4072,1020.5918,1232.3833,";;34;27;36;28;13*6;29;5;10;2*24;30;21;19;25;33;1;15*38;9;18;12;31;20;32;35;37;26;17;11*8;22;3;7;16;23*4;14","6",""
2079,1035.2,1020.5918,1341.0146,";;34;27;36;28;13*6;29;5;10;2*24;30;21;19;25;33;1;15*38;9;18;12;31;20;32;35;37;26;17;11*8;22;3;7;16;23*4;14","6",""
2080,1031.5416,1020.5918,1354.877,";;34;27;36;28;13*6;29;5;10;2*24;30;21;19;25;33;1;15*38;9;18;12;31;20;32;35;37;26;17;11*8;22;3;7;16;23*4;14","6",""
2081,1023.5787,1020.5918,1205.7001,";;34;27;36;28;13*6;29;5;10;2*24;30;21;19;25;33;1;15*38;9;18;12;31;20;32;35;37;26;17;11*8;22;3;7;16;23*4;14","6",""
2082,1038.5146,1020.5918,1342.2112,";;34;27;36;28;13*6;29;5;10;2*24;30;21;19;25;33;1;15*38;9;18;12;31;20;32;35;37;26;17;11*8;22;3;7;16;23*4;14","6",""
2083,1033.4684,1020.5918,1377.7028,";;34;27;36;28;13*6;29;5;10;2*24;30;21;19;25;33;1;15*38;9;18;12;31;20;32;35;37;26;17;11*8;22;3;7;16;23*4;14","6",""
2084,1036.5114,1020.5918,1405.2947,";;34;27;36;28;13*6;29;5;10;2*24;30;21;19;25;33;1;15*38;9;18;12;31;20;32;35;37;26;17;11*8;22;3;7;16;23*4;14","6",""
2085,1025.578,1020.5918,1112.2505,";;34;27;36;28;13*6;29;5;10;2*24;30;21;19;25;33;1;15*38;9;18;12;31;20;32;35;37;26;17;11*8;22;3;7;16;23*4;14","6",""
2086,1038.79,1020.5918,1336.0214,";;34;27;36;28;13*6;29;5;10;2*24;30;21;19;25;33;1;15*38;9;18;12;31;20;32;35;37;26;17;11*8;22;3;7;16;23*4;14","6",""
2087,1038.9592,1020.5918,1558.8986,";;34;27;36;28;13*6;29;5;10;2*24;30;21;19;25;33;1;15*38;9;18;12;31;20;32;35;37;26;17;11*8;22;3;7;16;23*4;14","6",""
2088,1028.1218,1020.5918,1219.7823,";;34;27;36;28;13*6;29;5;10;2*24;30;21;19;25;33;1;15*38;9;18;12;31;20;32;35;37;26;17;11*8;22;3;7;16;23*4;14","6",""
2089,1042.0808,1020.5918,1433.3711,";;34;27;36;28;13*6;29;5;10;2*24;30;21;19;25;33;1;15*38;9;18;12;31;20;32;35;37;26;17;11*8;22;3;7;16;23*4;14","6",""
2090,1034.9645,1020.5918,1424.65,";;34;27;36;28;13*6;29;5;10;2*24;30;21;19;25;33;1;15*38;9;18;12;31;20;32;35;37;26;17;11*8;22;3;7;16;23*4;14","6",""
2091,1035.437,1020.5918,1454.5134,";;34;27;36;28;13*6;29;5;10;2*24;30;21;19;25;33;1;15*38;9;18;12;31;20;32;35;37;26;17;11*8;22;3;7;16;23*4;14","6",""
2092,1034.6448,1020.5918,1314.3572,";;34;27;36;28;13*6;29;5;10;2*24;30;21;19;25;33;1;15*38;9;18;12;31;20;32;35;37;26;17;11*8;22;3;7;16;23*4;14","6",""
2093,1040.4854,1020.5918,1354.8743,";;34;27;36;28;13*6;29;5;10;2*24;30;21;19;25;33;1;15*38;9;18;12;31;20;32;35;37;26;17;11*8;22;3;7;16;23*4;14","6",""
2094,1026.1443,1020.5918,1381.175,";;34;27;36;28;13*6;29;5;10;2*24;30;21;19;25;33;1;15*38;9;18;12;31;20;32;35;37;26;17;11*8;22;3;7;16;23*4;14","6",""
2095,1027.4973,1020.5918,1348.1278,";;34;27;36;28;13*6;29;5;10;2*24;30;21;19;25;33;1;15*38;9;18;12;31;20;32;35;37;26;17;11*8;22;3;7;16;23*4;14","6",""
2096,1030.7692,1020.5918,1354.877,";;34;27;36;28;13*6;29;5;10;2*24;30;21;19;25;33;1;15*38;9;18;12;31;20;32;35;37;26;17;11*8;22;3;7;16;23*4;14","6",""
2097,1030.9888,1020.5918,1266.1937,";;34;27;36;28;13*6;29;5;10;2*24;30;21;19;25;33;1;15*38;9;18;12;31;20;32;35;37;26;17;11*8;22;3;7;16;23*4;14","6",""
2098,1032.2573,1020.5918,1377.7028,";;34;27;36;28;13*6;29;5;10;2*24;30;21;19;25;33;1;15*38;9;18;12;31;20;32;35;37;26;17;11*8;22;3;7;16;23*4;14","6",""
2099,1032.7686,1020.5918,1250.2988,";;34;14;36;28;13*6;29;5;10;2*24;30;21;19;25;33;1;15*38;9;18;12;31;20;32;35;37;26;17;11*8;22;3;7;16;23*4;27","6",""
2100,1028.1168,1020.5918,1249.8413,";;34;27;36;28;13*6;29;5;10;2*24;30;21;19;25;33;1;15*38;9;18;12;31;20;32;35;37;26;17;11*8;22;3;7;16;23*4;14","6",""
2101,1037.9095,1020.5918,1322.3773,";;34;27;36;28;13*6;29;5;10;2*24;30;21;19;25;33;1;15*38;9;18;12;31;20;32;35;37;26;17;11*8;22;3;7;16;23*4;14","6",""
2102,1025.026,1020.5918,1364.8477,";;34;27;36;28;13*6;29;5;10;2*12;30;21;19;25;33;1;15;38;9*18;24;31;20;32;35;37;26;17;11*8;22;3;7;16;23*4;14","6",""
2103,1030.3936,1020.5918,1326.5063,";;34;27;36;28;13*6;29;5;10;2*24;30;21;19;25;33;1;15*38;9;18;12;31;20;32;35;37;26;17;11*8;22;3;7;16;23*4;14","6",""
2104,1026.6422,1020.5918,1289.4061,";;34;27;36;28;13*6;29;5;10;2*24;30;21;19;25;33;1;15*38;9;18;12;31;20;32;35;37;26;17;11*8;22;3;7;16;23*4;14","6",""
2105,1032.935,1020.5918,1405.2947,";;34;27;36;28;13*6;29;5;10;2*24;30;21;19;25;33;1;15*38;9;18;12;31;20;32;35;37;26;17;11*8;22;3;7;16;23*4;14","6",""
2106,1027.3706,1020.5918,1333.3468,";;34;27;36;28;13*6;29;5;10;2*24;30;21;19;25;33;1;15*38;9;18;12;31;20;32;35;37;26;17;11*8;22;3;7;16;23*4;14","6",""
2107,1028.0986,1020.5918,1297.0143,";;34;27;36;28;13*6;29;5;10;2*24;30;21;19;25;33;1;15*38;9;18;12;31;20;32;35;37;26;17;11*8;22;3;7;16;23*4;14","6",""
2108,1027.6935,1020.5918,1405.2947,";;34;27;36;28;13*6;29;5;10;2*24;30;21;19;25;33;1;15*38;9;18;12;31;20;32;35;37;26;17;11*8;22;3;7;16;23*4;14","6",""
2109,1029.9359,1020.5918,1305.2614,";;34;27;36;28;13*6;29;5;10;2*24;30;21;19;25;33;1;15*38;9;18;12;31;20;32;35;37;26;17;11*8;22;3;7;16;23*4;14","6",""
2110,1031.6721,1020.5918,1462.7137,";;34;27;36;28;13*6;29;5;10;2*24;30;21;19;25;33;1;15*38;9;18;12;31;20;32;35;37;26;17;11*8;22;3;7;16;23*4;14","6",""
2111,1032.3599,1020.5918,1288.7772,";;34;27;36;28;13*6;29;5;10;2*24;30;21;19;25;33;1;15*38;9;18;12;31;20;32;35;37;26;17;11*8;22;3;7;16;23*4;14","6",""
2112,1036.3716,1020.5918,1332.9818,";;34;27;36;28;13*6;29;5;10;2*24;30;21;19;25;33;1;15*38;9;18;12;31;20;32;35;37;26;17;11*8;22;3;7;16;23*4;14","6",""
2113,1043.0764,1020.5918,1367.0538,";;34;27;36;28;13*6;29;5;10;2*24;30;21;19;25;33;1;15*38;9;18;12;31;20;32;35;37;26;17;11*8;22;3;7;16;23*4;14","6",""
2114,1031.1743,1020.5918,1324.6846,";;34;27;36;28;13*6;29;5;10;2*24;30;21;19;25;33;1;15*38;9;18;12;31;20;32;35;37;26;17;11*8;22;3;7;16;23*4;14","6",""
2115,1029.6935,1020.5918,1207.886,";;34;27;36;28;13*6;29;5;10;2*24;30;21;19;25;33;1;15*38;9;18;12;31;20;32;35;37;26;17;11*8;22;3;7;16;23*4;14","6",""
2116,1036.0575,1020.5918,1470.1567,";;34;27;36;28;13*6;29;5;10;2*24;30;21;19;25;33;1;15*38;9;18;12;31;20;32;35;37;26;17;11*8;22;3;7;16;23*4;14","6",""
2117,1036.3812,1020.5918,1339.3326,";;34;27;36;28;13*6;29;5;10;2*24;30;21;19;25;33;1;15*38;9;18;12;31;20;32;35;37;26;17;11*8;22;3;7;16;23*4;14","6",""
2118,1039.9963,1020.5918,1356.4304,";;34;27;36;28;13*6;29;5;10;2*24;30;21;19;25;33;1;15*38;9;18;12;31;20;32;35;37;26;17;11*8;22;3;7;16;23*4;14","6",""
2119,1040.8029,1020.5918,1462.7137,";;34;27;36;28;13*6;29;5;10;2*24;30;21;19;25;33;1;15*38;9;18;12;31;20;32;35;37;26;17;11*8;22;3;7;16;23*4;14","6",""
2120,1030.2734,1020.5918,1359.4012,";;34;27;36;28;13*6;29;5;10;2*24;30;21;19;25;33;1;15*38;9;18;12;31;20;32;35;37;26;16;11*8;22;3;7;17;23;4;14","5",""
2121,1035.1554,1020.5918,1326.5063,";;34;27;36;28;13*6;29;5;10;2*24;30;21;19;25;33;1;15*38;9;18;12;31;20;32;35;37;26;17;11*8;22;3;7;16;23*4;14","6",""
2122,1031.6455,1020.5918,1303.7892,";;34;27;36;28;13*6;29;5;10;2*24;30;21;19;25;33;1;15*38;9;18;12;31;20;32;35;37;26;17;11*8;22;3;7;16;23*4;14","6",""
2123,1040.6735,1020.5918,1424.65,";;34;27;36;28;13*6;29;5;10;2*24;30;21;19;25;33;1;15*38;9;18;12;31;20;32;35;37;26;17;11*8;22;3;7;16;23*4;14","6",""
2124,1028.4122,1020.5918,1303.7892,";;34;27;36;28;13*6;29;5;10;2*24;30;21;19;25;33;1;15*38;9;18;12;31;20;32;35;37;26;17;11*8;22;3;7;16;23*4;14","6",""
2125,1035.3716,1020.5918,1288.7772,";;34;27;36;28;13*6;29;5;10;2*24;30;21;19;25;33;1;15*38;9;18;12;31;20;32;35;37;26;17;11*8;22;3;7;16;23*4;14","6",""
2126,1036.8707,1020.5918,1527.554,";;34;27;36;28;13*6;29;5;10;2*24;30;21;19;25;33;1;15*38;9;18;12;31;20;32;35;37;26;17;11*8;22;3;7;16;23*4;14","6",""
2127,1040.8296,1020.5918,1367.0538,";;34;27;36;28;13*6;29;5;10;2*24;30;21;19;25;33;1;15*38;9;18;12;31;20;32;35;37;26;17;11*8;22;3;7;16;23*4;14","6",""
2128,1037.1521,1020.5918,1398.321,";;34;27;36;28;13*6;29;5;10;2*24;30;21;19;25;33;1;15*38;9;18;12;31;20;32;35;37;26;17;11*8;22;3;7;16;23*4;14","6",""
2129,1024.8358,1020.5918,1199.4622,";;34;27;36;28;13*6;29;5;10;2*24;30;21;19;25;33;1;15*38;9;18;12;31;20;32;35;37;26;17;11*8;22;3;7;16;23*4;14","6",""
2130,1032.1586,1020.5918,1308.8503,";;34;27;36;28;13*6;29;5;10;2*24;30;21;19;25;33;1;15*38;9;18;12;31;20;32;35;37;26;17;11*8;22;3;7;16;23*4;14","6",""
2131,1035.8981,1020.5918,1398.321,";;34;27;36;28;13*6;29;5;10;2*24;30;21;19;25;33;1;15*38;9;18;12;31;20;32;35;37;26;17;11*8;22;3;7;16;23*4;14","6",""
2132,1026.529,1020.5918,1314.3572,";;34;27;36;28;13*6;29;5;10;2*24;30;21;19;25;33;1;15*38;9;18;12;31;20;32;35;37;26;17;11*8;22;3;7;16;23*4;14","6",""
2133,1039.5011,1020.5918,1558.8986,";;34;27;36;28;13*6;29;5;10;2*24;30;21;19;25;33;1;15*38;9;18;12;31;20;32;35;37;26;17;11*8;22;3;7;16;23*4;14","6",""
2134,1034.0863,1020.5918,1348.4095,";;34;27;36;28;13*6;29;5;10;2*24;30;21;19;25;33;1;15*38;9;18;12;31;20;32;35;37;26;17;11*8;22;3;7;16;23*4;14","6",""
2135,1035.703,1020.5918,1384.2372,";;34;27;36;28;13*6;29;5;10;2*24;30;21;19;25;33;1;15*38;9;18;12;31;20;32;35;37;26;17;11*8;22;3;7;16;23*4;14","6",""
2136,1030.3721,1020.5918,1350.077,";;34;27;36;28;13*6;29;5;10;2*24;30;21;19;25;33;1;15*38;9;18;12;31;20;32;35;37;26;17;11*8;22;3;7;16;23*4;14","6",""
2137,1028.4083,1020.5918,1320.574,";;34;27;36;28;13*6;29;5;10;2*24;30;21;19;25;33;1;15*38;9;18;12;31;20;32;35;37;26;17;11*8;22;3;7;16;23*4;14","6",""
2138,1020.59314,1020.5918,1020.5918,";;34;27;36;28;13*6;29;5;10;2*24;30;21;19;25;33;1;15*38;9;18;12;31;20;32;35;37;26;17;11*8;22;3;7;16;23*4;14","6",""
2139,1027.9617,1020.5918,1292.5927,";;34;27;36;28;13*6;29;5;10;2*24;30;21;19;25;33;1;15*38;9;18;12;31;20;32;35;37;26;17;11*8;22;3;7;16;23*4;14","6",""
2140,1045.7365,1020.5918,1405.9576,";;34;27;36;28;13*6;29;5;10;2*24;30;21;19;25;33;1;15*38;9;18;12;31;20;32;35;37;26;17;11*8;22;3;7;16;23*4;14","6",""
2141,1036.3417,1020.5918,1496.9481,";;34;27;36;28;13*6;29;5;10;2*24;30;21;19;25;33;1;15*38;9;18;12;31;20;32;35;37;26;17;11*8;22;3;7;16;23*4;14","6",""
2142,1030.5663,1020.5918,1288.0093,";;34;27;36;28;13*6;29;5;10;2*24;30;21;19;25;33;1;15*38;9;18;12;31;20;32;35;37;26;17;11*8;22;3;7;16;23*4;14","6",""
2143,1034.8428,1020.5918,1302.1708,";;34;27;36;28;13*6;29;5;10;2*24;30;21;19;25;33;1;15*38;9;18;12;31;20;32;35;37;26;17;11*8;22;3;7;16;23*4;14","6",""
2144,1043.2008,1020.5918,1558.8986,";;34;27;36;28;13*6;29;5;10;2*24;30;21;19;25;33;1;15*38;9;18;12;31;20;32;35;37;26;17;11*8;22;3;7;16;23*4;14","6",""
2145,1033.7378,1020.5918,1348.4095,";;34;27;36;28;13*6;29;5;10;2*24;30;21;19;25;33;1;15*38;9;18;12;31;20;32;35;37;26;17;11*8;22;3;7;16;23*4;14","6",""
2146,1034.4242,1020.5918,1351.2712,";;34;27;36;28;13*6;29;5;10;2*24;30;21;19;25;33;1;15*38;9;18;12;31;20;32;35;37;26;17;11*8;22;3;7;16;23*4;14","6",""
2147,1032.8641,1020.5918,1294.682,";;34;27;36;28;13*6;29;5;10;2*24;30;21;19;25;33;1;15*38;9;18;12;31;20;32;35;37;26;17;11*8;22;3;7;16;23*4;14","6",""
2148,1030.4633,1020.5918,1446.2714,";;34;27;36;28;13*6;29;5;10;2*24;30;21;19;25;33;1;15*38;9;18;12;31;20;32;35;37;26;17;11*8;22;3;7;16;23*4;14","6",""
2149,1026.5782,1020.5918,1284.2094,";;34;27;36;28;13*6;29;5;10;2*24;30;21;19;25;33;1;15*38;9;18;12;31;20;32;35;37;26;17;11*8;22;3;7;16;23*4;14","6",""
2150,1024.6758,1020.5918,1159.4465,";;34;27;36;28;13*6;29;5;10;2*24;30;21;19;25;33;1;15*38;9;18;12;31;20;32;35;37;26;17;11*8;22;3;7;16;23*4;14","6",""
2151,1038.509,1020.5918,1385.8976,";;34;27;36;28;13*6;29;5;10;2*24;30;21;19;25;33;1;15*38;9;18;12;31;20;32;35;37;26;17;11*8;22;3;7;16;23*4;14","6",""
2152,1038.553,1020.5918,1351.2712,";;34;27;36;28;13*6;29;5;10;2*24;30;21;19;25;33;1;15*38;9;18;12;31;20;32;35;37;26;17;11*8;22;3;7;16;23*4;14","6",""
2153,1038.8237,1020.5918,1303.4722,";;34;27;36;28;13*6;29;5;10;2*24;30;21;19;25;33;1;15*38;9;18;12;31;20;32;35;37;26;17;11*8;22;3;7;16;23*4;14","6",""
2154,1035.3425,1020.5918,1293.7458,";;34;27;36;28;13*6;29;5;10;2*24;30;21;19;25;33;1;15*38;9;18;12;31;20;32;35;37;26;17;11*8;22;3;7;16;23*4;14","6",""
2155,1030.7065,1020.5918,1287.1545,";;34;27;36;28;13*6;29;5;10;2*24;30;21;19;25;33;1;15*38;9;18;12;31;20;32;35;37;26;17;11*8;22;3;7;16;23*4;14","6",""
2156,1033.626,1020.5918,1380.6136,";;34;27;36;28;13*6;29;5;10;2*24;30;21;19;25;33;1;15*38;9;18;12;31;20;32;35;37;26;17;11*8;22;3;7;16;23*4;14","6",""
2157,1023.5057,1020.5918,1203.1951,";;34;27;36;28;13*6;29;5;10;2*24;30;21;19;25;33;1;15*38;9;18;12;31;20;32;35;37;26;17;11*8;22;3;7;16;23*4;14","6",""
2158,1031.2711,1020.5918,1340.3302,";;34;27;36;28;13*6;29;5;10;2*24;30;21;19;25;33;1;15*38;9;18;12;31;20;32;35;37;26;17;11*8;22;3;7;16;23*4;14","6",""
2159,1027.2091,1020.5918,1212.4083,";;34;27;36;28;13*6;29;5;10;2*24;30;21;19;25;33;1;15*38;9;18;12;31;20;32;35;37;26;17;11*8;22;3;7;16;23*4;14","6",""
2160,1028.3026,1020.5918,1284.7516,";;34;27;36;28;13*6;29;5;10;2*24;30;21;19;25;33;1;15*38;9;18;12;31;20;32;35;37;26;17;11*8;22;3;7;16;23*4;14","6",""
2161,1041.3225,1020.5918,1364.8477,";;34;27;36;28;13*6;29;5;10;2*24;30;21;19;25;33;1;15*38;9;18;12;31;20;32;35;37;26;17;11*8;22;3;7;16;23*4;14","6",""
2162,1032.7013,1020.5918,1333.3468,";;34;27;36;28;13*6;29;5;10;2*24;30;21;19;25;33;1;15*38;9;18;12;31;20;32;35;37;26;17;11*8;22;3;7;16;23*4;14","6",""
2163,1033.8302,1020.5918,1342.5638,";;34;27;36;28;13*6;29;5;10;2*24;30;21;19;25;33;1;15*38;9;18;12;31;20;32;35;37;26;17;11*8;22;3;7;16;23*4;14","6",""
2164,1039.2529,1020.5918,1331.1182,";;34;27;36;28;13*6;29;5;10;2*24;30;21;19;25;33;1;15*38;9;18;12;31;20;32;35;37;26;17;11*8;22;3;7;16;23*4;14","6",""
2165,1029.0245,1020.5918,1265.8265,";;34;27;36;28;13*6;29;5;10;2*24;30;21;19;25;33;1;15*38;9;18;12;31;20;32;35;37;26;17;11*8;22;3;7;16;23*4;14","6",""
2166,1025.0616,1020.5918,1181.1643,";;34;27;36;28;13*6;29;5;10;2*24;30;21;19;25;33;1;15*38;9;18;12;31;20;32;35;37;26;17;11*8;22;3;7;16;23*4;14","6",""
2167,1026.4146,1020.5918,1189.559,";;34;27;36;28;13*6;29;5;10;2*24;30;21;19;25;33;1;15*38;9;18;12;31;20;32;35;37;26;17;11*8;22;3;7;16;23*4;14","6",""
2168,1021.5444,1020.5918,1096.949,";;34;27;36;28;13*6;29;5;10;2*24;30;21;19;25;33;1;15*38;9;18;12;31;20;32;35;37;26;17;11*8;22;3;7;16;23*4;14","6",""
2169,1039.7351,1020.5918,1359.4012,";;34;27;36;28;13*6;29;5;10;2*24;30;21;19;25;33;1;15*38;9;18;12;31;20;32;35;37;26;17;11*8;22;3;7;16;23*4;14","6",""
2170,1029.5259,1020.5918,1235.1758,";;34;27;36;28;13*6;29;5;10;2*24;30;21;19;25;33;1;15*38;9;18;12;31;20;32;35;37;26;17;11*8;22;3;7;16;23*4;14","6",""
2171,1039.671,1020.5918,1377.7028,";;34;27;36;28;13*6;29;5;10;2*24;30;21;19;25;33;1;15*38;9;18;12;31;20;32;35;37;26;17;11*8;22;3;7;16;23*4;14","6",""
2172,1032.5483,1020.5918,1278.5045,";;34;27;36;28;13*6;29;5;10;2*24;30;21;19;25;33;1;15*38;9;18;12;31;20;32;35;37;26;17;11*8;22;3;7;16;23*4;14","6",""
2173,1029.0724,1020.5918,1344.9128,";;34;27;36;28;13*6;29;5;10;2*24;30;21;19;25;33;1;15*38;9;18;12;31;20;32;35;37;26;17;11*8;22;3;7;16;23*4;14","6",""
2174,1026.717,1020.5918,1340.3302,";;34;27;36;28;13*6;29;5;10;2*24;30;21;19;25;33;1;15*38;9;18;12;31;20;32;35;37;26;17;11*8;22;3;7;16;23*4;14","6",""
2175,1033.0399,1020.5918,1311.4447,";;34;27;36;28;13*6;29;5;10;2*24;30;21;19;25;33;1;15*38;9;18;12;31;20;32;35;37;26;17;11*8;22;3;7;16;23*4;14","6",""
2176,1036.4598,1020.5918,1393.1125,";;34;27;36;28;13*6;29;5;10;2*24;30;21;19;25;33;1;15*38;9;18;12;31;20;32;35;37;26;17;11*8;22;3;7;16;23*4;14","6",""
2177,1041.3134,1020.5918,1532.9471,";;34;27;36;28;13*6;29;5;10;2*24;30;21;19;25;33;1;15*38;9;18;12;31;20;32;35;37;26;17;11*8;22;3;7;16;23*4;14","6",""
2178,1037.4445,1020.5918,1335.9728,";;34;27;36;28;13*6;29;5;10;2*24;30;21;19;25;33;1;15*38;9;18;12;31;20;32;35;37;26;17;11*8;22;3;7;16;23*4;14","6",""
2179,1036.3219,1020.5918,1405.9576,";;34;27;36;28;13*6;29;5;10;2*24;30;21;19;25;33;1;15*38;9;18;12;31;20;32;35;37;26;17;11*8;22;3;7;16;23*4;14","6",""
2180,1034.9298,1020.5918,1284.458,";;34;27;36;28;13*6;29;5;10;2*24;30;21;19;25;33;1;15*38;9;18;12;31;20;32;35;37;26;17;11*8;22;3;7;16;23*4;14","6",""
2181,1037.1725,1020.5918,1401.6146,";;34;27;36;28;13*6;29;5;10;2*24;30;21;19;25;33;1;15*38;9;18;12;31;20;32;35;37;26;17;11*8;22;3;7;16;23*4;14","6",""
2182,1034.9321,1020.5918,1347.0314,";;34;27;36;28;13*6;29;5;10;2*24;30;21;19;25;33;1;15*38;9;18;12;31;20;32;35;37;26;17;11*8;22;3;7;16;23*4;14","6",""
2183,1034.3457,1020.5918,1325.1952,";;34;27;36;28;13*6;29;5;10;2*24;30;21;19;25;33;1;15*38;9;18;12;31;20;32;35;37;26;17;11*8;22;3;7;16;23*4;14","6",""
2184,1031.7637,1020.5918,1311.4447,";;34;27;36;28;13*6;29;5;10;2*24;30;21;19;25;33;1;15*38;9;18;12;31;20;32;35;37;26;17;11*8;22;3;7;16;23*4;14","6",""
2185,1035.6636,1020.5918,1396.0105,";;34;27;36;28;13*6;29;5;10;2*24;30;21;19;25;33;1;15*38;9;18;12;31;20;32;35;37;26;17;11*8;22;3;7;16;23*4;14","6",""
2186,1034.7948,1020.5918,1423.3231,";;34;27;36;28;13*6;29;5;10;2*24;30;21;19;25;33;1;15*38;9;18;12;31;20;32;35;37;26;17;11*8;22;3;7;16;23*4;14","6",""
2187,1029.8494,1020.5918,1341.0146,";;34;27;36;28;13*6;29;5;10;2*24;30;21;19;25;33;1;15*38;9;18;12;31;20;32;35;37;26;17;11*8;22;3;7;16;23*4;14","6",""
2188,1031.2024,1020.5918,1330.1461,";;34;27;36;28;13*6;29;5;10;2*24;30;21;19;25;33;1;15*38;9;18;12;31;20;32;35;37;26;17;11*8;22;3;7;16;23*4;14","6",""
2189,1033.8271,1020.5918,1356.5955,";;34;27;36;28;13*6;29;5;10;2*24;30;21;19;25;33;1;15*38;9;18;12;31;20;32;35;37;26;17;11*8;22;3;7;16;23*4;14","6",""
2190,1025.5767,1020.5918,1213.9193,";;34;27;36;28;13*6;29;5;10;2*24;30;21;19;25;33;1;15*38;9;18;12;31;20;32;35;37;26;17;11*8;22;3;7;16;23*4;14","6",""
2191,1029.2957,1020.5918,1341.0146,";;34;27;36;28;13*6;29;5;10;2*24;30;21;19;25;33;1;15*38;9;18;12;31;20;32;35;37;26;17;11*8;22;3;7;16;23*4;14","6",""
2192,1036.8707,1020.5918,1480.5986,";;34;27;36;28;13*6;29;5;10;2*24;30;21;19;25;33;1;15*38;9;18;12;31;20;32;35;37;26;17;11*8;22;3;7;16;23*4;14","6",""
2193,1037.5983,1020.5918,1315.3649,";;34;27;36;28;13*6;29;5;10;2*24;30;21;19;25;33;1;15*38;9;18;12;31;20;32;35;37;26;17;11*8;22;3;7;16;23*4;14","6",""
2194,1037.0441,1020.5918,1389.781,";;34;27;36;28;13*6;29;5;10;2*24;30;21;19;25;33;1;15*38;9;18;12;31;20;32;35;37;26;17;11*8;22;3;7;16;23*4;14","6",""
2195,1043.4167,1020.5918,1342.2112,";;34;27;36;28;13*6;29;5;10;2*24;30;21;19;25;33;1;15*38;9;18;12;31;20;32;35;37;26;17;11*8;22;3;7;16;23*4;14","6",""
2196,1033.5713,1020.5918,1457.1022,";;34;27;36;28;13*6;29;5;10;2*24;30;21;19;25;33;1;15*38;9;18;12;31;20;32;35;37;26;17;11*8;22;3;7;16;23*4;14","6",""
2197,1035.334,1020.5918,1462.7137,";;34;27;36;28;13*6;29;5;10;2*24;30;21;19;25;33;1;15*38;9;18;12;31;20;32;35;37;26;17;11*8;22;3;7;16;23*4;14","6",""
2198,1034.8228,1020.5918,1381.175,";;34;27;36;28;13*6;29;5;10;2*24;30;21;19;25;33;1;15*38;9;18;12;31;20;32;35;37;26;17;11*8;22;3;7;16;23*4;14","6",""
2199,1033.6437,1020.5918,1480.5986,";;34;27;36;28;13*6;29;5;10;2*24;30;21;19;25;33;1;15*38;9;18;12;31;20;32;35;37;26;17;11*8;22;3;7;16;23*4;14","6",""
2200,1036.978,1020.5918,1341.0146,";;34;27;36;28;13*6;29;5;10;2*24;30;21;19;25;33;1;15*38;9;18;12;31;20;32;35;37;26;17;11*8;22;3;7;16;23*4;14","6",""
2201,1037.6576,1020.5918,1354.877,";;34;27;36;28;13*6;29;5;10;2*24;30;21;19;25;33;1;15*38;9;18;12;31;20;32;35;37;26;17;11*8;22;3;7;16;23*4;14","6",""
2202,1032.5238,1020.5918,1325.1952,";;34;27;36;28;13*6;29;5;10;2*24;30;21;19;25;33;1;15*38;9;18;12;31;20;32;35;37;26;17;11*8;22;3;7;16;23*4;14","6",""
2203,1027.8453,1020.5918,1351.2712,";;34;27;36;37;13*6;29;5;10;2*24;30;21;19;25;33;1;15*38;9;18;12;31;20;32;35;28;26;17;11*8;22;3;7;16;23*4;14","6",""
2204,1032.6255,1020.5918,1261.8605,";;34;27;36;28;13*6;29;5;10;2*24;30;21;19;25;33;1;15*38;9;18;12;31;20;32;35;37;26;17;11*8;22;3;7;16;23*4;14","6",""
2205,1035.3643,1020.5918,1481.6705,";;34;27;36;28;13*6;29;5;10;2*24;30;21;19;25;33;1;15*38;9;18;12;31;20;32;35;37;26;17;11*8;22;3;7;16;23*4;14","6",""
2206,1029.7284,1020.5918,1309.2573,";;34;27;36;28;13*6;29;5;10;2*24;30;21;19;25;33;1;15*38;9;18;12;31;20;32;35;37;26;17;11*8;22;3;7;16;23*4;14","6",""
2207,1047.1588,1020.5918,1377.7028,";;34;27;36;28;13*6;29;5;10;2*24;30;21;19;25;33;1;15*38;9;18;12;31;20;32;35;37;26;17;11*8;22;3;7;16;23*4;14","6",""
2208,1033.0411,1020.5918,1310.6451,";;34;27;36;28;13*6;29;5;10;2*24;30;21;19;25;33;1;15*38;9;18;12;31;20;32;35;37;26;17;11*8;22;3;7;16;23*4;14","6",""
2209,1033.6493,1020.5918,1199.4622,";;34;27;36;28;13*6;29;5;10;2*24;30;21;19;25;33;1;15*38;9;18;12;31;20;32;35;37;26;17;11*8;22;3;7;16;23*4;14","6",""
2210,1026.4661,1020.5918,1382.9403,";;34;27;36;28;13*6;29;5;10;2*24;30;21;19;25;33;1;15*38;9;18;12;31;20;32;35;37;26;17;11*8;22;3;7;16;23*4;14","6",""
2211,1031.6145,1020.5918,1423.3231,";;34;27;36;28;13*6;29;5;10;2*24;30;21;19;25;33;1;15*38;9;18;12;31;20;32;35;37;26;17;11*8;22;3;7;16;23*4;14","6",""
2212,1037.436,1020.5918,1342.5638,";;34;27;36;28;13*6;29;5;10;2*24;30;21;19;25;33;1;15*38;9;18;12;31;20;32;35;37;26;17;11*8;22;3;7;16;23*4;14","6",""
2213,1037.4614,1020.5918,1449.0023,";;34;27;36;28;13*6;29;5;10;2*24;30;21;19;25;33;1;15*38;9;18;12;31;20;32;35;37;26;17;11*8;22;3;7;16;23*4;14","6",""
2214,1030.3981,1020.5918,1299.8898,";;34;27;36;28;13*6;29;5;10;2*24;30;21;19;25;33;1;15*38;9;18;12;31;20;32;35;37;26;17;11*8;22;3;7;16;23*4;14","6",""
2215,1026.603,1020.5918,1287.1545,";;34;27;36;28;13*6;29;5;10;2*24;30;21;19;25;33;1;15*38;9;18;12;31;20;32;35;37;26;17;11*8;22;3;7;16;23*4;14","6",""
2216,1026.1271,1020.5918,1299.0681,";;34;27;36;28;13*6;29;5;10;2*24;30;21;19;25;33;1;15*38;9;18;12;31;20;32;35;37;26;17;11*8;22;3;7;16;23*4;14","6",""
2217,1035.4717,1020.5918,1341.0215,";;34;27;36;28;13*6;29;5;10;2*24;30;21;19;25;33;1;15*38;9;18;12;31;20;32;35;37;26;17;11*8;22;3;7;16;23*4;14","6",""
2218,1037.242,1020.5918,1428.5973,";;34;27;36;28;13*6;29;5;10;2*24;30;21;19;25;33;1;15*38;9;18;12;31;20;32;35;37;26;17;11*8;22;3;7;16;23*4;14","6",""
2219,1037.1952,1020.5918,1291.4781,";;34;27;36;28;13*6;29;5;10;2*24;30;21;19;25;33;1;15*38;9;18;12;31;20;32;35;37;26;17;11*8;22;3;7;16;23*4;14","6",""
2220,1033.2197,1020.5918,1449.0023,";;34;27;36;28;13*6;29;5;10;2*24;30;21;19;25;33;1;15*38;9;18;12;31;20;32;35;37;26;17;11*8;22;3;7;16;23*4;14","6",""
2221,1030.6173,1020.5918,1457.1022,";;34;27;36;28;13*6;29;5;10;2*24;30;21;19;25;33;1;15*38;9;18;12;31;20;32;35;37;26;17;11*8;22;3;7;16;23*4;14","6",""
2222,1040.7001,1020.5918,1375.0896,";;34;27;36;28;13*6;29;5;10;2*24;30;21;19;25;33;1;15*38;9;18;12;31;20;32;35;37;26;17;11*8;22;3;7;16;23*4;14","6",""
2223,1035.1095,1020.5918,1294.682,";;34;27;36;28;13*6;29;5;10;2*24;30;21;19;25;33;1;15*38;9;18;12;31;20;32;35;37;26;17;11*8;22;3;7;16;23*4;14","6",""
2224,1049.7711,1020.5918,1494.8442,";;34;27;36;28;13*6;29;5;10;2*24;30;21;19;25;33;1;15*38;9;18;12;31;20;32;35;37;26;17;11*8;22;3;7;16;23*4;14","6",""
2225,1027.9152,1020.5918,1217.8989,";;34;27;36;28;13*6;29;5;10;2*24;30;21;19;25;33;1;15*38;9;18;12;31;20;32;35;37;26;17;11*8;22;3;7;16;23*4;14","6",""
2226,1035.335,1020.5918,1385.8976,";;34;27;36;28;13*6;29;5;10;2*24;30;21;19;25;33;1;15*38;9;18;12;31;20;32;35;37;26;17;11*8;22;3;7;16;23*4;14","6",""
2227,1026.7949,1020.5918,1277.4865,";;34;27;36;28;13*6;29;5;10;2*24;30;21;19;25;33;1;15*38;9;18;12;31;20;32;35;37;26;17;11*8;22;3;7;16;23*4;14","6",""
2228,1030.2445,1020.5918,1284.2094,";;34;27;36;28;13*6;29;5;10;2*24;30;21;19;25;33;1;15*38;9;18;12;31;20;32;35;37;26;17;11*8;22;3;7;16;23*4;14","6",""
2229,1032.8256,1020.5918,1336.0214,";;34;27;36;28;13*6;29;5;10;2*24;30;21;19;25;33;1;15*38;9;18;12;31;20;32;35;37;26;17;11*8;22;3;7;16;23*4;14","6",""
2230,1045.9036,1020.5918,1494.8442,";;34;27;36;28;13*6;29;5;10;2*24;30;21;19;25;33;1;15*38;9;18;12;31;20;32;35;37;26;17;11*8;22;3;7;16;23*4;14","6",""
2231,1031.7411,1020.5918,1393.1125,";;34;27;36;28;13*6;29;5;10;2*24;30;21;19;25;33;1;15*38;9;18;12;31;20;32;35;37;26;17;11*8;22;3;7;16;23*4;14","6",""
2232,1036.059,1020.5918,1381.244,";;34;27;36;28;13*6;29;5;10;2*24;30;21;19;25;33;1;15*38;9;18;12;31;20;32;35;37;26;17;11*8;22;3;7;16;23*4;14","6",""
2233,1029.9918,1020.5918,1459.955,";;34;27;36;28;13*6;29;5;10;2*24;30;21;19;25;33;1;15*38;9;18;12;31;20;32;35;37;26;17;11*8;22;3;7;16;23*4;14","6",""
2234,1038.1394,1020.5918,1446.2714,";;34;27;36;28;13*6;29;5;10;2*24;30;21;19;25;33;1;15*38;9;18;12;31;20;32;35;37;26;17;11*8;22;3;7;16;23*4;14","6",""
2235,1049.1842,1020.5918,1558.8986,";;34;27;36;28;13*6;29;5;10;2*24;30;21;19;25;33;1;15*38;9;18;12;31;20;32;35;37;26;17;11*8;22;3;7;16;23*4;14","6",""
2236,1029.1848,1020.5918,1348.4991,";;34;27;36;28;13*6;29;5;10;2*24;30;21;19;25;33;1;15*38;9;18;12;31;20;32;35;37;26;17;11*8;22;3;7;16;23*4;14","6",""
2237,1036.7008,1020.5918,1294.864,";;34;27;36;28;13*6;29;5;10;2*24;30;21;19;25;33;1;15*38;9;18;12;31;20;32;35;37;26;17;11*8;22;3;7;16;23*4;14","6",""
2238,1033.0925,1020.5918,1470.1567,";;34;27;36;28;13*6;29;5;10;2*24;30;21;19;25;33;1;15*38;9;18;12;31;20;32;35;37;26;17;11*8;22;3;7;16;23*4;14","6",""
2239,1029.8243,1020.5918,1293.3307,";;34;27;36;28;13*6;29;5;10;2*24;30;21;19;25;33;1;15*38;9;18;12;31;20;32;35;37;26;17;11*8;22;3;7;16;23*4;14","6",""
2240,1031.3798,1020.5918,1266.1937,";;34;27;36;28;13*6;29;5;10;2*24;30;21;19;25;33;1;15*38;9;18;12;31;20;32;35;37;26;17;11*8;22;3;7;16;23*4;14","6",""
2241,1033.3196,1020.5918,1282.141,";;34;27;36;28;13*6;29;5;10;2*24;30;21;19;25;33;1;15*38;9;18;12;31;20;32;35;37;26;17;11*8;22;3;7;16;23*4;14","6",""
2242,1024.1145,1020.5918,1279.3489,";;34;27;36;28;13*6;29;5;10;2*24;30;21;19;25;33;1;15*38;9;18;12;31;20;32;35;37;26;17;11*8;22;3;7;16;23*4;14","6",""
2243,1031.8503,1020.5918,1324.988,";;34;27;36;28;13*6;29;5;10;2*24;30;21;19;25;33;1;15*38;9;18;12;31;20;32;35;37;26;17;11*8;22;3;7;16;23*4;14","6",""
2244,1029.7186,1020.5918,1310.6451,";;34;27;36;28;13*6;29;5;10;2*24;30;21;19;25;33;1;15*38;9;18;12;31;20;32;35;37;26;17;11*8;22;3;7;16;23*4;14","6",""
2245,1030.2904,1020.5918,1351.1144,";;34;27;36;28;13*6;29;5;10;2*24;30;21;19;25;33;1;15*38;9;18;12;31;20;32;35;37;26;17;11*8;22;3;7;16;23*4;14","6",""
2246,1041.1271,1020.5918,1503.8555,";;34;27;36;28;13*6;29;5;10;2*24;30;21;19;25;33;1;15*38;9;18;12;31;20;32;35;37;26;17;11*8;22;3;7;16;23*4;14","6",""
2247,1041.1907,1020.5918,1383.7654,";;34;27;36;28;13*6;29;5;10;2*24;30;21;19;25;33;1;15*38;9;18;12;31;20;32;35;37;26;17;11*8;22;3;7;16;23*4;14","6",""
2248,1026.7786,1020.5918,1245.4744,";;34;27;36;28;13*6;29;5;10;2*24;30;21;19;25;33;1;15*38;9;18;12;31;20;32;35;37;26;17;11*8;22;3;7;16;23*4;14","6",""
2249,1035.6133,1020.5918,1405.9576,";;34;27;36;28;13*6;29;5;10;2*24;30;21;19;25;33;1;15*38;9;18;12;31;20;32;35;37;26;17;11*8;22;3;7;16;23*4;14","6",""
2250,1037.0045,1020.5918,1381.175,";;34;27;36;28;13*6;29;5;10;2*24;30;21;19;25;33;1;15*38;9;18;12;31;20;32;35;37;26;17;11*8;22;3;7;16;23*4;14","6",""
2251,1036.8517,1020.5918,1475.9393,";;34;27;36;28;13*6;29;5;10;2*24;30;21;19;25;33;1;15*38;9;18;12;31;20;32;35;37;26;17;11*8;22;3;7;16;23*4;14","6",""
2252,1035.2762,1020.5918,1502.5903,";;34;27;36;28;13*6;29;5;10;2*24;30;21;19;25;33;1;15*38;9;18;12;31;20;32;35;37;26;17;11*8;22;3;7;16;23*4;14","6",""
2253,1042.1713,1020.5918,1494.8442,";;34;27;36;28;13*6;29;5;10;2*24;30;21;19;25;33;1;15*38;9;18;12;31;20;32;35;37;26;17;11*8;22;3;7;16;23*4;14","6",""
2254,1035.869,1020.5918,1375.0896,";;34;27;36;28;13*6;29;5;10;2*24;30;21;19;25;33;1;15*38;9;18;12;31;20;32;35;37;26;17;11*8;22;3;7;16;23*4;14","6",""
2255,1034.7347,1020.5918,1348.4991,";;34;27;36;28;13*6;29;5;10;2*24;30;21;19;25;33;1;15*38;9;18;12;31;20;32;35;37;26;17;11*8;22;3;7;16;23*4;14","6",""
2256,1040.604,1020.5918,1382.9403,";;34;27;36;28;13*6;29;5;10;2*24;30;21;19;25;33;1;15*38;9;18;12;31;20;32;35;37;26;17;11*8;22;3;7;16;23*4;14","6",""
2257,1029.9211,1020.5918,1289.8053,";;34;27;36;28;13*6;29;5;10;2*24;30;21;19;25;33;1;15*38;9;18;12;31;20;32;35;37;26;17;11*8;22;3;7;16;23*4;14","6",""
2258,1038.9673,1020.5918,1502.5903,";;34;27;36;28;13*6;29;5;10;2*24;30;21;19;25;33;1;15*38;9;18;12;31;20;32;35;37;26;17;11*8;22;3;7;16;23*4;14","6",""
2259,1024.9795,1020.5918,1185.2977,";;34;27;36;28;13*6;29;5;10;2*24;30;21;19;25;33;1;15*38;9;18;12;31;20;32;35;37;26;17;11*8;22;3;7;16;23*4;14","6",""
2260,1032.9792,1020.5918,1310.3118,";;34;27;36;28;13*6;29;5;10;2*24;30;21;19;25;33;1;15*38;9;18;12;31;20;32;35;37;26;17;11*8;22;3;7;16;23*4;14","6",""
2261,1028.0552,1020.5918,1299.911,";;34;27;36;28;13*6;29;5;10;2*24;30;21;19;25;33;1;15*38;9;18;12;31;20;32;35;37;26;17;11*8;22;3;7;16;23*4;14","6",""
2262,1040.5917,1020.5918,1380.6136,";;34;27;36;28;13*6;29;5;10;2*24;30;21;19;25;33;1;15*38;9;18;12;31;20;32;35;37;26;17;11*8;22;3;7;16;23*4;14","6",""
2263,1040.3723,1020.5918,1375.7261,";;34;27;36;28;13*6;29;5;10;2*24;30;21;19;25;33;1;15*38;9;18;12;31;20;32;35;37;26;17;11*8;22;3;7;16;23*4;14","6",""
2264,1032.0752,1020.5918,1401.6146,";;34;27;36;28;13*6;29;5;10;2*24;30;21;19;25;33;1;15*38;9;18;12;31;20;32;35;37;26;17;11*8;22;3;7;16;23*4;14","6",""
2265,1035.3745,1020.5918,1424.7485,";;34;27;36;28;13*6;29;5;10;2*24;30;21;19;25;33;1;15*38;9;18;12;31;20;32;35;37;26;17;11*8;22;3;7;16;23*4;14","6",""
2266,1040.5756,1020.5918,1372.3531,";;34;27;36;28;13*6;29;5;10;2*24;30;21;19;25;33;1;15*38;9;18;12;31;20;32;35;37;26;17;11*8;22;3;7;16;23*4;14","6",""
2267,1029.029,1020.5918,1308.2539,";;34;27;36;28;13*6;29;5;10;2*24;30;21;19;25;33;1;15*38;9;18;12;31;20;32;35;37;26;17;11*8;22;3;7;16;23*4;14","6",""
2268,1032.1909,1020.5918,1371.4131,";;34;27;36;28;13*6;29;5;10;2*24;30;21;19;25;33;1;15*38;9;18;12;31;20;32;35;37;26;17;11*8;22;3;7;16;23*4;14","6",""
2269,1035.6198,1020.5918,1288.7772,";;34;27;36;28;13*6;29;5;10;2*24;30;21;19;25;33;1;15*38;9;18;12;31;20;32;35;37;26;17;11*8;22;3;7;16;23*4;14","6",""
2270,1037.2571,1020.5918,1532.9471,";;34;27;36;28;13*6;29;5;10;2*24;30;21;19;25;33;1;15*38;9;18;12;31;20;32;35;37;26;17;11*8;22;3;7;16;23*4;14","6",""
2271,1035.866,1020.5918,1315.3649,";;34;27;36;28;13*6;29;5;10;2*24;30;21;19;25;33;1;15*38;9;18;12;31;20;32;35;37;26;17;11*8;22;3;7;16;23*4;14","6",""
2272,1041.3207,1020.5918,1481.6705,";;34;27;36;28;13*6;29;5;10;2*24;30;21;19;25;33;1;15*38;9;18;12;31;20;32;35;37;26;17;11*8;22;3;7;16;23*4;14","6",""
2273,1027.3583,1020.5918,1302.7168,";;34;27;36;28;13*6;29;5;10;2*24;30;21;19;25;33;1;15*38;9;18;12;31;20;32;35;37;26;17;11*8;22;3;7;16;23*4;14","6",""
2274,1025.6344,1020.5918,1249.0343,";;34;27;36;28;13*6;29;5;10;2*24;30;21;19;25;33;1;15*38;9;18;12;31;20;32;35;37;26;17;11*8;22;3;7;16;23*4;14","6",""
2275,1037.9923,1020.5918,1475.9393,";;34;27;36;28;13*6;29;5;10;2*24;30;21;19;25;33;1;15*38;9;18;12;31;20;32;35;37;26;17;11*8;22;3;7;16;23*4;14","6",""
2276,1039.432,1020.5918,1503.8555,";;34;27;36;28;13*6;29;5;10;2*24;30;21;19;25;33;1;15*38;9;18;12;31;20;32;35;37;26;17;11*8;22;3;7;16;23*4;14","6",""
2277,1039.7798,1020.5918,1405.2947,";;34;27;36;28;13*6;29;5;10;2*24;30;21;19;25;33;1;15*38;9;18;12;31;20;32;35;37;26;17;11*8;22;3;7;16;23*4;14","6",""
2278,1034.6493,1020.5918,1300.8292,";;34;27;36;28;13*6;29;5;10;2*24;30;21;19;25;33;1;15*38;9;18;12;31;20;32;35;37;26;17;11*8;22;3;7;16;23*4;14","6",""
2279,1035.7426,1020.5918,1384.2372,";;34;27;36;28;13*6;29;5;10;2*24;30;21;19;25;33;1;15*38;9;18;12;31;20;32;35;37;26;17;11*8;22;3;7;16;23*4;14","6",""
2280,1032.9489,1020.5918,1359.0743,";;34;27;36;28;13*6;29;5;10;2*24;30;21;19;25;33;1;15*38;9;18;12;31;20;32;35;37;26;17;11*8;22;3;7;16;23*4;14","6",""
2281,1041.9038,1020.5918,1423.3231,";;34;27;36;28;13*6;29;5;10;2*24;30;21;19;25;33;1;15*38;9;18;12;31;20;32;35;37;26;17;11*8;22;3;7;16;23*4;14","6",""
2282,1035.3951,1020.5918,1424.7485,";;34;27;36;28;13*6;29;5;10;2*24;30;21;19;25;33;1;15*38;9;18;12;31;20;32;35;37;26;17;11*8;22;3;7;16;23*4;14","6",""
2283,1032.379,1020.5918,1310.3118,";;34;27;36;28;13*6;29;5;10;2*24;30;21;19;25;33;1;15*38;9;18;12;31;20;32;35;37;26;17;11*8;22;3;7;16;23*4;14","6",""
2284,1050.4266,1020.5918,1380.6136,";;34;27;36;28;13*6;29;5;10;2*24;30;21;19;25;33;1;15*38;9;18;12;31;20;32;35;37;26;17;11*8;22;3;7;16;23*4;14","6",""
2285,1027.3411,1020.5918,1249.8413,";;34;27;36;28;13*6;29;5;10;2*24;30;21;19;25;33;1;15*38;9;18;12;31;20;32;35;37;26;17;11*8;22;3;7;16;23*4;14","6",""
2286,1038.9626,1020.5918,1502.5903,";;34;27;36;28;13*6;29;5;10;2*24;30;21;19;25;33;1;15*38;9;18;12;31;20;32;35;37;26;17;11*8;22;3;7;16;23*4;14","6",""
2287,1037.7083,1020.5918,1503.8555,";;34;27;36;28;13*6;29;5;10;2*24;30;21;19;25;33;1;15*38;9;18;12;31;20;32;35;37;26;17;11*8;22;3;7;16;23*4;14","6",""
2288,1034.2295,1020.5918,1428.5973,";;34;27;36;28;13*6;29;5;10;2*24;30;21;19;25;33;1;15*38;9;18;12;31;20;32;35;37;26;17;11*8;22;3;7;16;23*4;14","6",""
2289,1030.4369,1020.5918,1457.1022,";;34;27;36;28;13*6;29;5;10;2*24;30;21;19;25;33;1;15*38;9;18;12;31;20;32;35;37;26;17;11*8;22;3;7;16;23*4;14","6",""
2290,1027.5396,1020.5918,1302.583,";;34;27;36;28;13*6;29;5;10;2*24;30;21;19;25;33;1;15*38;9;18;12;31;20;32;35;37;26;17;11*8;22;3;7;16;23*4;14","6",""
2291,1033.3417,1020.5918,1347.0314,";;34;27;36;28;13*6;29;5;10;2*24;30;21;19;25;33;1;15*38;9;18;12;31;20;32;35;37;26;17;11*8;22;3;7;16;23*4;14","6",""
2292,1040.1886,1020.5918,1345.5726,";;34;27;36;28;13*6;29;5;10;2*24;30;21;19;25;33;1;15*38;9;18;12;31;20;32;35;37;26;17;11*8;22;3;7;16;23*4;14","6",""
2293,1027.344,1020.5918,1325.6384,";;34;27;36;28;13*6;29;5;10;2*24;30;21;19;25;33;1;15*38;9;18;12;31;20;32;35;37;26;17;11*8;22;3;7;16;23*4;14","6",""
2294,1030.1414,1020.5918,1356.5955,";;34;27;36;28;13*6;29;5;10;2*24;30;21;19;25;33;1;15*38;9;18;12;31;20;32;35;37;26;17;11*8;22;3;7;16;23*4;14","6",""
2295,1035.2582,1020.5918,1494.8442,";;34;27;36;28;13*6;29;5;10;2*24;30;21;19;25;33;1;15*38;9;18;12;31;20;32;35;37;26;17;11*8;22;3;7;16;23*4;14","6",""
2296,1029.5817,1020.5918,1314.3572,";;34;27;36;28;13*6;29;5;10;2*24;30;21;19;25;33;1;15*38;9;18;12;31;20;32;35;37;26;17;11*8;22;3;7;16;23*4;14","6",""
2297,1030.4532,1020.5918,1271.4508,";;34;27;36;28;13*6;29;5;10;2*24;30;21;19;25;33;1;15*38;9;18;12;31;20;32;35;37;26;17;11*8;22;3;7;16;23*4;14","6",""
2298,1027.5969,1020.5918,1238.3557,";;34;27;36;28;13*6;29;5;10;2*24;30;21;19;25;33;1;15*38;9;18;12;31;20;32;35;37;26;17;11*8;22;3;7;16;23*4;14","6",""
2299,1037.8777,1020.5918,1395.433,";;34;27;36;28;13*6;29;5;10;2*24;30;21;19;25;33;1;15*38;9;18;12;31;20;32;35;37;26;17;11*8;22;3;7;16;23*4;14","6",""
2300,1032.5531,1020.5918,1362.0345,";;34;27;36;28;13*6;29;5;10;2*24;30;21;19;25;33;1;15*38;9;18;12;31;20;32;35;37;26;17;11*8;22;3;7;16;23*4;14","6",""
2301,1029.351,1020.5918,1384.2372,";;34;27;36;28;13*6;29;5;10;2*24;30;21;19;25;33;1;15*38;9;18;12;31;20;32;35;37;26;17;11*8;22;3;7;16;23*4;14","6",""
2302,1030.441,1020.5918,1302.7168,";;34;27;36;28;13*6;29;5;10;2*24;30;21;19;25;33;1;15*38;9;18;12;31;20;32;35;37;26;17;11*8;22;3;7;16;23*4;14","6",""
2303,1033.2986,1020.5918,1362.0345,";;34;27;36;28;13*6;29;5;10;2*24;30;21;19;25;33;1;15*38;9;18;12;31;20;32;35;37;26;17;11*8;22;3;7;16;23*4;14","6",""
2304,1030.6869,1020.5918,1449.0023,";;34;27;36;28;13*6;29;5;10;2*24;30;21;19;25;33;1;15*38;9;18;12;31;20;32;35;37;26;17;11*8;22;3;7;16;23*4;14","6",""
2305,1027.8005,1020.5918,1184.0195,";;34;27;36;28;13*6;29;5;10;2*24;30;21;19;25;33;1;15*38;9;18;12;31;20;32;35;37;26;17;11*8;22;3;7;16;23*4;14","6",""
2306,1026.6711,1020.5918,1262.5358,";;34;27;36;28;13*6;29;5;10;2*24;30;21;19;25;33;1;15*38;9;18;12;31;20;32;35;37;26;17;11*8;22;3;7;16;23*4;14","6",""
2307,1033.3176,1020.5918,1354.877,";;34;27;36;28;13*6;29;5;10;2*24;30;21;19;25;33;1;15*38;9;18;12;31;20;32;35;37;26;17;11*8;22;3;7;16;23*4;14","6",""
2308,1040.3976,1020.5918,1502.5903,";;34;27;36;28;13*6;29;5;10;2*24;30;21;19;25;33;1;15*38;9;18;12;31;20;32;35;37;26;17;11*8;22;3;7;16;23*4;14","6",""
2309,1047.3358,1020.5918,1558.8986,";;34;27;36;28;13*6;29;5;10;2*24;30;21;19;25;33;1;15*38;9;18;12;31;20;32;35;37;26;17;11*8;22;3;7;16;23*4;14","6",""
2310,1032.5858,1020.5918,1308.2539,";;34;27;36;28;13*6;29;5;10;2*24;30;21;19;25;33;1;15*38;9;18;12;31;20;32;35;37;26;17;11*8;22;3;7;16;23*4;14","6",""
2311,1030.9323,1020.5918,1330.2931,";;34;27;36;28;13*6;29;5;10;2*24;30;21;19;25;33;1;15*38;9;18;12;31;20;32;35;37;26;17;11*8;22;3;7;16;23*4;14","6",""
2312,1024.8107,1020.5918,1245.5386,";;34;27;36;28;13*6;29;5;10;2*24;30;21;19;25;33;1;15*38;9;18;12;31;20;32;35;37;26;17;11*8;22;3;7;16;23*4;14","6",""
2313,1028.8046,1020.5918,1401.6146,";;34;27;36;28;13*6;29;5;10;2*24;30;21;19;25;33;1;15*38;9;18;12;31;20;32;35;37;26;17;11*8;22;3;7;16;23*4;14","6",""
2314,1036.6051,1020.5918,1291.0055,";;34;27;36;28;13*6;29;5;10;2*24;30;21;19;25;33;1;15*38;9;18;12;31;20;32;35;37;26;17;11*8;22;3;7;16;23*4;14","6",""
2315,1029.7163,1020.5918,1241.6804,";;34;27;36;28;13*6;29;5;10;2*24;30;21;19;25;33;1;15*38;9;18;12;31;20;32;35;37;26;17;11*8;22;3;7;16;23*4;14","6",""
2316,1044.2708,1020.5918,1348.1278,";;34;27;36;28;13*6;29;5;10;2*24;30;21;19;25;33;1;15*38;9;18;12;31;20;32;35;37;26;17;11*8;22;3;7;16;23*4;14","6",""
2317,1043.7015,1020.5918,1372.3531,";;34;27;36;28;13*6;29;5;10;2*24;30;21;19;25;33;1;15*38;9;18;12;31;20;32;35;37;26;17;11*8;22;3;7;16;23*4;14","6",""
2318,1032.8057,1020.5918,1267.0793,";;34;27;36;28;13*6;29;5;10;2*24;30;21;19;25;33;1;15*38;9;18;12;31;20;32;35;37;26;17;11*8;22;3;7;16;23*4;14","6",""
2319,1030.122,1020.5918,1335.9728,";;34;27;36;28;13*6;29;5;10;2*24;30;21;19;25;33;1;15*38;9;18;12;31;20;32;35;37;26;17;11*8;22;3;7;16;23*4;14","6",""
2320,1029.178,1020.5918,1364.032,";;34;27;36;28;13*6;29;5;10;2*24;30;21;19;25;33;1;15*38;9;18;12;31;20;32;35;37;26;17;11*8;22;3;7;16;23*4;14","6",""
2321,1034.6221,1020.5918,1335.9728,";;34;27;36;28;13*6;29;5;10;2*24;30;21;19;25;33;1;15*38;9;18;12;31;20;32;35;37;26;17;11*8;22;3;7;16;23*4;14","6",""
2322,1032.8469,1020.5918,1345.5726,";;34;27;36;28;13*6;29;5;10;2*24;30;21;19;25;33;1;15*38;9;18;12;31;20;32;35;37;26;17;11*8;22;3;7;16;23*4;14","6",""
2323,1031.7379,1020.5918,1424.7485,";;34;27;36;28;13*6;29;5;10;2*24;30;21;19;25;33;1;15*38;9;18;12;31;20;32;35;37;26;17;11*8;22;3;7;16;23*4;14","6",""
2324,1039.1475,1020.5918,1375.7261,";;34;27;36;28;13*6;29;5;10;2*24;30;21;19;25;33;1;15*38;9;18;12;31;20;32;35;37;26;17;11*8;22;3;7;16;23*4;14","6",""
2325,1026.4227,1020.5918,1341.0215,";;34;27;36;28;13*6;29;5;10;2*24;30;21;19;25;33;1;15*38;9;18;12;31;20;32;35;37;26;17;11*8;22;3;7;16;23*4;14","6",""
2326,1031.544,1020.5918,1354.877,";;34;27;36;28;13*6;29;5;10;2*24;30;21;19;25;33;1;15*38;9;18;12;31;20;32;35;37;26;17;11*8;22;3;7;16;23*4;14","6",""
2327,1031.0416,1020.5918,1302.9752,";;34;27;36;28;13*6;29;5;10;2*24;30;21;19;25;33;1;15*38;9;18;12;31;20;32;35;37;26;17;11*8;22;3;7;16;23*4;14","6",""
2328,1039.2715,1020.5918,1459.955,";;34;27;36;28;13*6;29;5;10;2*24;30;21;19;25;33;1;15*38;9;18;12;31;20;32;35;37;26;17;11*8;22;3;7;16;23*4;14","6",""
2329,1027.8165,1020.5918,1273.4269,";;34;27;36;28;13*6;29;5;10;2*24;30;21;19;25;33;1;15*38;9;18;12;31;20;32;35;37;26;17;11*8;22;3;7;16;23*4;14","6",""
2330,1029.5927,1020.5918,1274.3292,";;34;27;36;28;13*6;29;5;10;2*24;30;21;19;25;33;1;15*38;9;18;12;31;20;32;35;37;26;17;11*8;22;3;7;16;23*4;14","6",""
2331,1028.9164,1020.5918,1240.1304,";;34;27;36;28;13*6;29;5;10;2*24;30;21;19;25;33;1;15*38;9;18;12;31;20;32;35;37;26;17;11*8;22;3;7;16;23*4;14","6",""
2332,1043.7972,1020.5918,1398.321,";;34;27;36;28;13*6;29;5;10;2*24;30;21;19;25;33;1;15*38;9;18;12;31;20;32;35;37;26;17;11*8;22;3;7;16;23*4;14","6",""
2333,1035.0286,1020.5918,1325.1952,";;34;27;36;28;13*6;29;5;10;2*24;30;21;19;25;33;1;15*38;9;18;12;31;20;32;35;37;26;17;11*8;22;3;7;16;23*4;14","6",""
2334,1033.6051,1020.5918,1382.9403,";;34;27;36;28;13*6;29;5;10;2*24;30;21;19;25;33;1;15*38;9;18;12;31;20;32;35;37;26;17;11*8;22;3;7;16;23*4;14","6",""
2335,1028.7836,1020.5918,1354.877,";;34;27;36;28;13*6;29;5;10;2*24;30;21;19;25;33;1;15*38;9;18;12;31;20;32;35;37;26;17;11*8;22;3;7;16;23*4;14","6",""
2336,1034.838,1020.5918,1359.4012,";;34;27;36;28;13*6;29;5;10;2*24;30;21;19;25;33;1;15*38;9;18;12;31;20;32;35;37;26;17;11*8;22;3;7;16;23*4;14","6",""
2337,1029.5375,1020.5918,1293.4427,";;34;27;36;28;13*6;29;5;10;2*24;30;21;19;25;33;1;15*38;9;18;12;31;20;32;35;37;26;17;11*8;22;3;7;16;23*4;14","6",""
2338,1037.6832,1020.5918,1393.1125,";;34;27;36;28;13*6;29;5;10;2*24;30;21;19;25;33;1;15*38;9;18;12;31;20;32;35;37;26;17;11*8;22;3;7;16;23*4;14","6",""
2339,1026.9001,1020.5918,1351.1144,";;34;27;36;28;13*6;29;5;10;2*24;30;21;19;25;33;1;15*38;9;18;12;31;20;32;35;37;26;17;11*8;22;3;7;16;23*4;14","6",""
2340,1050.1671,1020.5918,1446.2714,";;34;27;36;28;13*6;29;5;10;2*24;30;21;19;25;33;1;15*38;9;18;12;31;20;32;35;37;26;17;11*8;22;3;7;16;23*4;14","6",""
2341,1031.1199,1020.5918,1349.9656,";;34;27;36;28;13*6;29;5;10;2*24;30;21;19;25;33;1;15*38;9;18;12;31;20;32;35;37;26;17;11*8;22;3;7;16;23*4;14","6",""
2342,1035.7446,1020.5918,1494.8442,";;34;27;36;28;13*6;29;5;10;2*24;30;21;19;25;33;1;15*38;9;18;12;31;20;32;35;37;26;17;11*8;22;3;7;16;23*4;14","6",""
2343,1026.3638,1020.5918,1382.9403,";;34;27;36;28;13*6;29;5;10;2*24;30;21;19;25;33;1;15*38;9;18;12;31;20;32;35;37;26;17;11*8;22;3;7;16;23*4;14","6",""
2344,1027.1344,1020.5918,1356.4304,";;34;27;36;28;13*6;29;5;10;2*24;30;21;19;25;33;1;15*38;9;18;12;31;20;32;35;37;26;17;11*8;22;3;7;16;23*4;14","6",""
2345,1041.8284,1020.5918,1351.2712,";;34;27;36;28;13*6;29;5;10;2*24;30;21;19;25;33;1;15*38;9;18;12;31;20;32;35;37;26;17;11*8;22;3;7;16;23*4;14","6",""
2346,1037.4016,1020.5918,1454.5134,";;34;27;36;28;13*6;29;5;10;2*24;30;21;19;25;33;1;15*38;9;18;12;31;20;32;35;37;26;17;11*8;22;3;7;16;23*4;14","6",""
2347,1041.2466,1020.5918,1558.8986,";;34;27;36;28;13*6;29;5;10;2*24;30;21;19;25;33;1;15*38;9;18;12;31;20;32;35;37;26;17;11*8;22;3;7;16;23*4;14","6",""
2348,1030.3291,1020.5918,1362.0345,";;34;27;36;28;13*6;29;5;10;2*24;30;21;19;25;33;1;15*38;9;18;12;31;20;32;35;37;26;17;11*8;22;3;7;16;23*4;14","6",""
2349,1029.0444,1020.5918,1222.7167,";;34;27;36;28;13*6;29;5;10;2*24;30;21;19;25;33;1;15*38;9;18;12;31;20;32;35;37;26;17;11*8;22;3;7;16;23*4;14","6",""
2350,1027.4426,1020.5918,1257.5696,";;34;27;36;28;13*6;29;5;10;2*24;30;21;19;25;33;1;15*38;9;18;12;31;20;32;35;37;26;17;11*8;22;3;7;16;23*4;14","6",""
2351,1025.7839,1020.5918,1186.8423,";;34;27;36;28;13*6;29;5;10;2*24;30;21;19;25;33;1;15*38;9;18;12;31;20;32;35;37;26;17;11*8;22;3;7;16;23*4;14","6",""
2352,1025.0809,1020.5918,1245.5386,";;34;27;36;28;13*6;29;5;10;2*24;30;21;19;25;33;1;15*38;9;18;12;31;20;32;35;37;26;17;11*8;22;3;7;16;23*4;14","6",""
2353,1044.062,1020.5918,1345.5726,";;34;27;36;28;13*6;29;5;10;2*24;30;21;19;25;33;1;15*38;9;18;12;31;20;32;35;37;26;17;11*8;22;3;7;16;23*4;14","6",""
2354,1046.9038,1020.5918,1372.3531,";;34;27;36;28;13*6;29;5;10;2*24;30;21;19;25;33;1;15*38;9;18;12;31;20;32;35;37;26;17;11*8;22;3;7;16;23*4;14","6",""
2355,1024.4858,1020.5918,1253.0612,";;34;27;36;28;13*6;29;5;10;2*24;30;21;19;25;33;1;15*38;9;18;12;31;20;32;35;37;26;17;11*8;22;3;7;16;23*4;14","6",""
2356,1031.7551,1020.5918,1362.8103,";;34;27;36;28;13*6;29;5;10;2*24;30;21;19;25;33;1;15*38;9;18;12;31;20;32;35;37;26;17;11*8;22;3;7;16;23*4;14","6",""
2357,1029.1156,1020.5918,1310.3118,";;34;27;36;28;13*6;29;5;10;2*24;30;21;19;25;33;1;15*38;9;18;12;31;20;32;35;37;26;17;11*8;22;3;7;16;23*4;14","6",""
2358,1033.1031,1020.5918,1385.8976,";;34;27;36;28;13*6;29;5;10;2*24;30;21;19;25;33;1;15*38;9;18;12;31;20;32;35;37;26;17;11*8;22;3;7;16;23*4;14","6",""
2359,1035.8445,1020.5918,1408.8124,";;34;27;36;28;13*6;29;5;10;2*24;30;21;19;25;33;1;15*38;9;18;12;31;20;32;35;37;26;17;11*8;22;3;7;16;23*4;14","6",""
2360,1040.928,1020.5918,1396.0105,";;34;27;36;28;13*6;29;5;10;2*24;30;21;19;25;33;1;15*38;9;18;12;31;20;32;35;37;26;17;11*8;22;3;7;16;23*4;14","6",""
2361,1033.2964,1020.5918,1341.0146,";;34;27;36;28;13*6;29;5;10;2*24;30;21;19;25;33;1;15*38;9;18;12;31;20;32;35;37;26;17;11*8;22;3;7;16;23*4;14","6",""
2362,1037.2653,1020.5918,1384.2372,";;34;27;36;28;13*6;29;5;10;2*24;30;21;19;25;33;1;15*38;9;18;12;31;20;32;35;37;26;17;11*8;22;3;7;16;23*4;14","6",""
2363,1035.7112,1020.5918,1389.781,";;34;27;36;28;13*6;29;5;10;2*24;30;21;19;25;33;1;15*38;9;18;12;31;20;32;35;37;26;17;11*8;22;3;7;16;23*4;14","6",""
2364,1038.8772,1020.5918,1338.7946,";;34;27;36;28;13*6;29;5;10;2*24;30;21;19;25;33;1;15*38;9;18;12;31;20;32;35;37;26;17;11*8;22;3;7;16;23*4;14","6",""
2365,1043.6202,1020.5918,1385.8296,";;34;27;36;28;13*6;29;5;10;2*24;30;21;19;25;33;1;15*38;9;18;12;31;20;32;35;37;26;17;11*8;22;3;7;16;23*4;14","6",""
2366,1032.4569,1020.5918,1264.8535,";;34;27;36;28;13*6;29;5;10;2*24;30;21;19;25;33;1;15*38;9;18;12;31;20;32;35;37;26;17;11*8;22;3;7;16;23*4;14","6",""
2367,1037.8517,1020.5918,1470.1567,";;34;27;36;28;13*6;29;5;10;2*24;30;21;19;25;33;1;15*38;9;18;12;31;20;32;35;37;26;17;11*8;22;3;7;16;23*4;14","6",""
2368,1028.2078,1020.5918,1298.8143,";;34;27;36;28;13*6;29;5;10;2*24;30;21;19;25;33;1;15*38;9;18;12;31;20;32;35;37;26;17;11*8;22;3;7;16;23*4;14","6",""
2369,1035.1792,1020.5918,1393.1125,";;34;27;36;28;13*6;29;5;10;30*24;2;21;19;25;33;1;15;38*9;18;12;31;20;32;35;37;26;17;11;8*22;3;7;16;23;4;14","5",""
2370,1036.3584,1020.5918,1423.3231,";;34;27;36;28;13*6;29;5;10;2*24;30;21;19;25;33;1;15*38;9;18;12;31;20;32;35;37;26;17;11*8;22;3;7;16;23*4;14","6",""
2371,1032.5051,1020.5918,1362.8103,";;34;27;36;28;13*6;29;5;10;2*24;30;21;19;25;33;1;15*38;9;18;12;31;20;32;35;37;26;17;11*8;22;3;7;16;23*4;14","6",""
2372,1024.6853,1020.5918,1201.3064,";;34;27;36;28;13*6;29;5;10;2*24;30;21;19;25;33;1;15*38;9;18;12;31;20;32;35;37;26;17;11*8;22;3;7;16;23*4;14","6",""
2373,1026.3564,1020.5918,1333.3468,";;34;27;36;28;13*6;29;5;10;2*24;30;21;19;25;33;1;15*38;9;18;12;31;20;32;35;37;26;17;11*8;22;3;7;16;23*4;14","6",""
2374,1040.0634,1020.5918,1449.0023,";;34;27;36;28;13*6;29;5;10;2*24;30;21;19;25;33;1;15*38;9;18;12;31;20;32;35;37;26;17;11*8;22;3;7;16;23*4;14","6",""
2375,1044.268,1020.5918,1532.9471,";;34;27;36;28;13*6;29;5;10;2*24;30;21;19;25;33;1;15*38;9;18;12;31;20;32;35;37;26;17;11*8;22;3;7;16;23*4;14","6",""
2376,1047.3453,1020.5918,1381.244,";;34;27;36;28;13*6;29;5;10;2*24;30;21;19;25;33;1;15*38;9;18;12;31;20;32;35;37;26;17;11*8;22;3;7;16;23*4;14","6",""
2377,1032.3331,1020.5918,1424.65,";;34;27;36;28;13*6;29;5;10;2*24;30;21;19;25;33;1;15*38;9;18;12;31;20;32;35;37;26;17;11*8;22;3;7;16;23*4;14","6",""
2378,1029.3904,1020.5918,1287.1545,";;34;27;36;28;13*6;29;5;10;2*24;30;21;19;25;33;1;15*38;9;18;12;31;11;32;35;37;26;17;20*8;22;3;7;16;23*4;14","6",""
2379,1031.4171,1020.5918,1381.244,";;34;27;36;28;13*6;29;5;10;2*24;30;21;19;25;33;1;15*38;9;18;12;31;20;32;35;37;26;17;11*8;22;3;7;16;23*4;14","6",""
2380,1031.2705,1020.5918,1298.8143,";;34;27;36;28;13*6;29;5;10;2*24;30;21;19;25;33;1;15*38;9;18;12;31;20;32;35;37;26;17;11*8;22;3;7;16;23*4;14","6",""
2381,1031.2898,1020.5918,1300.4014,";;34;27;36;28;13*6;29;5;10;2*24;30;21;19;25;33;1;15*38;9;18;12;31;20;32;35;37;26;17;11*8;22;3;7;16;23*4;14","6",""
2382,1028.7032,1020.5918,1294.864,";;34;27;36;28;13*6;29;5;10;2*24;30;21;19;25;33;1;15*38;9;18;12;31;20;32;35;37;26;17;11*8;22;3;7;16;23*4;14","6",""
2383,1025.6045,1020.5918,1428.5973,";;34;27;36;28;13*6;29;5;10;2*24;30;21;19;25;33;1;15*38;9;18;12;31;20;32;35;37;26;17;11*8;22;3;7;16;23*4;14","6",""
2384,1028.5092,1020.5918,1324.461,";;34;27;36;28;13*6;29;5;10;2*24;30;21;19;25;33;1;15*38;9;18;12;31;20;32;35;37;26;17;11*8;22;3;7;16;23*4;14","6",""
2385,1025.0267,1020.5918,1175.6394,";;34;27;36;28;13*6;29;5;10;2*24;30;21;19;25;33;1;15*38;9;18;12;31;20;32;35;37;26;17;11*8;22;3;7;16;23*4;14","6",""
2386,1036.3015,1020.5918,1310.3118,";;34;27;36;28;13*6;29;5;10;2*24;30;21;19;25;33;1;15*38;9;18;12;31;20;32;35;37;26;17;11*8;22;3;7;16;23*4;14","6",""
2387,1037.0533,1020.5918,1342.5638,";;34;27;36;28;13*6;29;5;10;2*24;30;21;19;25;33;1;15*38;9;18;12;31;20;32;35;37;26;17;11*8;22;3;7;16;23*4;14","6",""
2388,1032.8263,1020.5918,1308.2539,";;34;27;36;28;13*6;29;5;10;2*24;30;21;19;25;33;1;15*38;9;18;12;31;20;32;35;37;26;17;11*8;22;3;7;16;23*4;14","6",""
2389,1041.2959,1020.5918,1457.1022,";;34;27;36;28;13*6;29;5;10;2*24;30;21;19;25;33;1;15*38;9;18;12;31;20;32;35;37;26;17;11*8;22;3;7;16;23*4;14","6",""
2390,1030.7052,1020.5918,1382.9403,";;34;27;36;28;13*6;29;5;10;2*24;30;21;19;25;33;1;15*38;9;18;12;31;20;32;35;37;26;17;11*8;22;3;7;16;23*4;14","6",""
2391,1031.8102,1020.5918,1496.9481,";;34;27;36;28;13*6;29;5;10;2*24;30;21;19;25;33;1;15*38;9;18;12;31;20;32;35;37;26;17;11*8;22;3;7;16;23*4;14","6",""
2392,1032.7891,1020.5918,1333.3468,";;34;27;36;28;13*6;29;5;10;2*24;30;21;19;25;33;1;15*38;9;18;12;31;20;32;35;37;26;17;11*8;22;3;7;16;23*4;14","6",""
2393,1032.2017,1020.5918,1232.5527,";;34;27;36;28;13*6;29;5;10;2*24;30;21;19;25;33;1;15*38;9;18;12;31;20;32;35;37;26;17;11*8;22;3;7;16;23*4;14","6",""
2394,1026.7129,1020.5918,1342.2112,";;34;33;36;28;13*6;29;5;10;2*24;30;21;19;25;27;1;15;38*9;18;12;31;20;32;35;37;26;17;11;8*22;3;7;16;23;4;14","5",""
2395,1029.5565,1020.5918,1305.2614,";;34;27;36;28;13*6;29;5;10;2*24;30;21;19;25;33;1;15*38;9;18;12;31;20;32;4;37;26;17;11;8*22;3;7;16;23;35;14","5",""
2396,1046.7826,1020.5918,1396.0105,";;34;27;36;28;13*6;29;5;10;2*24;30;21;19;25;33;1;15*38;9;18;12;31;20;32;35;37;26;17;11*8;22;3;7;16;23*4;14","6",""
2397,1030.2225,1020.5918,1331.1182,";;34;27;36;28;13*6;29;5;10;2*24;30;21;19;25;33;1;15*38;9;18;12;31;20;32;35;37;26;17;11*8;22;3;7;16;23*4;14","6",""
2398,1036.915,1020.5918,1345.5726,";;34;27;36;28;13*6;29;5;10;2*24;30;21;19;25;33;1;15*38;9;18;12;31;20;32;35;37;26;17;11*8;22;3;7;16;23*4;14","6",""
2399,1036.1166,1020.5918,1315.3649,";;34;27;36;28;13*6;29;5;10;2*24;30;21;19;25;33;1;15*38;9;18;12;31;20;32;35;37;26;17;11*8;22;3;7;16;23*4;14","6",""
2400,1030.9784,1020.5918,1289.4061,";;34;27;36;28;13*6;29;5;10;2*24;30;21;19;25;33;1;15*38;9;18;12;31;20;32;35;37;26;17;11*8;22;3;7;16;23*4;14","6",""
2401,1028.7922,1020.5918,1302.583,";;34;27;36;28;13*6;29;5;10;2*24;30;21;19;25;33;1;15*38;9;18;12;31;20;32;35;37;26;17;11*8;22;3;7;16;23*4;14","6",""
2402,1025.9829,1020.5918,1359.4012,";;34;27;36;28;13*6;29;5;10;2*24;30;21;19;25;33;1;15*38;9;18;12;31;20;32;35;37;26;17;11*8;22;3;7;16;23*4;14","6",""
2403,1047.8734,1020.5918,1517.7623,";;34;27;36;28;13*6;29;5;10;2*24;30;21;19;25;33;1;15*38;9;18;12;31;20;32;35;37;26;17;11*8;22;3;7;16;23*4;14","6",""
2404,1032.1338,1020.5918,1424.65,";;34;27;36;28;13*6;29;5;10;2*24;30;21;19;25;33;1;15*38;9;18;12;31;20;32;35;37;26;17;11*8;22;3;7;16;23*4;14","6",""
2405,1039.3693,1020.5918,1494.8442,";;34;27;36;28;13*6;29;5;10;2*24;30;21;19;25;33;1;15*38;9;18;12;31;20;32;35;37;26;17;11*8;22;3;7;16;23*4;14","6",""
2406,1027.8339,1020.5918,1331.1182,";;34;27;36;28;13*6;29;5;10;2*24;30;21;19;25;33;1;15*38;9;18;12;31;20;32;35;37;26;17;11*8;22;3;7;16;23*4;14","6",""
2407,1027.9126,1020.5918,1342.5638,";;34;27;36;28;13*6;29;5;10;2*24;30;21;19;25;33;1;15*38;9;18;12;31;20;32;35;37;26;17;11*8;22;3;7;16;23*4;14","6",""
2408,1029.818,1020.5918,1338.7946,";;34;27;36;28;13*6;29;5;10;2*24;30;21;19;25;33;1;15*38;9;18;12;31;20;32;35;37;26;17;11*8;22;3;7;16;23*4;14","6",""
2409,1030.8539,1020.5918,1354.877,";;34;27;36;28;13*6;29;5;10;2*24;30;21;19;25;33;1;15*38;9;18;12;31;20;32;35;37;26;17;11*8;22;3;7;16;23*4;14","6",""
2410,1028.9902,1020.5918,1289.8053,";;34;27;36;28;13*6;29;5;10;2*24;30;21;19;25;33;1;15*38;9;18;12;31;20;32;35;37;26;17;11*8;22;3;7;16;23*4;14","6",""
2411,1025.6954,1020.5918,1174.7949,";;34;27;36;28;13*6;29;5;10;2*24;30;21;19;25;33;1;15*38;9;18;12;31;20;32;35;37;26;17;11*8;22;3;7;16;23*4;14","6",""
2412,1035.7524,1020.5918,1315.3649,";;34;27;36;28;13*6;29;5;10;2*24;30;21;19;25;33;1;15*38;9;18;12;31;20;32;35;37;26;17;11*8;22;3;7;16;23*4;14","6",""
2413,1035.0421,1020.5918,1454.5134,";;34;27;36;28;13*6;29;5;10;2*24;30;21;19;25;33;1;15*38;9;18;12;31;20;32;35;37;26;17;11*8;22;3;7;16;23*4;14","6",""
2414,1029.4587,1020.5918,1371.4131,";;34;27;36;28;13*6;29;5;10;2*24;30;21;19;25;33;1;15*38;9;18;12;31;20;32;35;37;26;17;11*8;22;3;7;16;23*4;14","6",""
2415,1025.6538,1020.5918,1359.4012,";;34;27;36;28;13*6;29;5;10;2*24;30;21;19;25;33;1;15*38;9;18;12;31;20;32;35;37;26;17;11*8;22;3;7;16;23*4;14","6",""
2416,1032.3473,1020.5918,1401.6146,";;34;27;36;28;13*6;29;5;10;2*24;30;21;19;25;33;1;15*38;9;18;12;31;20;32;35;37;26;17;11*8;22;3;7;16;23*4;14","6",""
2417,1043.854,1020.5918,1375.7261,";;34;27;36;28;13*6;29;5;10;2*24;30;21;19;25;33;1;15*38;9;18;12;31;20;32;35;37;26;17;11*8;22;3;7;16;23*4;14","6",""
2418,1046.2488,1020.5918,1344.9128,";;34;27;36;28;13*6;29;5;10;2*24;30;21;19;25;33;1;15*38;9;18;12;31;20;32;35;37;26;17;11*8;22;3;7;16;23*4;14","6",""
2419,1037.1426,1020.5918,1383.7654,";;34;27;36;28;13*6;29;5;10;2*24;30;21;19;25;33;1;15*38;9;18;12;31;20;32;35;37;26;17;11*8;22;3;7;16;23*4;14","6",""
2420,1029.5637,1020.5918,1330.2931,";;34;27;36;28;13*6;29;5;10;2*24;30;21;19;25;33;1;15*38;9;18;12;31;20;32;35;37;26;17;11*8;22;3;7;16;23*4;14","6",""
2421,1022.84515,1020.5918,1209.3236,";;34;27;36;28;13*6;29;5;10;2*24;30;21;19;25;33;1;15*38;9;18;12;31;20;32;35;37;26;17;11*8;22;3;7;16;23*4;14","6",""
2422,1028.7633,1020.5918,1258.8123,";;34;27;36;28;13*6;29;5;10;2*24;30;21;19;25;33;1;15*38;9;18;12;31;20;32;35;37;26;17;11*8;22;3;7;16;23*4;14","6",""
2423,1035.6062,1020.5918,1328.0728,";;34;27;36;28;13*6;29;5;10;2*24;30;21;19;25;33;1;15*38;9;18;12;31;20;32;35;37;26;17;11*8;22;3;7;16;23*4;14","6",""
2424,1029.1973,1020.5918,1290.9723,";;34;27;36;28;13*6;29;5;10;2*24;30;21;19;25;33;1;15*38;9;18;12;31;20;32;35;37;26;17;11*8;22;3;7;16;23*4;14","6",""
2425,1032.0546,1020.5918,1303.7892,";;34;27;36;28;13*6;29;5;10;2*24;30;21;19;25;33;1;15*38;9;18;12;31;20;32;35;37;26;17;11*8;22;3;7;16;23*4;14","6",""
2426,1045.5392,1020.5918,1494.8442,";;34;27;36;28;13*6;29;5;10;2*24;30;21;19;25;33;1;15*38;9;18;12;31;20;32;35;37;26;17;11*8;22;3;7;16;23*4;14","6",""
2427,1037.345,1020.5918,1333.3468,";;34;27;36;28;13*6;29;5;10;2*24;30;21;19;25;33;1;15*38;9;18;12;31;20;32;35;37;26;17;11*8;22;3;7;16;23*4;14","6",""
2428,1030.0463,1020.5918,1336.0214,";;34;27;36;28;13*6;29;5;10;2*24;30;21;19;25;33;1;15*38;9;18;12;31;20;32;35;37;26;17;11*8;22;3;7;16;23*4;14","6",""
2429,1036.7976,1020.5918,1385.8296,";;34;27;36;28;13*6;29;5;10;2*24;30;21;19;25;33;1;15*38;9;18;12;31;20;32;35;37;26;17;11*8;22;3;7;16;23*4;14","6",""
2430,1027.2292,1020.5918,1291.7983,";;34;27;36;28;13*6;29;5;10;2*24;30;21;19;25;33;1;15*38;9;18;12;31;20;32;35;37;26;17;11*8;22;3;7;16;23*4;14","6",""
2431,1031.8888,1020.5918,1558.8986,";;34;27;36;28;13*6;29;5;10;2*24;30;21;19;25;33;1;15*38;9;18;12;31;20;32;35;37;26;17;11*8;22;3;7;16;23*4;14","6",""
2432,1033.4185,1020.5918,1454.5134,";;34;27;36;28;13*6;29;5;10;2*24;30;21;19;25;33;1;15*38;9;18;12;31;20;32;35;37;26;17;11*8;22;3;7;16;23*4;14","6",""
2433,1040.8839,1020.5918,1424.7485,";;34;27;36;28;13*6;29;5;10;2*24;30;21;19;25;33;1;15*38;9;18;12;31;20;32;35;37;26;17;11*8;22;3;7;16;23*4;14","6",""
2434,1032.6193,1020.5918,1433.3711,";;34;27;36;28;13*6;29;5;10;2*24;30;21;19;25;33;1;15*38;9;18;12;31;20;32;35;37;26;17;11*8;22;3;7;16;23*4;14","6",""
2435,1029.0674,1020.5918,1345.5726,";;34;27;36;28;13*6;29;5;10;2*24;30;21;19;25;33;1;15*38;9;18;12;31;20;32;35;37;26;17;11*8;22;3;7;16;23*4;14","6",""
2436,1040.0498,1020.5918,1385.8976,";;34;27;36;28;13*6;29;5;10;2*24;30;21;19;25;33;1;15*38;9;18;12;31;20;32;35;37;26;17;11*8;22;3;7;16;23*4;14","6",""
2437,1031.0603,1020.5918,1371.4131,";;34;27;36;28;13*6;29;5;10;2*24;30;21;19;25;33;1;15*38;9;18;12;31;20;32;35;37;26;17;11*8;22;3;7;16;23*4;14","6",""
2438,1040.6509,1020.5918,1433.3711,";;34;27;36;28;13*6;29;5;10;2*24;30;21;19;25;33;1;15*38;9;18;12;31;20;32;35;37;26;17;11*8;22;3;7;16;23*4;14","6",""
2439,1030.3225,1020.5918,1424.7485,";;34;27;36;28;13*6;29;5;10;2*24;30;21;19;25;33;1;15*38;9;18;12;31;20;32;35;37;26;17;11*8;22;3;7;16;23*4;14","6",""
2440,1038.8257,1020.5918,1291.7983,";;34;27;36;28;13*6;29;5;10;2*24;30;21;19;25;33;1;15*38;9;18;12;31;20;32;35;37;26;17;11*8;22;3;7;16;23*4;14","6",""
2441,1040.5948,1020.5918,1424.7485,";;34;27;36;28;13*6;29;5;10;2*24;30;21;19;25;33;1;15*38;9;18;12;31;20;32;35;37;26;17;11*8;22;3;7;16;23*4;14","6",""
2442,1035.5297,1020.5918,1398.321,";;34;27;36;28;13*6;29;5;10;2*24;30;21;19;25;33;1;15*38;9;18;12;31;20;32;35;37;26;17;11*8;22;3;7;16;23*4;14","6",""
2443,1037.6115,1020.5918,1367.0538,";;34;27;36;28;13*6;29;5;10;2*24;30;21;19;25;33;1;15*38;9;18;12;31;20;32;35;37;26;17;11*8;22;3;7;16;23*4;14","6",""
2444,1030.5239,1020.5918,1291.4781,";;34;27;36;28;13*6;29;5;10;2*24;30;21;19;25;33;1;15*38;9;18;12;31;20;32;35;37;26;17;11*8;22;3;7;16;23*4;14","6",""
2445,1030.3716,1020.5918,1298.8143,";;34;27;36;28;13*6;29;5;10;2*24;30;21;19;25;33;1;15*38;9;18;12;31;20;32;35;37;26;17;11*8;22;3;7;16;23*4;14","6",""
2446,1038.6508,1020.5918,1502.5903,";;34;27;36;28;13*6;29;5;10;2*24;30;21;19;25;33;1;15*38;9;18;12;31;20;32;35;37;26;17;11*8;22;3;7;16;23*4;14","6",""
2447,1034.9193,1020.5918,1481.6705,";;34;27;36;28;13*6;29;5;10;2*24;30;21;19;25;33;1;15*38;9;18;12;31;20;32;35;37;26;17;11*8;22;3;7;16;23*4;14","6",""
2448,1026.7461,1020.5918,1356.5955,";;34;27;36;28;13*6;29;5;10;2*24;30;21;19;25;33;1;15*38;9;18;12;31;20;32;35;37;26;17;11*8;22;3;7;16;23*4;14","6",""
2449,1040.6965,1020.5918,1297.0143,";;34;27;36;28;13*6;29;5;10;2*24;30;21;19;25;33;1;15*38;9;18;12;31;20;32;35;37;26;17;11*8;22;3;7;16;23*4;14","6",""
2450,1031.5167,1020.5918,1263.6051,";;34;27;36;28;13*6;29;5;10;2*24;30;21;19;25;12;1;15;38;9*18;33;31;20;32;35;37;26;17;11;8*22;3;7;16;23;4;14","5",""
2451,1022.6015,1020.5918,1126.5479,";;34;27;36;28;13*6;29;5;10;2*24;30;21;19;25;33;1;15*38;9;18;12;31;20;32;35;37;26;17;11*8;22;3;7;16;23*4;14","6",""
2452,1050.888,1020.5918,1347.0314,";;34;27;36;28;13*6;29;5;10;2*24;30;21;19;25;33;1;15*38;9;18;12;31;20;32;35;37;26;17;11*8;22;3;7;16;23*4;14","6",""
2453,1035.8094,1020.5918,1401.6146,";;34;27;36;28;13*6;29;5;10;2*24;30;21;19;25;33;1;15*38;9;18;12;31;20;32;35;37;26;17;11*8;22;3;7;16;23*4;14","6",""
2454,1043.9232,1020.5918,1364.032,";;34;27;36;28;13*6;29;5;10;2*24;30;21;19;25;33;1;15*38;9;18;12;31;20;32;35;37;26;17;11*8;22;3;7;16;23*4;14","6",""
2455,1042.7585,1020.5918,1428.5973,";;34;27;36;28;13*6;29;5;10;2*24;30;21;19;25;33;1;15*38;9;18;12;31;20;32;35;37;26;17;11*8;22;3;7;16;23*4;14","6",""
2456,1031.604,1020.5918,1256.8427,";;34;27;36;28;13*6;29;5;10;2*24;30;21;19;25;33;1;15*38;9;18;12;31;20;32;35;37;26;17;11*8;22;3;7;16;23*4;14","6",""
2457,1027.8584,1020.5918,1303.7892,";;34;27;36;28;13*6;29;5;10;2*24;30;21;19;25;33;1;15*38;9;18;12;31;20;32;35;37;26;17;11*8;22;3;7;16;23*4;14","6",""
2458,1032.9796,1020.5918,1311.4447,";;34;27;36;28;13*6;29;5;10;2*24;30;21;19;25;33;1;15*38;9;18;12;31;20;32;35;37;26;17;11*8;22;3;7;16;23*4;14","6",""
2459,1030.9454,1020.5918,1310.3118,";;34;27;36;28;13*6;29;5;10;2*24;30;21;19;25;33;1;15*38;9;18;12;31;20;32;35;37;26;17;11*8;22;3;7;16;23*4;14","6",""
2460,1031.5602,1020.5918,1356.5955,";;34;27;36;28;13*6;29;5;10;2*24;30;21;19;25;33;1;15*38;9;18;12;31;20;32;35;37;26;17;11*8;22;3;7;16;23*4;14","6",""
2461,1039.424,1020.5918,1340.3302,";;34;27;36;28;13*6;29;5;10;2*24;30;21;19;25;33;1;15*38;9;18;12;31;20;32;35;37;26;17;11*8;22;3;7;16;23*4;14","6",""
2462,1034.2937,1020.5918,1398.321,";;34;27;36;28;13*6;29;5;10;2*24;30;21;19;25;33;1;15*38;9;18;12;31;20;32;35;37;26;17;11*8;22;3;7;16;23*4;14","6",""
2463,1035.9823,1020.5918,1349.9656,";;34;27;36;28;13*6;29;5;10;2*24;30;21;19;25;33;1;15*38;9;18;12;31;20;32;35;37;26;17;11*8;22;3;7;16;23*4;14","6",""
2464,1031.1522,1020.5918,1312.5258,";;34;27;36;28;13*6;29;5;10;2*24;30;21;19;25;33;1;15*38;9;18;12;31;20;32;35;37;26;17;11*8;22;3;7;16;23*4;14","6",""
2465,1028.5227,1020.5918,1326.5063,";;34;27;36;28;13*6;29;5;10;2*24;30;21;19;25;33;1;15*38;9;18;12;31;20;32;35;37;26;17;11*8;22;3;7;16;23*4;14","6",""
2466,1030.6877,1020.5918,1320.574,";;34;27;36;28;13*6;29;5;10;2*24;30;21;19;25;33;1;15*38;9;18;12;31;20;32;35;37;26;17;11*8;22;3;7;16;23*4;14","6",""
2467,1028.1558,1020.5918,1284.8654,";;34;27;36;28;13*6;29;5;10;2*24;30;21;19;25;33;1;15*38;9;18;12;31;20;32;35;37;26;17;11*8;22;3;7;16;23*4;14","6",""
2468,1031.014,1020.5918,1206.1066,";;34;27;36;28;13*6;29;5;10;2*24;30;21;19;25;33;1;15*38;9;18;12;31;20;32;35;37;26;17;11*8;22;3;14;16;23;4*7","6",""
2469,1033.3102,1020.5918,1349.9656,";;34;27;36;28;13*6;29;5;10;2*24;30;21;19;25;33;1;15*38;9;18;12;31;20;32;35;37;26;17;11*8;22;3;7;16;23*4;14","6",""
2470,1041.9775,1020.5918,1364.447,";;34;27;36;28;13*6;29;5;10;2*24;30;21;19;25;33;1;15*38;9;18;12;31;20;32;35;37;26;17;11*8;22;3;7;16;23*4;14","6",""
2471,1035.2677,1020.5918,1377.7028,";;34;27;36;28;13*6;29;5;10;2*24;30;21;19;25;33;1;15*38;9;18;12;31;16;32;35;37;26;17;11*8;22;3;7;20;23;4;14","5",""
2472,1022.98627,1020.5918,1120.8024,";;34;27;36;28;13*6;29;5;10;2*24;30;21;19;25;33;1;15*38;9;18;12;31;20;32;35;37;26;17;11*8;22;3;7;16;23*4;14","6",""
2473,1040.9934,1020.5918,1462.7137,";;34;27;36;28;13*6;29;5;10;2*24;30;21;19;25;33;1;15*38;9;18;12;31;20;32;35;37;26;17;11*8;22;3;7;16;23*4;14","6",""
2474,1024.5386,1020.5918,1256.8427,";;34;27;36;28;13*6;29;5;10;2*24;30;21;19;25;33;1;15*38;9;18;12;31;20;32;35;37;26;17;11*8;22;3;7;16;23*4;14","6",""
2475,1032.0822,1020.5918,1356.4304,";;34;27;36;28;13*6;29;5;10;2*24;30;21;19;25;33;1;15*38;9;18;12;31;20;32;35;37;26;17;11*8;22;3;7;16;23*4;14","6",""
2476,1050.701,1020.5918,1459.955,";;34;27;36;28;13*6;29;5;10;2*24;30;21;19;25;33;1;15*38;9;18;12;31;20;32;35;37;26;17;11*8;22;3;7;16;23*4;14","6",""
2477,1024.83,1020.5918,1216.0918,";;34;27;36;28;13*6;29;5;10;2*24;30;21;19;25;33;1;15*38;9;18;12;31;20;32;35;37;26;17;11*8;22;3;7;16;23*4;14","6",""
2478,1032.1633,1020.5918,1354.8743,";;34;27;36;28;13*6;29;5;10;2*24;30;21;19;25;33;1;15*38;9;18;12;31;20;32;35;37;26;17;11*8;22;3;7;16;23*4;14","6",""
2479,1041.0524,1020.5918,1322.3773,";;34;27;36;28;13*6;29;5;10;2*24;30;21;19;25;33;1;15*38;9;18;12;31;20;32;35;37;26;17;11*8;22;3;7;16;23*4;14","6",""
2480,1032.7672,1020.5918,1364.032,";;34;27;36;28;13*6;29;5;10;2*24;30;21;19;25;33;1;15*38;9;18;12;31;20;32;35;37;26;17;11*8;22;3;7;16;23*4;14","6",""
2481,1033.9686,1020.5918,1470.1567,";;34;27;36;28;13*6;29;5;10;2*24;30;21;19;25;33;1;15*38;9;18;12;31;20;32;35;37;26;17;11*8;22;3;7;16;23*4;14","6",""
2482,1036.0498,1020.5918,1336.5109,";;34;27;36;28;13*6;29;5;10;2*24;30;21;19;25;33;1;15*38;9;18;12;31;20;32;35;37;26;17;11*8;22;3;7;16;23*4;14","6",""
2483,1030.8733,1020.5918,1300.4014,";;34;27;36;28;13*6;29;5;10;2*24;30;21;19;25;33;1;15*38;9;18;12;31;20;32;35;37;26;17;11*8;22;3;7;16;23*4;14","6",""
2484,1035.2228,1020.5918,1517.7623,";;34;27;36;28;13*6;29;5;10;2*24;30;21;19;25;33;1;15*38;9;18;12;31;20;32;35;37;26;17;11*8;22;3;7;16;23*4;14","6",""
2485,1030.1061,1020.5918,1339.3326,";;34;27;36;28;13*6;29;5;10;2*24;30;21;19;25;33;1;15*38;9;18;12;31;20;32;35;37;26;17;11*8;22;3;7;16;23*4;14","6",""
2486,1027.0553,1020.5918,1302.7168,";;34;27;36;28;13*6;29;5;10;2*24;30;21;19;25;33;1;15*38;9;18;12;31;20;32;35;37;26;17;11*8;22;3;7;16;23*4;14","6",""
2487,1038.0524,1020.5918,1308.2539,";;34;27;36;28;13*6;29;5;10;2*24;30;21;19;25;33;1;15*38;9;18;12;31;20;32;35;37;26;17;11*8;22;3;7;16;23*4;14","6",""
2488,1035.4767,1020.5918,1385.8976,";;34;27;36;28;13*6;29;5;10;2*24;30;21;19;25;33;1;15*38;9;18;12;31;20;32;35;37;26;17;11*8;22;3;7;16;23*4;14","6",""
2489,1032.272,1020.5918,1502.5903,";;34;27;36;28;13*6;29;5;10;2*24;30;21;19;25;33;1;15*38;9;18;12;31;20;32;35;37;26;17;11*8;22;3;7;16;23*4;14","6",""
2490,1025.1588,1020.5918,1250.7859,";;34;27;36;28;13*6;29;5;10;2*24;30;21;19;25;33;1;15*38;9;18;12;31;20;32;35;37;26;17;11*8;22;3;7;16;23*4;14","6",""
2491,1028.5592,1020.5918,1290.6088,";;34;27;36;28;13*6;29;5;10;2*24;30;21;19;25;33;1;15*38;9;18;12;31;20;32;35;37;26;17;11*8;22;3;7;16;23*4;14","6",""
2492,1028.4595,1020.5918,1303.4722,";;34;27;36;28;13*6;29;5;10;2*24;30;21;19;25;33;1;15*38;9;18;12;31;20;32;35;37;26;17;11*8;22;3;7;16;23*4;14","6",""
2493,1033.4116,1020.5918,1348.4991,";;34;27;36;28;13*6;29;5;10;2*24;30;21;19;25;33;1;15*38;9;18;12;31;20;32;35;37;26;17;11*8;22;3;7;16;23*4;14","6",""
2494,1031.782,1020.5918,1302.9752,";;34;27;36;28;13*6;29;5;10;2*24;30;21;19;25;33;1;15*38;9;18;12;31;20;32;35;37;26;17;11*8;22;3;7;16;23*4;14","6",""
2495,1023.2262,1020.5918,1198.2627,";;34;27;36;28;13*6;29;5;10;2*24;30;21;19;25;33;1;15*38;9;18;12;31;20;32;35;37;26;17;11*8;22;3;7;16;23*4;14","6",""
2496,1041.6313,1020.5918,1385.8976,";;34;27;36;28;13*6;29;5;10;2*24;30;21;19;25;33;1;15*38;9;18;12;31;20;32;35;37;26;17;11*8;23;3;7;16;22*4;14","6",""
2497,1039.0077,1020.5918,1356.4304,";;34;27;36;28;13*6;29;5;10;2*24;30;21;19;25;33;1;15*38;9;18;12;31;20;32;35;37;26;17;11*8;22;3;7;16;23*4;14","6",""
2498,1030.2922,1020.5918,1333.3468,";;34;27;36;28;13*6;29;5;10;2*24;30;21;19;25;33;1;15*38;9;18;12;31;20;32;35;37;26;17;11*8;22;3;7;16;23*4;14","6",""
2499,1026.3972,1020.5918,1362.8103,";;34;27;36;28;13*6;29;5;10;2*24;30;21;19;25;33;1;15*38;9;18;12;31;20;32;35;37;26;17;11*8;22;3;7;16;23*4;14","6",""
2500,1034.3868,1020.5918,1359.4012,";;34;27;36;28;13*6;29;5;10;2*24;30;21;19;25;33;1;15*38;9;18;12;31;20;32;35;37;26;17;11*8;22;3;7;16;23*4;14","6",""
2501,1032.0933,1020.5918,1532.9471,";;34;27;36;28;13*6;29;5;10;2*24;30;21;19;25;33;1;15*38;9;18;12;31;20;32;35;37;26;17;11*8;22;3;7;16;23*4;14","6",""
2502,1027.5873,1020.5918,1238.7937,";;34;27;36;28;13*6;29;5;10;2*24;30;21;19;25;33;1;15*38;9;18;12;31;20;32;35;37;26;17;11*8;22;3;7;16;23*4;14","6",""
2503,1034.7759,1020.5918,1330.8927,";;34;27;36;28;13*6;29;5;10;2*24;30;21;19;25;33;1;15*38;9;18;12;31;20;32;35;37;26;17;11*8;22;3;7;16;23*4;14","6",""
2504,1031.1617,1020.5918,1457.1022,";;34;27;36;28;13*6;29;5;10;2*24;30;21;19;25;33;1;15*38;9;18;12;31;20;32;35;37;26;17;11*8;22;3;7;16;23*4;14","6",""
2505,1038.8544,1020.5918,1424.65,";;34;27;36;28;13*6;29;5;10;2*24;30;21;19;25;33;1;15*38;9;18;12;31;20;32;35;37;26;17;11*8;22;3;7;16;23*4;14","6",""
2506,1024.6812,1020.5918,1111.3889,";;34;27;36;28;13*6;29;5;10;2*24;30;21;19;25;33;1;15*38;9;18;12;31;20;32;35;37;26;17;11*8;22;3;7;16;23*4;14","6",""
2507,1027.2264,1020.5918,1303.99,";;34;27;36;28;13*6;29;5;10;2*24;30;21;19;25;33;1;15*38;9;18;12;31;20;32;35;37;26;17;11*8;22;3;7;16;23*4;14","6",""
2508,1022.5898,1020.5918,1220.2596,";;34;27;36;28;13*6;29;5;10;2*24;30;21;19;25;33;1;15*38;9;18;12;31;20;32;35;37;26;17;11*8;22;3;7;16;23*4;14","6",""
2509,1027.9479,1020.5918,1175.4397,";;34;27;36;28;13*6;29;5;10;2*24;30;21;19;25;33;1;15*38;9;18;12;31;20;32;35;37;26;17;11*8;22;3;7;16;23*4;14","6",""
2510,1037.2063,1020.5918,1354.8743,";;34;27;36;28;13*6;29;5;10;2*24;30;21;19;25;33;1;15*38;9;18;12;31;20;32;35;37;26;17;11*8;22;3;7;16;23*4;14","6",""
2511,1033.4354,1020.5918,1256.2494,";;34;27;36;28;13*6;29;5;10;2*24;30;21;19;25;33;1;15*38;9;18;12;31;20;32;35;37;26;17;11*8;22;3;7;16;23*4;14","6",""
2512,1035.7916,1020.5918,1428.5973,";;34;27;36;28;13*6;29;5;10;2*24;30;21;19;25;33;1;15*38;9;18;12;31;20;32;35;37;26;17;11*8;22;3;7;16;23*4;14","6",""
2513,1035.3453,1020.5918,1428.5973,";;34;27;36;28;13*6;29;5;10;2*24;30;21;19;25;33;1;15*38;9;18;12;31;20;32;35;37;26;17;11*8;22;3;7;16;23*4;14","6",""
2514,1035.8019,1020.5918,1354.9662,";;34;27;36;28;13*6;29;5;10;2*24;30;21;19;25;33;1;15*38;9;18;12;31;20;32;35;37;26;17;11*8;22;3;7;16;23*4;14","6",""
2515,1034.1123,1020.5918,1345.5726,";;34;27;36;28;13*6;29;5;10;2*24;30;21;19;25;33;1;15*38;9;18;12;31;20;32;35;37;26;17;11*8;22;3;7;16;23*4;14","6",""
2516,1040.6558,1020.5918,1457.1022,";;34;27;36;28;13*6;29;5;10;2*24;30;21;19;25;33;1;15*38;9;18;12;31;20;32;35;37;26;17;11*8;22;3;7;16;23*4;14","6",""
2517,1028.9916,1020.5918,1302.583,";;34;27;36;28;13*6;29;5;10;2*24;30;21;19;25;33;1;15*38;9;18;12;31;20;32;35;37;26;17;11*8;22;3;7;16;23*4;14","6",""
2518,1033.1093,1020.5918,1310.9518,";;34;27;36;28;13*6;29;5;10;2*24;30;21;19;25;33;1;15*38;9;18;12;31;20;32;35;37;26;17;11*8;22;3;7;16;23*4;14","6",""
2519,1030.7208,1020.5918,1433.3711,";;34;27;36;28;13*6;29;5;10;2*24;30;21;19;25;33;1;15*38;9;18;12;31;20;32;35;37;26;17;11*8;22;3;7;16;23*4;14","6",""
2520,1031.5315,1020.5918,1310.0903,";;34;27;36;28;13*6;29;5;10;2*24;30;21;19;25;33;1;15*38;9;18;12;31;20;32;35;37;26;17;11*8;22;3;7;16;23*4;14","6",""
2521,1026.0278,1020.5918,1240.1304,";;34;27;36;28;13*6;29;5;10;2*24;30;21;19;25;33;1;15*38;9;18;12;31;20;32;35;37;26;17;11*8;22;3;7;16;23*4;14","6",""
2522,1031.5575,1020.5918,1214.1052,";;34;27;36;28;13*6;29;5;10;2*24;30;21;19;25;33;1;15*38;9;18;12;31;20;32;35;37;26;17;11*8;22;3;7;16;23*4;14","6",""
2523,1029.971,1020.5918,1389.781,";;34;27;36;28;13*6;29;5;10;2*24;30;21;19;25;33;1;15*38;9;18;12;31;20;32;35;37;26;17;11*8;22;3;7;16;23*4;14","6",""
2524,1026.7516,1020.5918,1332.3151,";;34;27;36;28;13*6;29;5;10;2*24;30;21;19;25;33;1;15*38;9;18;12;31;20;32;35;37;26;17;11*8;22;3;7;16;23*4;14","6",""
2525,1040.2081,1020.5918,1558.8986,";;34;27;36;28;13*6;29;5;10;2*24;30;21;19;25;33;1;15*38;9;18;12;31;20;32;35;37;26;17;11*8;22;3;7;16;23*4;14","6",""
2526,1029.2208,1020.5918,1262.5793,";;34;27;36;28;13*6;29;5;10;2*24;30;21;19;25;33;1;15*38;9;18;12;31;20;32;35;37;26;17;11*8;22;3;7;16;23*4;14","6",""
2527,1028.9783,1020.5918,1254.6058,";;34;27;36;28;13*6;29;5;10;2*24;30;21;19;25;33;1;15*38;9;18;12;31;20;32;35;37;26;17;11*8;22;3;7;16;23*4;14","6",""
2528,1043.7103,1020.5918,1424.7485,";;34;27;36;28;13*6;29;5;10;2*24;30;21;19;25;33;1;15*38;9;18;12;31;20;32;35;37;26;17;11*8;22;3;7;16;23*4;14","6",""
2529,1039.5172,1020.5918,1532.9471,";;34;27;36;28;13*6;29;5;10;2*24;30;21;19;25;33;1;15*38;9;18;12;31;20;32;35;37;26;17;11*8;22;3;7;16;23*4;14","6",""
2530,1030.5471,1020.5918,1253.0612,";;34;27;36;28;13*6;29;5;10;2*24;30;21;19;25;33;1;15*38;9;18;12;31;20;32;35;37;26;17;11*8;22;3;7;16;23*4;14","6",""
2531,1035.8423,1020.5918,1405.9576,";;34;27;36;28;13*6;29;5;10;2*24;30;21;19;25;33;1;15*38;9;18;12;31;20;32;35;37;26;17;11*8;22;3;7;16;23*4;14","6",""
2532,1035.2694,1020.5918,1480.5986,";;34;27;36;28;13*6;29;5;10;2*24;30;21;19;25;33;1;15*38;9;18;12;31;20;32;35;37;26;17;11*8;22;3;7;16;23*4;14","6",""
2533,1029.7933,1020.5918,1362.8103,";;34;27;36;28;13*6;29;5;10;2*24;30;21;19;25;33;1;15*38;9;18;12;31;20;32;35;37;26;17;11*8;22;3;7;16;23*4;14","6",""
2534,1032.4938,1020.5918,1385.8976,";;34;27;36;28;13*6;29;5;10;2*24;30;21;19;25;33;1;15*38;9;18;12;31;20;32;35;37;26;17;11*8;22;3;7;16;23*4;14","6",""
2535,1029.183,1020.5918,1446.2714,";;34;27;36;28;13*6;29;5;10;2*24;30;21;19;25;33;1;15*38;9;14;12;31;20;32;35;37;26;17;11;8*22;3;7;16;23;4;18","5",""
2536,1032.451,1020.5918,1230.6833,";;34;27;36;28;13*6;29;5;10;2*24;30;21;19;25;33;1;15*38;9;18;12;31;20;32;35;37;26;17;11*8;22;3;7;16;23*4;14","6",""
2537,1046.184,1020.5918,1498.0114,";;34;27;36;28;13*6;29;5;10;2*24;30;21;19;25;33;1;15*38;9;18;12;31;20;32;35;37;26;17;11*8;22;3;7;16;23*4;14","6",""
2538,1031.1644,1020.5918,1293.3307,";;34;27;36;28;13*6;29;5;10;2*24;30;21;19;25;33;1;15*38;9;18;12;31;20;32;35;37;26;17;11*8;22;3;7;16;23*4;14","6",""
2539,1028.5114,1020.5918,1377.7028,";;34;27;36;28;13*6;29;5;10;2*24;30;21;19;25;33;1;15*38;9;18;12;31;20;32;35;37;26;17;11*8;22;3;7;16;23*4;14","6",""
2540,1025.4653,1020.5918,1200.2137,";;34;27;36;28;13*6;29;5;10;2*24;30;21;19;25;33;1;15*38;9;18;12;31;20;32;35;37;26;17;11*8;22;3;7;16;23*4;14","6",""
2541,1030.8241,1020.5918,1241.3766,";;34;27;36;28;13*6;29;5;10;2*24;30;21;19;25;33;1;15*38;9;18;12;31;20;32;35;37;26;17;11*8;22;3;7;16;23*4;14","6",""
2542,1035.7225,1020.5918,1375.7261,";;34;27;36;28;13*6;29;5;10;2*24;30;21;19;25;33;1;15*38;9;18;12;31;20;32;35;37;26;17;11*8;22;3;7;16;23*4;14","6",""
2543,1031.3527,1020.5918,1325.1952,";;34;27;36;28;13*6;29;5;10;2*24;30;21;19;25;33;1;15*38;9;18;12;31;20;32;35;37;26;17;11*8;22;3;7;16;23*4;14","6",""
2544,1031.3838,1020.5918,1293.3307,";;34;27;36;28;13*6;29;5;10;2*24;30;21;19;25;33;1;15*38;9;18;12;31;20;32;35;37;26;17;11*8;22;3;7;16;23*4;14","6",""
2545,1031.9728,1020.5918,1350.077,";;34;27;36;28;13*6;29;5;10;2*24;30;21;19;25;33;1;15*38;9;18;12;31;20;32;35;37;26;17;11*8;22;3;7;16;23*4;14","6",""
2546,1033.4152,1020.5918,1459.955,";;34;27;36;28;13*6;29;5;10;2*24;30;21;19;25;33;1;15*38;9;18;12;31;20;32;35;37;26;17;11*8;22;3;7;16;23*4;14","6",""
2547,1026.6099,1020.5918,1217.5327,";;34;27;36;28;13*6;29;5;10;2*24;30;21;19;25;33;1;15*38;9;18;12;31;20;32;35;37;26;17;11*8;22;3;7;16;23*4;14","6",""
2548,1025.1932,1020.5918,1480.5986,";;34;27;36;28;13*6;29;5;10;2*24;30;21;19;25;33;1;15*38;9;18;12;31;20;32;35;37;26;17;11*8;22;3;7;16;23*4;14","6",""
2549,1030.0802,1020.5918,1311.4447,";;34;27;36;28;13*6;29;5;10;2*24;30;21;19;25;33;1;15*38;9;18;12;31;20;32;35;37;26;17;11*8;22;3;7;16;23*4;14","6",""
2550,1033.5713,1020.5918,1372.3531,";;34;27;36;28;13*6;29;5;10;2*24;30;21;19;25;33;1;15*38;9;18;12;31;20;32;35;37;26;17;11*8;22;3;7;16;23*4;14","6",""
2551,1026.7451,1020.5918,1299.8898,";;34;27;36;28;13*6;29;5;10;2*24;30;21;19;25;33;1;15*38;9;18;12;31;20;32;35;37;26;17;11*8;22;3;7;16;23*4;14","6",""
2552,1027.8922,1020.5918,1423.3231,";;34;27;36;28;13*6;29;5;10;2*24;30;21;19;25;33;1;15*38;9;18;12;31;20;32;35;37;26;17;11*8;22;3;7;16;23*4;14","6",""
2553,1041.8943,1020.5918,1494.8442,";;34;27;36;28;13*6;29;5;10;2*24;30;21;19;25;33;1;15*38;9;18;12;31;20;32;35;37;26;17;11*8;22;3;7;16;23*4;14","6",""
2554,1028.3344,1020.5918,1395.433,";;34;27;36;28;13*6;29;5;10;2*24;30;21;19;25;33;1;15*38;9;18;12;31;20;32;35;37;26;17;11*8;22;3;7;16;23*4;14","6",""
2555,1026.4767,1020.5918,1325.1952,";;34;27;36;28;13*6;29;5;10;2*24;30;21;19;25;33;1;15*38;9;18;12;31;20;32;35;37;26;17;11*8;22;3;7;16;23*4;14","6",""
2556,1029.9203,1020.5918,1359.4012,";;34;27;36;28;13*6;29;5;10;2*24;30;21;19;25;33;1;15*38;9;18;12;31;20;32;35;37;26;17;11*8;22;3;7;16;23*4;14","6",""
2557,1038.8353,1020.5918,1475.9393,";;34;27;36;28;13*6;29;5;10;2*24;30;21;19;25;33;1;15*38;9;18;12;31;20;32;35;37;26;17;11*8;22;3;7;16;23*4;14","6",""
2558,1042.9077,1020.5918,1383.7654,";;34;27;36;28;13*6;29;5;10;2*24;30;21;19;25;33;1;15*38;9;18;12;31;20;32;35;37;26;17;11*8;22;3;7;16;23*4;14","6",""
2559,1027.1338,1020.5918,1190.5226,";;34;27;36;28;13*6;29;5;10;2*24;30;21;19;25;33;1;15*38;9;18;12;31;20;32;35;37;26;17;11*8;22;3;7;16;23*4;14","6",""
2560,1026.094,1020.5918,1335.024,";;34;27;36;28;13*6;29;5;10;2*24;30;21;19;25;33;1;15*38;9;18;12;31;20;32;35;37;26;17;11*8;22;3;7;16;23*4;14","6",""
2561,1030.6444,1020.5918,1311.0402,";;34;27;36;28;13*6;29;5;10;2*24;30;21;19;25;33;1;15*38;9;18;12;31;20;32;35;37;26;17;11*8;22;3;7;16;23*4;14","6",""
2562,1034.576,1020.5918,1291.0055,";;34;27;36;28;13*6;29;5;10;2*24;30;21;19;25;33;1;15*38;9;18;12;31;20;32;35;37;26;17;11*8;22;3;7;16;23*4;14","6",""
2563,1037.5222,1020.5918,1470.1567,";;34;27;36;28;13*6;29;5;10;2*24;30;21;19;25;33;1;15*38;9;18;12;31;20;32;35;37;26;17;11*8;22;3;7;16;23*4;14","6",""
2564,1030.6946,1020.5918,1226.4329,";;34;27;36;28;13*6;29;5;10;2*24;30;21;19;25;33;1;15*38;9;18;12;31;20;32;35;37;26;17;11*8;22;3;7;16;23*4;14","6",""
2565,1034.819,1020.5918,1271.4508,";;34;27;18;28;13;6*29;5;10;2;24;30;21*19;25;33;1;15;38;9*36;12;31;20;32;35;37;26;17;11*8;22;3;7;16;23*4;14","6",""
2566,1035.6859,1020.5918,1310.6451,";;34;27;36;28;13*6;29;5;10;2*24;30;21;19;25;33;1;15*38;9;18;12;31;20;32;35;37;26;17;11*8;22;3;7;16;23*4;14","6",""
2567,1039.6514,1020.5918,1336.0214,";;34;27;36;28;13*6;29;5;10;2*24;30;21;19;25;33;1;15*38;9;18;12;31;20;32;35;37;26;17;11*8;22;3;7;16;23*4;14","6",""
2568,1030.4133,1020.5918,1428.5973,";;34;27;36;28;13*6;29;5;10;2*24;30;21;19;25;33;1;15*38;9;18;12;31;20;32;35;37;26;17;11*8;22;3;7;16;23*4;14","6",""
2569,1024.412,1020.5918,1140.649,";;34;27;36;28;13*6;29;5;10;2*24;30;21;19;25;33;1;15*38;9;18;12;31;20;32;35;37;26;17;11*8;22;3;7;16;23*4;14","6",""
2570,1028.938,1020.5918,1396.0105,";;34;27;36;28;13*6;29;5;10;2*24;30;21;19;25;33;1;15*38;9;18;12;31;20;32;35;37;26;17;11*8;22;3;7;16;23*4;14","6",""
2571,1042.9297,1020.5918,1401.6146,";;34;27;36;28;13*6;29;5;10;2*24;30;21;19;25;33;1;15*38;9;18;12;31;20;32;35;37;26;17;11*8;22;3;7;16;23*4;14","6",""
2572,1042.0038,1020.5918,1356.5955,";;34;27;36;28;13*6;29;5;10;2*24;30;21;19;25;33;1;15*38;9;18;12;31;20;32;35;37;26;17;11*8;22;3;7;16;23*4;14","6",""
2573,1032.9473,1020.5918,1271.1787,";;34;27;36;28;13*6;29;5;10;2*24;30;21;19;25;33;1;15*38;9;18;12;31;20;32;35;37;26;17;11*8;22;3;7;16;23*4;14","6",""
2574,1039.4336,1020.5918,1330.5443,";;34;27;36;28;13*6;29;5;10;2*24;30;21;19;25;33;1;15*38;9;18;12;31;20;32;35;37;26;17;11*8;22;3;7;16;23*4;14","6",""
2575,1027.1357,1020.5918,1405.2947,";;34;27;36;28;13*6;29;5;10;2*24;30;21;19;25;33;1;15*38;9;18;12;31;20;32;35;37;26;17;11*8;22;3;7;16;23*4;14","6",""
2576,1048.8964,1020.5918,1503.8555,";;34;27;36;28;13*6;29;5;10;2*24;30;21;19;25;33;1;15*38;9;18;12;31;20;32;35;37;26;17;11*8;22;3;7;16;23*4;14","6",""
2577,1039.5051,1020.5918,1310.9518,";;34;27;36;28;13*6;29;5;10;2*24;30;21;19;25;33;1;15*38;9;18;12;31;20;32;35;37;26;17;11*8;22;3;7;16;23*4;14","6",""
2578,1026.3146,1020.5918,1354.9662,";;34;27;36;28;13*6;29;5;10;2*24;30;21;19;25;33;1;15*38;9;18;12;31;20;32;35;37;26;17;11*8;22;3;7;16;23*4;14","6",""
2579,1030.0841,1020.5918,1310.6451,";;34;27;36;28;13*6;29;5;10;2*24;30;21;19;25;33;1;15*38;9;18;8;31;20;32;35;37;26;17;11*12;22;3;7;16;23;4;14","5",""
2580,1037.4313,1020.5918,1446.2714,";;34;27;36;28;13*6;29;5;10;2*24;30;21;19;25;33;1;15*38;9;18;12;31;20;32;35;37;26;17;11*8;22;3;7;16;23*4;14","6",""
2581,1033.2996,1020.5918,1303.7892,";;34;27;36;28;13*6;29;5;10;2*24;30;21;19;25;33;1;15*38;9;18;12;31;20;32;35;37;26;17;11*8;22;3;7;16;23*4;14","6",""
2582,1034.1893,1020.5918,1291.7983,";;34;27;36;28;13*6;29;5;10;2*24;30;21;19;25;33;1;15*38;9;18;12;31;20;32;35;37;26;17;11*8;22;3;7;16;23*4;14","6",""
2583,1024.5972,1020.5918,1271.1787,";;34;27;36;28;13*6;29;5;10;2*24;30;21;19;25;33;1;15*38;9;18;12;31;20;32;35;37;26;17;11*8;22;3;7;16;23*4;14","6",""
2584,1024.5936,1020.5918,1254.9652,";;34;27;36;28;13*6;29;5;10;2*24;30;21;19;25;33;1;15*38;9;18;12;31;20;32;35;37;26;17;11*8;22;3;7;16;23*4;14","6",""
2585,1031.3926,1020.5918,1423.3231,";;34;27;36;28;13*6;29;5;10;2*24;30;21;19;25;33;1;15*38;9;18;12;31;20;32;35;37;26;17;11*8;22;3;7;16;23*4;14","6",""
2586,1041.5851,1020.5918,1470.1567,";;34;27;36;28;13*6;29;5;10;2*24;30;21;19;25;33;1;15*38;9;18;12;31;20;32;35;37;26;17;11*8;22;3;7;16;23*4;14","6",""
2587,1033.5264,1020.5918,1349.9656,";;34;27;36;28;13*6;29;5;10;2*24;30;21;19;25;33;1;15*38;9;18;12;31;20;32;35;37;26;17;11*8;22;3;7;16;23*4;14","6",""
2588,1036.1093,1020.5918,1331.1182,";;34;27;36;28;13*6;29;5;10;2*24;30;21;19;25;33;1;15*38;9;18;12;31;20;32;35;37;26;17;11*8;22;3;7;16;23*4;14","6",""
2589,1040.2449,1020.5918,1480.5986,";;34;27;36;28;13*6;29;5;10;2*24;30;21;19;25;33;1;15*38;9;18;12;31;20;32;35;37;26;17;11*8;22;3;7;16;23*4;14","6",""
2590,1027.107,1020.5918,1238.7937,";;34;27;36;28;13*6;29;5;10;2*24;30;21;19;25;33;1;15*38;9;18;12;31;20;32;35;37;26;17;11*8;22;3;7;16;23*4;14","6",""
2591,1034.5931,1020.5918,1339.3326,";;34;27;36;28;13*6;29;5;10;2*24;30;21;19;25;33;1;15*38;9;18;12;31;20;32;35;37;26;17;11*8;22;3;7;16;23*4;14","6",""
2592,1048.5148,1020.5918,1532.9471,";;34;27;36;28;13*6;29;5;10;2*24;30;21;19;25;33;1;15*38;9;18;12;31;20;32;35;37;26;17;11*8;22;3;7;16;23*4;14","6",""
2593,1047.0227,1020.5918,1288.7772,";;34;27;36;28;13*6;29;5;10;2*24;30;21;19;25;33;1;15*38;9;18;12;31;20;32;35;37;26;17;11*8;22;3;7;16;23*4;14","6",""
2594,1029.3079,1020.5918,1339.3326,";;34;27;36;28;13*6;29;5;10;2*24;30;21;19;25;33;1;15*38;9;18;12;31;20;32;35;37;26;17;11*8;22;3;7;16;23*4;14","6",""
2595,1035.1339,1020.5918,1264.8535,";;34;27;36;28;13*6;29;5;10;2*24;30;21;19;25;33;1;15*38;9;18;12;31;20;32;35;37;26;17;11*8;22;3;7;16;23*4;14","6",""
2596,1028.0879,1020.5918,1320.574,";;34;27;36;28;13*6;29;5;10;2*24;30;21;19;25;33;1;15*38;9;18;12;31;20;32;35;37;26;17;11*8;22;3;7;16;23*4;14","6",""
2597,1032.9161,1020.5918,1424.65,";;34;27;36;28;13*6;29;5;10;2*24;30;21;19;25;33;1;15*38;9;18;12;31;20;32;35;37;26;17;11*8;22;3;7;16;23*4;14","6",""
2598,1021.63904,1020.5918,1125.1907,";;34;27;36;28;13*6;29;5;10;2*24;30;21;19;25;33;1;15*38;9;18;12;31;20;32;35;37;26;17;11*8;22;3;7;16;23*4;14","6",""
2599,1040.172,1020.5918,1293.4427,";;34;27;36;28;13*6;29;5;10;2*24;30;21;19;25;33;1;15*38;9;18;12;31;20;32;35;37;26;17;11*8;22;3;7;16;23*4;14","6",""
2600,1034.9185,1020.5918,1367.0538,";;34;27;36;28;13*6;29;5;10;2*24;30;21;19;25;8;1;15*38;9;18;12;31;20;32;35;37;26;17;11;33*22;3;7;16;23;4;14","5",""
2601,1030.033,1020.5918,1364.8477,";;34;27;36;28;13*6;29;5;10;2*24;30;21;19;25;33;1;15*38;9;18;12;31;20;32;35;37;26;17;11*8;22;3;7;16;23*4;14","6",""
2602,1042.4432,1020.5918,1382.9403,";;34;27;36;28;13*6;29;5;10;2*24;30;21;19;25;33;1;15*38;9;18;12;31;20;32;35;37;26;17;11*8;22;3;7;16;23*4;14","6",""
2603,1027.6798,1020.5918,1232.8586,";;34;27;36;28;13*6;29;5;10;2*24;30;21;19;25;33;1;15*38;9;18;12;31;20;32;35;37;26;17;11*8;22;3;7;16;23*4;14","6",""
2604,1033.6171,1020.5918,1325.6384,";;34;27;36;28;13*6;29;5;10;2*24;30;21;19;25;33;1;15*38;9;18;12;31;20;32;35;37;26;17;11*8;22;3;7;16;23*4;14","6",""
2605,1028.0781,1020.5918,1196.0271,";;34;27;36;28;13*6;29;5;10;2*24;30;21;19;25;33;1;15*38;9;18;12;31;20;32;35;37;26;17;11*8;22;3;7;16;23*4;14","6",""
2606,1032.7688,1020.5918,1354.8743,";;34;27;36;28;13*6;29;5;10;2*24;30;21;19;25;33;1;15*38;9;18;12;31;20;32;35;37;26;17;11*8;22;3;7;16;23*4;14","6",""
2607,1032.6938,1020.5918,1396.0105,";;34;27;36;28;13*6;29;5;10;2*24;30;21;19;25;33;1;15*38;9;18;12;31;20;32;35;37;26;17;11*8;22;3;7;16;23*4;14","6",""
2608,1033.4672,1020.5918,1302.9752,";;34;27;36;28;13*6;29;5;10;2*24;30;21;19;25;33;1;15*38;9;18;12;31;20;32;35;37;26;17;11*8;22;3;7;16;23*4;14","6",""
2609,1036.1118,1020.5918,1449.0023,";;34;27;36;28;13*6;29;5;10;2*24;30;21;19;25;33;1;15*38;9;18;12;31;20;32;35;37;26;17;11*8;22;3;7;16;23*4;14","6",""
2610,1029.8159,1020.5918,1302.1049,";;34;27;36;28;13*6;29;5;10;2*24;30;21;19;25;33;1;15*38;9;18;12;31;20;32;35;37;26;17;11*8;22;3;7;16;23*4;14","6",""
2611,1030.3052,1020.5918,1335.9728,";;34;27;36;28;13*6;29;5;10;2*24;30;21;19;25;33;1;15*38;9;18;12;31;20;32;35;37;26;17;11*8;22;3;7;16;23*4;14","6",""
2612,1033.6581,1020.5918,1405.2947,";;34;27;36;28;13*6;29;5;10;2*24;30;21;19;25;33;1;15*38;9;18;12;31;20;32;35;37;26;17;11*8;22;3;7;16;23*4;14","6",""
2613,1025.8849,1020.5918,1300.8292,";;34;27;36;28;13*6;29;5;10;2*24;30;21;19;25;33;1;15*38;9;18;12;31;20;32;35;37;26;17;11*8;22;3;7;16;23*4;14","6",""
2614,1038.2407,1020.5918,1494.8442,";;34;27;36;28;13*6;29;5;10;2*24;30;21;19;25;33;1;15*38;9;18;12;31;20;32;35;37;26;17;11*8;22;3;7;16;23*4;14","6",""
2615,1029.0103,1020.5918,1303.7892,";;34;27;36;28;13*6;29;5;10;2*24;30;21;19;25;33;1;15*38;9;18;12;31;20;32;35;37;26;17;11*8;22;3;7;16;23*4;14","6",""
2616,1026.1658,1020.5918,1289.2893,";;34;27;36;28;13*6;29;5;10;2*24;30;21;19;25;33;1;15*38;9;18;12;31;20;32;35;37;26;17;11*8;22;3;7;16;23*4;14","6",""
2617,1032.4657,1020.5918,1356.5955,";;34;27;36;28;13*6;29;5;10;2*24;30;21;19;25;33;1;15*38;9;18;12;31;20;32;35;37;26;17;11*8;22;3;7;16;23*4;14","6",""
2618,1021.0469,1020.5918,1065.9723,";;34;27;36;28;13*6;29;5;10;2*24;30;21;19;25;33;1;15*38;9;18;12;31;20;32;35;37;26;17;11*8;22;3;7;16;23*4;14","6",""
2619,1035.1895,1020.5918,1303.7892,";;34;27;36;28;13*6;29;5;10;2*24;30;21;19;25;33;1;15*38;9;18;12;31;20;32;35;37;26;17;11*8;22;3;7;16;23*4;14","6",""
2620,1030.4985,1020.5918,1246.707,";;34;27;36;28;13*6;29;5;10;2*24;30;21;19;25;33;1;15*38;9;18;12;31;32;20;35;37;26;17;11*8;22;3;7;16;23*4;14","6",""
2621,1032.4575,1020.5918,1330.8927,";;34;27;36;28;13*6;29;5;10;2*24;30;21;19;25;33;1;15*38;9;18;12;31;20;32;35;37;26;17;11*8;22;3;7;16;23*4;14","6",""
2622,1037.0667,1020.5918,1344.9128,";;34;27;36;28;13*6;29;5;10;2*24;30;21;19;25;33;1;15*38;9;18;12;31;20;32;35;37;26;17;11*8;22;3;7;16;23*4;14","6",""
2623,1028.1683,1020.5918,1230.4113,";;34;27;36;28;13*6;29;5;10;2*24;30;21;19;25;33;1;15*38;9;18;12;31;20;32;35;37;26;17;11*8;22;3;7;16;23*4;14","6",""
2624,1025.7611,1020.5918,1274.3292,";;34;27;36;28;13*6;29;5;10;2*24;30;21;19;25;33;1;15*38;9;18;12;31;20;32;35;37;26;17;11*8;22;3;7;16;23*4;14","6",""
2625,1045.3519,1020.5918,1389.781,";;34;27;36;28;13*6;29;5;10;2*24;30;21;19;25;33;1;15*38;9;18;12;31;20;32;35;37;26;17;11*8;22;3;7;16;23*4;14","6",""
2626,1027.2927,1020.5918,1309.2573,";;34;27;36;28;13*6;29;5;10;2*24;30;21;19;25;33;1;15*38;9;18;12;31;20;32;35;37;26;17;11*8;22;3;7;16;23*4;14","6",""
2627,1031.2041,1020.5918,1338.7946,";;34;27;36;28;13*6;29;5;10;2*24;30;21;19;25;33;1;15*38;9;18;12;31;20;32;35;37;26;17;11*8;22;3;7;16;23*4;14","6",""
2628,1032.993,1020.5918,1239.6458,";;34;27;36;28;13*6;29;5;10;2*24;30;21;19;25;33;1;15*38;9;18;12;31;20;32;35;37;26;17;11*8;22;3;7;16;23*4;14","6",""
2629,1035.8823,1020.5918,1405.2947,";;34;27;36;28;13*6;29;5;10;2*24;30;21;19;25;33;1;15*38;9;18;12;31;20;32;35;37;26;17;11*8;22;3;7;16;23*4;14","6",""
2630,1025.1088,1020.5918,1217.2898,";;34;27;36;28;13*6;29;5;10;2*24;30;21;19;25;33;1;15*38;9;18;12;31;20;32;35;37;26;17;11*8;22;3;7;16;23*4;14","6",""
2631,1029.3815,1020.5918,1371.4131,";;34;27;36;28;13*6;29;5;10;2*24;30;21;19;25;33;1;15*38;9;18;12;31;20;32;35;37;26;17;11*8;22;3;7;16;23*4;14","6",""
2632,1035.0912,1020.5918,1396.0105,";;34;27;36;28;13*6;29;5;10;2*24;30;21;19;25;33;1;15*38;9;18;12;31;20;32;35;37;26;17;11*8;22;3;7;16;23*4;14","6",""
2633,1028.6466,1020.5918,1294.682,";;34;27;36;28;13*6;29;5;10;2*24;30;21;19;25;33;1;15*38;9;18;12;31;20;32;35;37;26;17;11*8;22;3;7;16;23*4;14","6",""
2634,1022.53796,1020.5918,1172.7341,";;34;27;36;28;13*6;29;5;10;2*24;30;21;19;25;33;1;15*38;9;18;12;31;20;32;35;37;26;17;11*8;22;3;7;16;23*4;14","6",""
2635,1032.0839,1020.5918,1330.5443,";;34;27;36;28;13*6;29;5;10;2*24;30;21;19;25;33;1;15*38;9;18;12;31;20;32;35;37;26;17;11*8;22;3;7;16;23*4;14","6",""
2636,1032.9519,1020.5918,1384.2372,";;34;27;36;28;13*6;29;5;10;2*24;30;21;19;25;33;1;15*38;9;18;12;31;20;32;35;37;26;17;11*8;22;3;7;16;23*4;14","6",""
2637,1049.8009,1020.5918,1382.9403,";;34;27;36;28;13*6;29;5;10;2*24;30;21;19;25;33;1;15*38;9;18;12;31;20;32;35;37;26;17;11*8;22;3;7;16;23*4;14","6",""
2638,1036.2867,1020.5918,1398.321,";;34;27;36;28;13*6;29;5;10;2*24;30;21;19;25;33;1;15*38;9;18;12;31;20;32;35;37;26;17;11*8;22;3;7;16;23*4;14","6",""
2639,1043.4543,1020.5918,1503.8555,";;34;27;36;28;13*6;29;5;10;2*24;30;21;19;25;33;1;15*38;9;18;12;31;20;32;35;37;26;17;11*8;22;3;7;16;23*4;14","6",""
2640,1034.6143,1020.5918,1348.4095,";;34;27;36;28;13*6;29;5;10;2*24;30;21;19;25;33;1;15*38;9;18;12;31;20;32;35;37;26;17;11*8;22;3;7;16;23*4;14","6",""
2641,1030.9164,1020.5918,1503.8555,";;34;27;36;28;13*6;29;5;10;2*24;30;21;19;25;33;1;15*38;9;18;12;31;20;32;35;37;26;17;11*8;22;3;7;16;23*4;14","6",""
2642,1031.0485,1020.5918,1348.1278,";;34;27;36;28;13*6;29;5;10;2*24;30;21;19;25;33;1;15*38;9;18;12;31;20;32;35;37;26;17;11*8;22;3;7;16;23*4;14","6",""
2643,1028.9165,1020.5918,1234.9342,";;34;27;36;28;13*6;29;5;10;2*24;30;21;19;25;33;1;15*38;9;18;12;31;20;32;35;37;26;17;11*8;22;3;7;16;23*4;14","6",""
2644,1035.5264,1020.5918,1449.0023,";;34;27;36;28;13*6;29;5;10;2*24;30;21;19;25;33;1;15*38;9;18;12;31;20;32;35;37;26;17;11*8;22;3;7;16;23*4;14","6",""
2645,1044.7747,1020.5918,1423.3231,";;34;27;36;28;13*6;29;5;10;2*24;30;21;19;25;33;1;15*38;9;18;12;31;20;32;35;37;26;17;11*8;22;3;7;16;23*4;14","6",""
2646,1038.2122,1020.5918,1532.9471,";;34;27;36;28;13*6;29;5;10;2*24;30;21;19;25;33;1;15*38;9;18;12;31;20;32;35;37;26;17;11*8;22;3;7;16;23*4;14","6",""
2647,1034.9014,1020.5918,1336.5109,";;34;27;36;28;13*6;29;5;10;2*24;30;21;19;25;33;1;15*38;9;18;12;31;20;32;35;37;26;17;11*8;22;3;7;16;23*4;14","6",""
2648,1028.8843,1020.5918,1310.6451,";;34;27;36;28;13*6;29;5;10;2*24;30;21;19;25;33;1;15*38;9;18;12;31;20;32;35;37;26;17;11*8;22;3;7;16;23*4;14","6",""
2649,1024.0741,1020.5918,1261.8605,";;34;27;36;28;13*6;29;5;10;2*24;30;21;19;25;33;1;15*38;9;18;12;31;20;32;35;37;26;17;11*8;22;3;7;16;23*4;14","6",""
2650,1030.9153,1020.5918,1301.0452,";;34;27;36;28;13*6;29;5;10;2*24;30;21;19;25;33;1;15*38;9;18;12;31;20;32;35;37;26;17;11*8;22;3;7;16;23*4;14","6",""
2651,1047.5165,1020.5918,1348.1278,";;34;27;36;28;13*6;29;5;10;2*24;30;21;19;25;33;1;15*38;9;18;12;31;20;32;35;37;26;17;11*8;22;3;7;16;23*4;14","6",""
2652,1037.9705,1020.5918,1433.3711,";;34;27;36;28;13*6;29;5;10;2*24;30;21;19;25;33;1;15*38;9;18;12;31;20;32;35;37;26;17;11*8;22;3;7;16;23*4;14","6",""
2653,1029.4799,1020.5918,1367.0538,";;34;27;36;28;13*6;29;5;10;2*24;30;21;19;25;33;1;15*38;9;18;12;31;20;32;35;37;26;17;11*8;22;3;7;16;23*4;14","6",""
2654,1033.5177,1020.5918,1424.7485,";;34;27;36;28;13*6;29;15;10;2*24;30;21;19;25;33;1;5;38;9*18;12;31;20;32;35;37;26;17;11;8;22*3;7;16;23;4;14","5",""
2655,1038.9133,1020.5918,1354.2948,";;34;27;36;28;13*6;29;5;10;2*24;30;21;19;25;33;1;15*38;9;18;12;31;20;32;35;37;26;17;11*8;22;3;7;16;23*4;14","6",""
2656,1031.8356,1020.5918,1271.1787,";;34;27;36;28;13*6;29;5;10;2*24;30;21;19;25;33;1;15*38;9;18;12;31;20;32;35;37;26;17;11*8;22;3;7;16;23*4;14","6",""
2657,1031.7722,1020.5918,1457.1022,";;34;27;36;28;13*6;29;5;10;2*24;30;21;19;25;33;1;15*38;9;18;12;31;20;32;35;37;26;17;11*8;22;3;7;16;23*4;14","6",""
2658,1036.4558,1020.5918,1424.65,";;34;27;36;28;13*6;29;5;10;2*24;30;21;19;25;33;1;15*38;9;18;12;31;20;32;35;37;26;17;11*8;22;3;7;16;23*4;14","6",""
2659,1030.7781,1020.5918,1335.9728,";;34;27;36;28;13*6;29;5;10;2*24;30;21;19;25;33;1;15*38;9;18;12;31;20;32;35;37;26;17;11*8;22;3;7;16;23*4;14","6",""
2660,1032.9978,1020.5918,1326.5063,";;34;27;36;28;13*6;29;5;10;2*24;30;21;19;25;33;1;15*38;9;18;12;31;20;32;35;37;26;17;11*8;22;3;7;16;23*4;14","6",""
2661,1024.1866,1020.5918,1192.8516,";;34;27;36;28;13*6;29;5;10;2*24;30;21;19;25;33;1;15*38;9;18;12;31;20;32;35;37;26;17;11*8;22;3;7;16;23*4;14","6",""
2662,1024.4902,1020.5918,1371.4131,";;34;27;36;28;13*6;29;5;10;2*24;30;21;19;25;33;1;15*38;9;18;12;31;20;32;35;37;26;17;11*8;22;3;7;16;23*4;14","6",""
2663,1036.4789,1020.5918,1375.7261,";;34;27;36;28;13*6;29;5;10;2*24;30;21;19;25;33;1;15*38;9;18;12;31;20;32;35;37;26;17;11*8;22;3;7;16;23*4;14","6",""
2664,1033.1036,1020.5918,1347.9147,";;34;27;36;28;13*6;29;5;10;2*24;30;21;19;25;33;1;15*38;9;18;12;31;20;32;35;37;26;17;11*8;22;3;7;16;23*4;14","6",""
2665,1036.4257,1020.5918,1335.9728,";;34;27;36;28;13*6;29;5;10;2*24;30;21;19;25;33;1;15*38;9;18;12;31;20;32;35;37;26;17;11*8;22;3;7;16;23*4;14","6",""
2666,1042.1039,1020.5918,1502.5903,";;34;27;36;28;13*6;29;5;10;2*24;30;21;19;25;33;1;15*38;9;18;12;31;20;32;35;37;26;17;11*8;22;3;7;16;23*4;14","6",""
2667,1035.5719,1020.5918,1385.8976,";;34;27;36;28;13*6;29;5;10;2*24;30;21;19;25;33;1;15*38;9;18;12;31;20;32;35;37;26;17;11*8;22;3;7;16;23*4;14","6",""
2668,1027.2166,1020.5918,1201.3064,";;34;27;36;28;13*6;29;5;10;2*24;30;21;19;25;33;1;15*38;9;18;12;31;20;32;35;37;26;17;11*8;22;3;7;16;23*4;14","6",""
2669,1038.7754,1020.5918,1245.4744,";;34;27;36;28;13*6;29;5;10;2*24;30;21;19;25;33;1;15*38;9;18;12;31;20;32;35;37;26;17;11*8;22;3;7;16;23*4;14","6",""
2670,1030.2457,1020.5918,1502.5903,";;34;27;36;28;13*6;29;5;10;2*24;30;21;19;25;33;1;15*38;9;18;12;31;20;32;35;37;26;17;11*8;22;3;7;16;23*4;14","6",""
2671,1041.699,1020.5918,1310.6451,";;34;27;36;28;13*6;29;5;10;2*24;30;21;19;25;33;1;15*38;9;18;12;31;20;32;35;37;26;17;11*8;22;3;7;16;23*4;14","6",""
2672,1036.6761,1020.5918,1502.5903,";;34;27;36;28;13*6;29;5;10;2*24;30;21;19;25;33;1;15*38;9;18;12;31;20;32;35;37;26;17;11*8;22;3;7;16;23*4;14","6",""
2673,1041.79,1020.5918,1398.321,";;34;27;36;28;13*6;29;5;10;2*24;30;21;19;25;33;1;15*38;9;18;12;31;20;32;35;37;26;17;11*8;22;3;7;16;23*4;14","6",""
2674,1027.9119,1020.5918,1291.0055,";;34;27;36;28;13*6;29;5;10;2*24;30;21;19;25;33;1;15*38;9;18;12;31;20;32;35;37;26;17;11*8;22;3;7;16;23*4;14","6",""
2675,1035.9764,1020.5918,1310.6451,";;34;27;36;28;13*6;29;5;10;2*24;30;21;19;25;33;1;15*38;9;18;12;31;20;32;35;37;26;17;11*8;22;3;7;16;23*4;14","6",""
2676,1035.5723,1020.5918,1336.5109,";;34;27;36;28;13*6;29;5;10;2*24;30;21;19;25;33;1;15*38;9;18;12;31;20;32;35;37;26;17;11*8;22;3;7;16;23*4;14","6",""
2677,1024.4374,1020.5918,1224.212,";;34;27;36;28;13*6;29;5;10;2*24;30;21;19;25;33;1;15*38;9;18;12;31;20;32;35;37;26;17;11*8;22;3;7;16;23*4;14","6",""
2678,1032.0018,1020.5918,1326.5063,";;34;27;36;28;13*6;29;5;10;2*24;30;21;19;25;33;1;15*38;9;18;12;31;20;32;35;37;26;17;11*8;22;3;7;16;23*4;14","6",""
2679,1033.5168,1020.5918,1367.0538,";;34;27;36;28;13*6;29;5;10;2*24;30;21;19;25;33;1;15*38;9;18;12;31;20;32;35;37;26;17;11*8;22;3;7;16;23*4;14","6",""
2680,1044.4633,1020.5918,1347.9147,";;34;27;36;28;13*6;29;5;10;2*24;30;21;19;25;33;1;15*38;9;18;12;31;20;32;35;37;26;17;11*8;22;3;7;16;23*4;14","6",""
2681,1032.9094,1020.5918,1344.9128,";;34;27;36;28;13*6;29;5;10;2*24;30;21;19;25;33;1;15*38;9;18;12;31;20;32;35;37;26;17;11*8;22;3;7;16;23*4;14","6",""
2682,1030.3422,1020.5918,1457.1022,";;34;27;36;28;13*6;29;5;10;2*24;30;21;19;25;33;1;15*38;9;18;12;31;20;32;35;37;26;17;11*8;22;3;7;16;23*4;14","6",""
2683,1027.0444,1020.5918,1325.1952,";;34;27;36;28;13*6;29;5;10;2*24;30;21;19;25;33;1;15*38;9;18;12;31;20;8;35;37;26;17;11*32;22;3;7;16;23;4;14","5",""
2684,1035.4329,1020.5918,1351.1144,";;34;27;36;28;13*6;29;5;10;2*24;30;21;19;25;33;1;15*38;9;18;12;31;20;32;35;37;26;17;11*8;22;3;7;16;23*4;14","6",""
2685,1030.7377,1020.5918,1297.8777,";;34;27;36;28;13*6;29;5;10;2*24;30;21;19;25;33;1;15*38;9;18;12;31;20;32;35;37;26;17;11*8;22;3;7;16;23*4;14","6",""
2686,1030.5101,1020.5918,1324.988,";;34;27;36;28;13*6;29;5;10;2*24;30;21;19;25;33;1;15*38;9;18;12;31;20;32;35;37;26;17;11*8;22;3;7;16;23*4;14","6",""
2687,1032.1974,1020.5918,1303.7892,";;34;27;36;28;13*6;29;5;10;2*24;30;21;19;25;33;1;15*38;9;18;12;31;20;32;35;37;26;17;11*8;22;3;7;16;23*4;14","6",""
2688,1031.1664,1020.5918,1405.9576,";;34;27;36;28;13*6;29;5;10;2*24;30;21;19;25;33;1;15*38;9;18;12;31;20;32;35;37;26;17;11*8;22;3;7;16;23*4;14","6",""
2689,1029.5674,1020.5918,1314.2976,";;34;27;36;28;13*6;29;5;10;2*24;30;21;19;25;33;1;15*38;9;18;12;31;20;32;35;37;26;17;11*8;22;3;7;16;23*4;14","6",""
2690,1020.59314,1020.5918,1020.5918,";;34;27;36;28;13*6;29;5;10;2*24;30;21;19;25;33;1;15*38;9;18;12;31;20;32;35;37;26;17;11*8;22;3;7;16;23*4;14","6",""
2691,1032.0154,1020.5918,1341.0215,";;34;27;36;28;13*6;29;5;10;2*24;30;21;19;25;33;1;15*38;9;18;12;31;20;32;35;37;26;17;11*8;22;3;7;16;23*4;14","6",""
2692,1028.206,1020.5918,1249.8413,";;34;27;36;28;13*6;29;5;10;2*24;30;21;19;25;33;1;15*38;9;18;12;31;20;32;35;37;26;17;11*8;22;3;7;16;23*4;14","6",""
2693,1028.093,1020.5918,1330.5443,";;34;27;36;28;13*6;29;5;10;2*24;30;21;19;25;33;1;15*38;9;18;12;31;20;32;35;37;26;17;11*8;22;3;7;16;23*4;14","6",""
2694,1026.5928,1020.5918,1322.5897,";;34;27;36;28;13*6;29;5;10;2*24;30;21;19;25;33;1;15*38;9;18;12;31;20;32;35;37;26;17;11*8;22;3;7;16;23*4;14","6",""
2695,1034.235,1020.5918,1351.1144,";;34;27;36;28;13*6;29;5;10;2*24;30;21;19;25;33;1;15*38;9;18;12;31;20;32;35;37;26;17;11*8;22;3;7;16;23*4;14","6",""
2696,1032.0991,1020.5918,1470.1567,";;34;27;36;28;13*6;29;5;10;2*24;30;21;19;25;33;1;15*38;9;18;12;31;20;32;35;37;26;17;11*8;22;3;7;16;23*4;14","6",""
2697,1038.4539,1020.5918,1481.6705,";;34;27;36;28;13*6;29;5;10;2*24;30;21;19;25;33;1;15*38;9;18;12;31;20;32;35;37;26;17;11*8;22;3;7;16;23*4;14","6",""
2698,1026.9331,1020.5918,1239.6458,";;34;27;36;28;13*6;29;5;10;2*24;30;21;19;25;33;1;15*38;9;18;12;31;20;32;35;37;26;17;11*8;22;3;7;16;23*4;14","6",""
2699,1028.301,1020.5918,1475.9393,";;34;27;36;28;13*6;29;5;10;2*24;30;21;19;25;33;1;15*38;9;18;12;31;20;32;35;37;26;17;11*8;22;3;7;16;23*4;14","6",""
2700,1029.4724,1020.5918,1481.6705,";;34;27;36;28;13*6;29;5;10;2*24;30;21;19;25;33;1;15*38;9;18;12;31;20;32;35;37;26;17;11*8;22;3;7;16;23*4;14","6",""
2701,1025.3651,1020.5918,1315.3649,";;34;27;36;28;13*6;29;5;10;2*24;30;21;19;25;33;1;15*38;9;18;12;31;20;32;35;37;26;17;11*8;22;3;7;16;23*4;14","6",""
2702,1025.2191,1020.5918,1257.8722,";;34;27;36;28;13*6;29;5;10;2*24;30;21;19;25;33;1;15*38;9;18;12;31;20;32;35;37;26;17;11*8;22;3;7;16;23*4;14","6",""
2703,1035.0215,1020.5918,1394.9625,";;34;27;36;28;13*6;29;5;10;2*24;30;21;19;25;33;1;15*38;9;18;12;31;20;32;35;37;26;17;11*8;22;3;7;16;23*4;14","6",""
2704,1025.614,1020.5918,1220.8958,";;34;27;36;28;13*6;29;5;10;2*24;30;21;19;25;33;1;15*38;9;18;12;31;20;32;35;37;26;17;11*8;22;3;7;16;23*4;14","6",""
2705,1037.2498,1020.5918,1498.0114,";;34;27;36;28;13*6;29;5;10;2*24;30;21;19;25;33;1;15*38;9;18;12;31;20;32;35;37;26;17;11*8;22;3;7;16;23*4;14","6",""
2706,1024.648,1020.5918,1325.6384,";;34;27;36;28;13*6;29;5;10;2*24;30;21;19;25;33;1;15*38;9;18;12;31;20;32;35;37;26;17;11*8;22;3;7;16;23*4;14","6",""
2707,1031.0671,1020.5918,1291.0055,";;34;27;36;28;13*6;29;5;10;2*24;30;21;19;25;33;1;15*38;9;18;12;31;20;32;35;37;26;17;11*8;22;3;7;16;23*4;14","6",""
2708,1036.774,1020.5918,1303.7892,";;34;27;36;28;13*6;29;5;10;2*24;30;21;19;25;33;1;15*38;9;18;12;31;20;32;35;37;26;17;11*8;22;3;7;16;23*4;14","6",""
2709,1033.6637,1020.5918,1311.4447,";;34;27;36;28;13*6;29;5;10;2*24;30;21;19;25;33;1;15*38;9;18;12;31;20;32;35;37;26;17;11*8;22;3;7;16;23*4;14","6",""
2710,1029.9875,1020.5918,1320.574,";;34;27;36;28;13*6;29;5;10;2*24;30;21;19;25;33;1;15*38;9;18;12;31;20;32;35;37;26;17;11*8;22;3;7;16;23*4;14","6",""
2711,1029.4554,1020.5918,1381.244,";;34;27;36;28;13*6;29;5;10;2*24;30;21;19;25;33;1;15*38;9;18;12;31;20;32;35;37;26;17;11*8;22;3;7;16;23*4;14","6",""
2712,1044.8718,1020.5918,1381.244,";;34;27;36;28;13*6;29;5;10;2*24;30;21;19;25;33;1;15*38;9;18;12;31;20;32;35;37;26;17;11*8;22;3;7;16;23*4;14","6",""
2713,1038.5635,1020.5918,1462.7137,";;34;27;36;28;13*6;29;5;10;2*24;30;21;19;25;33;1;15*38;9;18;12;31;20;32;35;37;26;17;11*8;22;3;7;16;23*4;14","6",""
2714,1035.5259,1020.5918,1496.9481,";;34;27;36;28;13*6;29;5;10;2*24;30;21;19;25;33;1;15*38;9;18;12;31;20;32;35;37;26;17;11*8;22;3;7;16;23*4;14","6",""
2715,1024.1738,1020.5918,1336.0214,";;34;27;36;28;13*6;29;5;10;2*24;30;21;19;25;33;1;15*38;9;18;12;31;20;32;35;37;26;17;11*8;22;3;7;16;23*4;14","6",""
2716,1037.522,1020.5918,1371.4131,";;34;27;36;28;13*6;29;5;10;2*24;30;21;19;25;33;1;15*38;9;18;12;31;20;32;35;37;26;17;11*8;22;3;7;16;23*4;14","6",""
2717,1030.9889,1020.5918,1310.6451,";;34;27;36;28;13*6;29;5;10;2*24;30;21;19;25;33;1;15*38;9;18;12;31;20;32;35;37;26;17;11*8;22;3;7;16;23*4;14","6",""
2718,1023.3861,1020.5918,1299.8898,";;34;27;36;28;13*6;29;5;10;2*24;30;21;19;25;33;1;15*38;9;18;12;31;20;32;35;37;26;17;11*8;22;3;7;16;23*4;14","6",""
2719,1040.0203,1020.5918,1503.8555,";;34;27;36;28;13*6;29;5;10;2*24;30;21;19;25;33;1;15*38;9;18;12;31;20;32;35;37;26;17;11*8;22;3;7;16;23*4;14","6",""
2720,1029.371,1020.5918,1330.2931,";;34;27;36;28;13*6;29;5;10;2*24;30;21;19;25;33;1;15*38;9;18;12;31;20;32;35;37;26;17;11*8;22;3;7;16;23*4;14","6",""
2721,1028.7059,1020.5918,1364.447,";;34;27;36;28;13*6;29;5;10;2*24;30;21;19;25;33;1;15*38;9;18;12;31;20;32;35;37;26;17;11*8;22;3;7;16;23*4;14","6",""
2722,1032.69,1020.5918,1317.7633,";;34;27;36;28;13*6;29;5;10;2*24;30;21;19;25;33;1;15*38;9;18;12;31;20;32;35;37;26;17;11*8;22;3;7;16;23*4;14","6",""
2723,1029.0955,1020.5918,1250.2988,";;34;27;36;28;13*6;29;5;10;2*24;30;21;19;25;33;1;15*38;9;18;12;31;20;32;35;37;26;17;11*8;22;3;7;16;23*4;14","6",""
2724,1029.5747,1020.5918,1245.8868,";;34;27;36;28;13*6;29;5;10;2*24;30;21;19;25;33;1;15*38;9;18;12;31;20;32;35;37;26;17;11*8;22;3;7;16;23*4;14","6",""
2725,1027.717,1020.5918,1405.2947,";;34;27;36;28;13*6;29;5;10;2*24;30;21;19;25;33;1;15*38;9;18;12;31;20;32;35;37;26;17;11*8;22;3;7;16;23*4;14","6",""
2726,1028.0778,1020.5918,1184.0195,";;34;27;36;28;13*6;29;5;10;2*24;30;21;19;25;33;1;15*38;9;18;12;31;20;32;35;37;26;17;11*8;22;3;7;16;23*4;14","6",""
2727,1038.1782,1020.5918,1383.7654,";;34;27;36;28;13*6;29;5;10;2*24;30;21;19;25;33;1;15*38;9;18;12;31;20;32;35;37;26;17;11*8;22;3;7;16;23*4;14","6",""
2728,1025.6672,1020.5918,1396.0105,";;34;27;36;28;13*6;29;5;10;2*24;30;21;19;25;33;1;15*38;9;18;12;31;20;32;35;37;26;17;11*8;22;3;7;16;23*4;14","6",""
2729,1029.0186,1020.5918,1299.0681,";;34;27;36;28;13*6;29;5;10;2*24;30;21;19;25;33;1;15*38;9;18;12;31;20;32;35;37;26;17;11*8;22;3;7;16;23*4;14","6",""
2730,1030.5806,1020.5918,1280.5394,";;34;27;36;28;13*6;29;5;10;2*24;30;21;19;25;33;1;15*38;9;18;12;31;20;32;35;37;26;17;11*8;22;3;7;16;23*4;14","6",""
2731,1032.8643,1020.5918,1336.0214,";;34;27;36;28;13*6;29;5;10;2*24;30;21;19;25;33;1;15*38;9;18;12;31;20;32;35;37;26;17;11*8;22;3;7;16;23*4;14","6",""
2732,1038.5673,1020.5918,1342.5638,";;34;27;36;28;13*6;29;5;10;2*24;30;21;19;25;33;1;15*38;9;18;12;31;20;32;35;37;26;17;11*8;22;3;7;16;23*4;14","6",""
2733,1034.9985,1020.5918,1423.3231,";;34;27;36;28;13*6;29;5;10;2*24;30;21;19;25;33;1;15*38;9;18;12;31;20;32;35;37;26;17;11*8;22;3;7;16;23*4;14","6",""
2734,1033.4059,1020.5918,1558.8986,";;34;27;36;28;13*6;29;5;10;2*24;30;21;19;25;33;1;15*38;9;18;12;31;20;32;35;37;26;17;11*8;22;3;7;16;23*4;14","6",""
2735,1037.9203,1020.5918,1423.3231,";;34;27;36;28;13*6;29;5;10;2*24;30;21;19;25;33;1;15*38;9;18;12;31;20;32;35;37;26;17;11*8;22;3;7;16;23*4;14","6",""
2736,1028.5219,1020.5918,1287.1304,";;34;27;36;28;13;16*29;5;10;2;24;30;21*19;25;33;1;15;38;9;18;12;31;20*32;35;37;26;17;11;8;22*3;7;6;23;4;14","5",""
2737,1027.3473,1020.5918,1255.5074,";;34;27;36;28;13*6;29;5;10;2*24;30;21;19;25;33;1;15*38;9;18;12;31;20;32;35;37;26;17;11*8;22;3;7;16;23*4;14","6",""
2738,1031.8644,1020.5918,1405.9576,";;34;27;36;28;13*6;29;5;10;2*24;30;21;19;25;33;1;15*38;9;18;12;31;20;32;35;37;26;17;11*8;22;3;7;16;23*4;14","6",""
2739,1028.1628,1020.5918,1351.2712,";;34;27;36;28;13*6;29;5;10;2*24;30;21;19;25;33;1;15*38;9;18;12;31;20;32;35;37;26;17;11*8;22;3;7;16;23*4;14","6",""
2740,1034.0049,1020.5918,1498.0114,";;34;27;36;28;13*6;29;5;10;2*24;30;21;19;25;33;1;15*38;9;18;12;31;20;32;35;37;26;17;11*8;22;3;7;16;23*4;14","6",""
2741,1031.5306,1020.5918,1305.2614,";;34;27;36;28;13*6;29;5;10;2*24;30;21;19;25;33;1;15*38;9;18;12;31;20;32;35;37;26;17;11*8;22;3;7;16;23*4;14","6",""
2742,1024.7223,1020.5918,1259.4015,";;34;27;36;28;13*6;29;5;10;2*24;30;21;19;25;33;1;15*38;9;18;12;31;20;32;35;37;26;17;11*8;22;3;7;16;23*4;14","6",""
2743,1031.1324,1020.5918,1359.0743,";;34;27;36;28;13*6;29;5;10;2*24;30;21;19;25;33;1;15*38;9;18;12;31;20;32;35;37;26;17;11*8;22;3;7;16;23*4;14","6",""
2744,1028.912,1020.5918,1423.3231,";;34;27;36;28;13*6;29;5;10;2*24;30;21;19;25;33;1;15*38;9;18;12;31;20;32;35;37;26;17;11*8;22;3;7;16;23*4;14","6",""
2745,1028.5548,1020.5918,1389.781,";;34;27;36;28;13*6;29;5;10;2*24;30;21;19;25;33;1;15*38;9;18;12;31;20;32;35;37;26;17;11*8;22;3;7;16;23*4;14","6",""
2746,1046.6821,1020.5918,1324.461,";;34;27;36;28;13*6;29;5;10;2*24;30;21;19;25;33;1;15*38;9;18;12;31;20;32;35;37;26;17;11*8;22;3;7;16;23*4;14","6",""
2747,1035.9976,1020.5918,1377.7028,";;34;27;36;28;13*6;29;5;10;2*24;30;21;19;25;33;1;15*38;9;18;12;31;20;32;35;37;26;17;11*8;22;3;7;16;23*4;14","6",""
2748,1031.198,1020.5918,1287.1304,";;34;27;36;28;13*6;29;5;10;2*24;30;21;19;25;33;1;15*38;9;18;12;31;20;32;35;37;26;17;11*8;22;3;7;16;23*4;14","6",""
2749,1037.5886,1020.5918,1498.0114,";;34;27;36;28;13*6;29;5;10;2*24;30;21;19;25;33;1;15*38;9;18;12;31;20;32;35;37;26;17;11*8;22;3;7;16;23*4;14","6",""
2750,1031.5118,1020.5918,1324.461,";;34;27;36;28;13*6;29;5;10;2*24;30;21;19;25;33;1;15*38;9;18;12;31;20;32;35;37;26;17;11*8;22;3;7;16;23*4;14","6",""
2751,1034.6774,1020.5918,1395.433,";;34;27;36;28;13*6;29;5;10;2*24;30;21;19;25;33;1;15*38;9;18;12;31;20;32;35;37;26;17;11*8;22;3;7;16;23*4;14","6",""
2752,1029.946,1020.5918,1330.2931,";;34;27;36;28;13*6;29;5;10;2*24;30;21;19;25;33;1;15*38;9;18;12;31;20;32;35;37;26;17;11*8;22;3;7;16;23*4;14","6",""
2753,1036.2794,1020.5918,1364.8477,";;34;27;36;28;13*6;29;5;10;2*24;30;21;19;25;33;1;15*38;9;18;12;31;20;32;35;37;26;17;11*8;22;3;7;16;23*4;14","6",""
2754,1047.1284,1020.5918,1362.8103,";;34;27;36;28;13*6;29;5;10;2*24;30;21;19;25;33;1;15*38;9;18;12;31;20;32;35;37;26;17;11*8;22;3;7;16;23*4;14","6",""
2755,1038.0311,1020.5918,1396.0105,";;34;27;36;28;13*6;29;5;10;2*24;30;21;19;25;33;1;15*38;9;18;12;31;20;32;35;37;26;17;11*8;22;3;7;16;23*4;14","6",""
2756,1027.3853,1020.5918,1503.8555,";;34;27;36;28;13*6;29;5;10;2*24;30;21;19;25;33;1;15*38;9;18;12;31;20;32;35;37;26;17;11*8;22;3;7;16;23*4;14","6",""
2757,1028.2472,1020.5918,1393.1125,";;34;27;36;28;13*6;29;5;10;2*24;30;21;19;25;33;1;15*38;9;18;12;31;20;32;35;37;26;17;11*8;22;3;7;16;23*4;14","6",""
2758,1043.2179,1020.5918,1351.2712,";;34;27;36;28;13*6;29;5;10;2*24;30;21;19;25;33;1;15*38;9;18;12;31;20;32;35;37;26;17;11*8;22;3;7;16;23*4;14","6",""
2759,1029.8705,1020.5918,1291.7983,";;34;27;36;28;13*6;29;5;10;2*24;30;21;19;25;33;1;15*38;9;18;12;31;20;32;35;37;26;17;11*8;22;3;7;16;23*4;14","6",""
2760,1039.3564,1020.5918,1375.7261,";;34;27;36;28;13*6;29;5;10;2*24;30;21;19;25;33;1;15*38;9;18;12;31;20;32;35;37;26;17;11*8;22;3;7;16;23*4;14","6",""
2761,1026.0643,1020.5918,1333.3468,";;34;27;36;28;13*6;29;5;10;2*24;30;21;19;25;33;1;15*38;9;18;12;31;20;32;35;37;26;17;11*8;22;3;7;16;23*4;14","6",""
2762,1029.7865,1020.5918,1424.65,";;34;27;36;28;13*6;29;5;10;2*24;30;21;19;25;33;1;15*38;9;18;12;31;20;32;35;37;26;17;11*8;22;3;7;16;23*4;14","6",""
2763,1032.953,1020.5918,1395.433,";;34;27;36;28;13*6;29;5;10;2*24;30;21;19;25;33;1;15*38;9;18;12;31;20;32;35;37;26;17;11*8;22;3;7;16;23*4;14","6",""
2764,1024.1294,1020.5918,1217.5327,";;34;27;36;28;13*6;29;5;10;2*24;30;21;19;25;33;1;15*38;9;18;12;31;20;32;35;37;26;17;11*8;22;3;7;16;23*4;14","6",""
2765,1027.8445,1020.5918,1337.0901,";;34;27;36;28;13*6;29;5;10;2*24;30;21;19;25;33;1;15*38;9;18;12;31;20;32;35;37;26;17;11*8;22;3;7;16;23*4;14","6",""
2766,1027.6335,1020.5918,1423.3231,";;34;27;36;28;13*6;29;5;10;2*24;30;21;19;25;33;1;15*38;9;18;12;31;20;32;35;37;26;17;11*8;22;3;7;16;23*4;14","6",""
2767,1031.336,1020.5918,1371.4131,";;34;27;36;28;13*6;29;5;10;2*24;30;21;19;25;33;1;15*38;9;18;12;31;20;32;35;37;26;17;11*8;22;3;7;16;23*4;14","6",""
2768,1035.4907,1020.5918,1335.4454,";;34;27;36;28;13*6;29;5;10;2*24;30;21;19;25;33;1;15*38;9;18;12;31;20;32;35;37;26;17;11*8;22;3;7;16;23*4;14","6",""
2769,1026.9204,1020.5918,1282.8167,";;34;27;36;28;13*6;29;5;10;2*24;30;21;19;25;33;1;15*38;9;18;12;31;20;32;35;37;26;17;11*8;22;3;7;16;23*4;14","6",""
2770,1024.739,1020.5918,1314.3572,";;34;27;36;28;13*6;29;5;10;2*24;30;21;19;25;33;1;15*38;9;18;12;31;20;32;35;37;26;17;11*8;22;3;7;16;23*4;14","6",""
2771,1029.9773,1020.5918,1359.0743,";;34;27;36;28;13*6;29;5;10;2*24;30;21;19;25;33;1;15*38;9;18;12;31;20;32;35;37;26;17;11*8;22;3;7;16;23*4;14","6",""
2772,1030.9026,1020.5918,1282.8167,";;34;27;36;28;13*6;29;5;10;2*24;30;4;19;25;33;1;15*38;9;18;12;31;20;32;35;37;26;17;11*8;22;3;7;16;23*21;14","6",""
2773,1025.7819,1020.5918,1192.8516,";;34;27;36;28;13*6;29;5;10;2*24;30;21;19;25;33;1;15*38;9;18;12;31;20;32;35;37;26;17;11*8;22;3;7;16;23*4;14","6",""
2774,1036.8301,1020.5918,1347.0314,";;34;27;36;28;13*6;29;5;10;2*24;30;21;19;25;33;1;15*38;9;18;12;31;20;32;35;37;26;17;11*8;22;3;7;16;23*4;14","6",""
2775,1035.7133,1020.5918,1457.1022,";;34;27;36;28;13*6;29;5;10;2*24;30;21;19;25;33;1;15*38;9;18;12;31;20;32;35;37;26;17;11*8;22;3;7;16;23*4;14","6",""
2776,1027.5563,1020.5918,1344.9128,";;34;27;36;28;13*6;29;5;10;2*24;30;21;19;25;33;1;15*38;9;18;12;31;20;32;35;37;26;17;11*8;22;3;7;16;23*4;14","6",""
2777,1029.2178,1020.5918,1349.9656,";;34;27;36;28;13*6;29;5;10;2*24;30;21;19;25;33;1;15*38;9;18;12;31;20;32;35;37;26;17;11*8;22;3;7;16;23*4;14","6",""
2778,1033.9285,1020.5918,1480.5986,";;34;27;36;28;13*6;29;5;10;2*24;30;21;19;25;33;1;15*38;9;18;12;31;20;32;35;37;26;17;11*8;22;3;7;16;23*4;14","6",""
2779,1039.4442,1020.5918,1351.1144,";;34;27;36;28;13*6;29;5;10;2*24;30;21;19;25;33;1;15*38;9;18;12;31;20;32;35;37;26;17;11*8;22;3;7;16;23*4;14","6",""
2780,1027.9884,1020.5918,1336.0214,";;34;27;36;28;13*6;29;5;10;2*24;30;21;19;25;33;1;15*38;9;18;12;31;20;32;35;37;26;17;11*8;22;3;7;16;23*4;14","6",""
2781,1028.2152,1020.5918,1375.0896,";;34;27;36;28;13*6;29;5;10;2*24;30;21;19;25;33;1;15*38;9;18;12;31;20;32;35;37;26;17;11*8;22;3;7;16;23*4;14","6",""
2782,1029.7664,1020.5918,1383.7654,";;34;27;36;28;13*6;29;5;10;2*24;30;21;19;25;33;1;15*38;9;18;12;31;20;32;35;37;26;17;11*8;22;3;7;16;23*4;14","6",""
2783,1026.9895,1020.5918,1244.215,";;34;27;36;28;13*6;29;5;10;2*24;30;21;19;25;33;1;15*38;9;18;12;31;20;32;35;37;26;17;11*8;22;3;7;16;23*4;14","6",""
2784,1033.8058,1020.5918,1457.1022,";;34;27;36;28;13*6;29;5;10;2*24;30;21;19;25;33;1;15*38;9;18;12;31;20;32;35;37;26;17;11*8;22;3;7;16;23*4;14","6",""
2785,1035.4398,1020.5918,1356.4304,";;34;27;36;28;13*6;29;5;10;2*24;30;21;19;25;33;1;15*38;9;18;12;31;20;32;35;37;26;17;11*8;22;3;7;16;23*4;14","6",""
2786,1028.6487,1020.5918,1278.5045,";;34;27;36;28;13*6;29;5;10;2*24;30;21;19;25;33;1;15*38;9;18;12;31;20;32;35;37;26;17;11*8;22;3;7;16;23*4;14","6",""
2787,1028.6312,1020.5918,1162.3481,";;34;27;36;28;13*6;29;5;10;2*24;30;21;19;25;33;1;15*38;9;18;12;31;20;32;35;37;26;17;11*8;22;3;7;16;23*4;14","6",""
2788,1027.7863,1020.5918,1271.1787,";;34;27;36;28;13*6;29;5;10;2*24;30;21;19;25;33;1;15*38;9;18;12;31;20;32;35;37;26;17;11*8;22;3;7;16;23*4;14","6",""
2789,1035.7828,1020.5918,1393.1125,";;34;27;36;28;13*6;29;5;10;2*24;30;21;19;25;33;1;15*38;9;18;12;31;20;32;35;37;26;17;11*8;22;3;7;16;23*4;14","6",""
2790,1035.3685,1020.5918,1454.5134,";;34;27;36;28;13*6;29;5;10;2*24;30;21;19;25;33;1;15*38;9;18;12;31;20;32;35;37;26;17;11*8;22;3;7;16;23*4;14","6",""
2791,1039.9307,1020.5918,1364.032,";;34;27;36;28;13*6;29;5;10;2*24;30;21;19;25;33;1;15*38;9;18;12;31;20;32;35;37;26;17;11*8;22;3;7;16;23*4;14","6",""
2792,1035.3502,1020.5918,1480.5986,";;34;27;36;28;13*6;29;5;10;2*24;30;21;19;25;33;1;15*38;9;18;12;31;20;32;35;37;26;17;11*8;22;3;7;16;23*4;14","6",""
2793,1026.1093,1020.5918,1282.8167,";;34;27;36;28;13*6;29;5;10;2*24;30;21;19;25;33;1;15*38;9;18;12;31;20;32;35;37;26;17;11*8;22;3;7;16;23*4;14","6",""
2794,1028.0626,1020.5918,1364.447,";;34;27;36;28;13*6;29;5;10;2*24;30;21;19;25;33;1;15*38;9;18;12;31;20;32;35;37;26;17;11*8;22;3;7;16;23*4;14","6",""
2795,1030.9641,1020.5918,1330.2931,";;34;27;36;28;13*6;29;5;10;2*24;30;21;19;25;33;1;15*38;9;18;12;31;20;32;35;37;26;17;11*8;22;3;7;16;23*4;14","6",""
2796,1032.9845,1020.5918,1284.7516,";;34;27;36;28;13*6;29;5;10;2*24;30;21;19;25;33;1;15*38;9;18;12;31;20;32;35;37;26;17;11*8;22;3;7;16;23*4;14","6",""
2797,1042.2288,1020.5918,1417.0807,";;34;27;36;28;13*6;29;5;10;2*24;30;21;19;25;33;1;15*38;9;18;12;31;20;32;35;37;26;17;11*8;22;3;7;16;23*4;14","6",""
2798,1036.8612,1020.5918,1349.9656,";;34;27;36;28;13*6;29;5;10;2*24;30;21;19;25;33;1;15*38;9;18;12;31;20;32;35;37;26;17;11*8;22;3;7;16;23*4;14","6",""
2799,1027.6404,1020.5918,1375.7261,";;34;27;36;28;13*6;29;5;10;2*24;30;21;19;25;33;1;15*38;9;18;12;31;20;32;35;37;26;17;11*8;22;3;7;16;23*4;14","6",""
2800,1035.3511,1020.5918,1354.8743,";;21;27;36;28;13*6;29;5;10;2*24;30;34;19;25;33;1*15;38;9;18;12;31;20;32;35;37;26;17*11;8;22;3;7;16*23;4;14","6",""
2801,1026.3108,1020.5918,1292.722,";;34;27;36;28;13*6;29;5;10;2*24;30;21;19;25;33;1;15*38;9;18;12;31;20;32;35;37;26;17;11*8;22;3;7;16;23*4;14","6",""
2802,1038.1221,1020.5918,1424.7485,";;34;27;36;28;13*6;29;5;10;2*24;30;21;19;25;33;1;15*38;9;18;12;31;20;32;35;37;26;17;11*8;22;3;7;16;23*4;14","6",""
2803,1031.9912,1020.5918,1367.0538,";;34;27;36;28;13*6;29;5;10;2*24;30;21;19;25;33;1;15*38;9;18;12;31;20;32;35;37;26;17;11*8;22;3;7;16;23*4;14","6",""
2804,1027.7675,1020.5918,1240.1304,";;34;27;36;28;13*6;29;5;10;2*24;30;21;19;25;33;1;15*38;9;18;12;31;20;32;35;37;26;17;11*8;22;3;7;16;23*4;14","6",""
2805,1028.9106,1020.5918,1389.781,";;34;27;36;28;13*6;29;5;10;2*24;30;21;19;25;33;1;15*38;9;18;12;31;20;32;35;37;26;17;11*8;22;3;7;16;23*4;14","6",""
2806,1029.1681,1020.5918,1303.4722,";;34;27;36;28;13*6;29;5;10;2*24;30;21;19;25;33;1;15*38;9;18;12;31;20;32;35;37;26;17;11*8;22;3;7;16;23*4;14","6",""
2807,1032.3148,1020.5918,1331.1182,";;34;27;36;28;13*6;29;5;10;2*24;30;21;19;25;33;1;15*38;9;18;12;31;20;32;35;37;26;17;11*8;22;3;7;16;23*4;14","6",""
2808,1026.3483,1020.5918,1558.8986,";;34;27;36;28;13*6;29;5;10;2*24;30;21;19;25;33;1;15*38;9;18;12;31;20;32;35;37;26;17;11*8;22;3;7;16;23*4;14","6",""
2809,1040.2627,1020.5918,1449.0023,";;34;27;36;28;13*6;29;5;10;2*24;30;21;19;25;33;1;15*38;9;18;12;31;20;32;35;37;26;17;11*8;22;3;7;16;23*4;14","6",""
2810,1035.0503,1020.5918,1375.7261,";;34;27;36;28;13*6;29;5;10;2*24;30;21;19;25;33;1;15*38;9;18;12;31;20;32;35;37;26;17;11*8;22;3;7;16;23*4;14","6",""
2811,1035.3469,1020.5918,1349.9656,";;34;27;36;28;13*6;29;5;10;2*24;30;21;19;25;33;1;15*38;9;18;12;31;20;32;35;37;26;17;11*8;22;3;7;16;23*4;14","6",""
2812,1036.078,1020.5918,1330.5443,";;34;27;36;28;13*6;29;5;10;2*24;30;21;19;25;33;1;15*38;9;18;12;31;20;32;35;37;26;17;11*8;22;3;7;16;23*4;14","6",""
2813,1030.499,1020.5918,1335.4454,";;34;27;36;28;13*6;29;5;10;2*24;30;21;19;25;33;1;15*38;9;18;12;31;20;32;35;37;26;17;11*8;22;3;7;16;23*4;14","6",""
2814,1030.4506,1020.5918,1330.8927,";;34;27;36;28;13*6;29;5;10;2*24;30;21;19;25;33;1;15*38;9;18;12;31;20;32;35;37;26;17;11*8;22;3;7;16;23*4;14","6",""
2815,1033.4238,1020.5918,1446.2714,";;34;27;36;28;13*6;29;5;10;2*24;30;21;19;25;33;1;15*38;9;18;12;31;20;32;35;37;26;17;11*8;22;3;7;16;23*4;14","6",""
2816,1027.8849,1020.5918,1322.5897,";;34;27;36;28;13*6;29;5;10;2*24;30;21;19;25;33;1;15*38;9;18;12;31;20;32;35;37;26;17;11*8;22;3;7;16;23*4;14","6",""
2817,1032.5149,1020.5918,1256.5565,";;34;27;36;28;13*6;29;5;10;2*24;30;21;19;25;33;1;15*38;9;18;12;31;20;32;35;37;26;17;11*8;22;3;7;16;23*4;14","6",""
2818,1032.3976,1020.5918,1335.024,";;34;27;36;28;13*6;29;5;10;2*24;30;21;19;25;33;1;15*38;9;18;12;31;20;32;35;37;26;17;11*8;22;3;7;16;23*4;14","6",""
2819,1031.2557,1020.5918,1359.0743,";;34;27;36;28;13*6;29;5;10;2*24;30;21;19;25;33;1;15*38;9;18;12;31;20;32;35;37;26;17;11*8;22;3;7;16;23*4;14","6",""
2820,1033.6982,1020.5918,1239.4049,";;34;27;36;28;13*6;29;5;10;2*24;30;21;19;25;33;1;15*38;9;18;12;31;20;32;35;37;26;17;11*8;22;3;7;16;23*4;14","6",""
2821,1028.8231,1020.5918,1503.8555,";;34;27;36;28;13*6;29;5;10;2*24;30;21;19;25;33;1;15*38;9;18;12;31;20;32;35;37;26;17;11*8;22;3;7;16;23*4;14","6",""
2822,1032.959,1020.5918,1294.864,";;34;27;36;28;13*6;29;5;10;2*24;30;21;19;25;33;1;15*38;9;18;12;31;20;32;35;37;26;17;11*8;22;3;7;16;23*4;14","6",""
2823,1035.3827,1020.5918,1375.7261,";;34;27;36;28;13*6;29;5;10;2*24;30;21;19;25;33;1;15*38;9;18;12;31;20;32;35;37;26;17;11*8;22;3;7;16;23*4;14","6",""
2824,1036.0073,1020.5918,1423.3231,";;34;27;36;28;13*6;29;5;10;2*24;30;21;19;25;33;1;15*38;9;18;12;31;20;32;35;37;26;17;11*8;22;3;7;16;23*4;14","6",""
2825,1029.5786,1020.5918,1396.0105,";;34;27;36;28;13*6;29;5;10;2*24;30;21;19;25;33;1;15*38;9;18;12;31;20;32;35;37;26;17;11*8;22;3;7;16;23*4;14","6",""
2826,1029.3685,1020.5918,1496.9481,";;34;27;36;28;13*6;29;5;10;2*24;30;21;19;25;33;1;15*38;9;18;12;31;20;32;35;37;26;17;11*8;22;3;7;16;23*4;14","6",""
2827,1030.0187,1020.5918,1364.447,";;34;27;36;28;13*6;29;5;10;2*24;30;21;19;25;33;1;15*38;9;18;12;31;20;32;35;37;26;17;11*8;22;3;7;16;23*4;14","6",""
2828,1031.7798,1020.5918,1333.3468,";;34;27;36;28;13*6;29;5;10;2*24;30;21;19;25;33;1;15*38;9;18;12;31;20;32;35;37;26;17;11*8;22;3;7;16;23*4;14","6",""
2829,1043.5188,1020.5918,1291.1042,";;34;27;36;28;13*6;29;5;10;2*24;30;21;19;25;33;1;15*38;9;18;12;31;20;32;35;37;26;17;11*8;22;3;7;16;23*4;14","6",""
2830,1034.4362,1020.5918,1354.877,";;34;27;36;28;13*6;29;5;10;2*24;30;21;19;25;33;1;15*38;9;18;12;31;20;32;35;37;26;17;11*8;22;3;7;16;23*4;14","6",""
2831,1028.9241,1020.5918,1393.1125,";;34;27;36;28;13*6;29;5;10;2*24;30;21;19;25;33;1;15*38;9;18;12;31;20;32;35;37;26;17;11*8;22;3;7;16;23*4;14","6",""
2832,1025.2605,1020.5918,1209.6183,";;34;27;36;28;13*6;29;5;10;2*24;30;21;19;25;33;1;15*38;9;18;12;31;20;32;35;37;26;17;11*8;22;3;7;16;23*4;14","6",""
2833,1036.7944,1020.5918,1332.9818,";;34;27;36;28;13*6;29;5;10;2*24;30;21;19;25;33;1;15*38;9;18;12;31;20;32;35;37;26;17;11*8;22;3;7;16;23*4;14","6",""
2834,1031.7883,1020.5918,1380.6136,";;34;27;36;28;13*6;29;5;10;2*24;30;21;19;25;33;1;15*38;9;18;12;31;20;32;35;37;26;17;11*8;22;3;7;16;23*4;14","6",""
2835,1033.5585,1020.5918,1558.8986,";;34;27;36;28;13*6;29;5;10;2*24;30;21;19;25;33;1;15*38;9;18;12;31;20;32;35;37;26;17;11*8;22;3;7;16;23*4;14","6",""
2836,1033.6915,1020.5918,1324.6846,";;34;27;36;28;13*6;29;5;10;2*24;30;21;19;25;33;1;15*38;9;18;12;31;20;32;35;37;26;17;11*8;22;3;7;16;23*4;14","6",""
2837,1025.7783,1020.5918,1303.4722,";;34;27;36;28;13*6;29;5;10;2*24;30;21;19;25;33;1;15*38;9;18;12;31;20;32;35;37;26;17;11*8;22;3;7;16;23*4;14","6",""
2838,1028.1785,1020.5918,1362.0345,";;34;27;36;28;13*6;29;5;10;2*24;30;21;19;25;33;1;15*38;9;18;12;31;20;32;35;37;26;17;11*8;22;3;7;16;23*4;14","6",""
2839,1022.52014,1020.5918,1212.6642,";;34;27;36;28;13*6;29;5;10;2*24;30;21;19;25;33;1;15*38;9;18;12;31;20;32;35;37;26;17;11*8;22;3;7;16;23*4;14","6",""
2840,1037.9972,1020.5918,1350.077,";;34;27;36;28;13*6;29;5;10;2*24;30;21;19;25;33;1;15*38;9;18;12;31;20;32;35;37;26;17;11*8;22;3;7;16;23*4;14","6",""
2841,1027.6672,1020.5918,1293.4427,";;34;27;36;28;13*6;29;5;10;2*24;30;21;19;25;33;1;15*38;9;18;12;31;20;32;35;37;26;17;11*8;22;3;7;16;23*4;14","6",""
2842,1035.2094,1020.5918,1405.2947,";;34;27;36;28;13*6;29;5;10;2*24;30;21;19;25;33;1;15*38;9;18;12;31;20;32;35;37;26;17;11*8;22;3;7;16;23*4;14","6",""
2843,1039.2384,1020.5918,1454.5134,";;34;27;36;28;13*6;29;5;10;2*24;30;21;19;25;33;1;15*38;9;18;12;31;20;32;35;37;26;17;11*8;22;3;7;16;23*4;14","6",""
2844,1033.3328,1020.5918,1293.7458,";;34;27;36;28;13*6;29;5;10;2*24;30;21;19;25;33;1;15*38;9;18;12;31;20;32;35;37;26;17;11*8;22;3;7;16;23*4;14","6",""
2845,1028.2866,1020.5918,1354.8743,";;34;27;36;28;13*6;29;5;10;2*24;30;21;19;25;33;1;15*38;9;18;12;31;20;32;35;37;26;17;11*8;22;3;7;16;23*4;14","6",""
2846,1031.938,1020.5918,1389.781,";;34;27;36;28;13*6;29;5;10;2*24;30;21;19;25;33;1;15*38;9;18;12;31;20;32;35;37;26;17;11*8;22;3;7;16;23*4;14","6",""
2847,1029.5994,1020.5918,1354.2948,";;34;27;36;28;13*6;29;5;10;2*24;30;21;19;25;33;1;15*38;9;18;12;31;20;32;35;37;26;17;11*8;22;3;7;16;23*4;14","6",""
2848,1024.5962,1020.5918,1289.7812,";;34;27;36;28;13*6;29;5;10;2*24;30;21;19;25;33;1;15*38;9;18;12;31;20;32;35;37;26;17;11*8;22;3;7;16;23*4;14","6",""
2849,1031.8461,1020.5918,1401.6146,";;34;27;36;28;13*6;29;5;10;2*24;30;21;19;25;33;1;15*38;9;18;12;31;20;32;35;37;26;17;11*8;22;3;7;16;23*4;14","6",""
2850,1027.7754,1020.5918,1232.22,";;34;27;36;28;13*6;29;5;10;2*24;30;21;19;25;33;1;15*38;9;18;12;31;20;32;35;37;26;17;11*8;22;3;7;16;23*4;14","6",""
2851,1022.84534,1020.5918,1217.8989,";;34;27;36;28;13*6;29;5;10;2*24;30;21;19;25;33;1;15*38;9;18;12;31;20;32;35;37;26;17;11*8;22;3;7;16;23*4;14","6",""
2852,1047.5874,1020.5918,1393.1125,";;34;27;36;28;13*6;29;5;10;2*24;30;21;19;25;33;1;15*38;9;18;12;31;20;32;35;37;26;17;11*8;22;3;7;16;23*4;14","6",""
2853,1038.6199,1020.5918,1462.7137,";;34;27;36;28;13*6;29;5;10;2*24;30;21;19;25;33;1;15*38;9;18;12;31;20;32;35;37;26;17;11*8;22;3;7;16;23*4;14","6",""
2854,1036.7878,1020.5918,1362.0345,";;34;27;36;28;13*6;29;5;10;2*24;30;21;19;25;33;1;15*38;9;18;12;31;20;32;35;37;26;17;11*8;22;3;7;16;23*4;14","6",""
2855,1033.9231,1020.5918,1311.4447,";;34;27;36;28;13*6;29;5;10;2*24;30;21;19;25;33;1;15*38;9;18;12;31;20;32;35;37;26;17;11*8;22;3;7;16;23*4;14","6",""
2856,1031.2566,1020.5918,1244.0431,";;34;27;36;28;13*6;29;5;10;2*24;30;21;19;25;33;1;15*38;9;18;12;31;20;32;35;37;26;17;11*8;22;3;7;16;23*4;14","6",""
2857,1039.494,1020.5918,1297.0143,";;34;27;36;28;13*6;29;5;10;2*24;30;21;19;25;33;1;15*38;9;18;12;31;20;32;35;37;26;17;11*8;22;3;7;16;23*4;14","6",""
2858,1025.0516,1020.5918,1324.6846,";;34;27;36;28;13*6;29;5;10;2*24;30;21;19;25;33;1;15*38;9;18;12;31;20;32;35;37;26;17;11*8;22;3;7;16;23*4;14","6",""
2859,1037.0985,1020.5918,1227.3679,";;34;27;36;28;13*6;29;5;10;2*24;30;21;19;25;33;1;15*38;9;18;12;31;20;32;35;37;26;17;11*8;22;3;7;16;23*4;14","6",""
2860,1039.7736,1020.5918,1342.5638,";;34;27;36;28;13*6;29;5;10;2*24;30;21;19;25;33;1;15*38;9;18;12;31;20;32;35;37;26;17;11*8;22;3;7;16;23*4;14","6",""
2861,1025.5571,1020.5918,1351.1144,";;34;27;36;28;13*6;29;5;10;2*24;30;21;19;25;33;1;15*38;9;18;12;31;20;32;35;37;26;17;11*8;22;3;7;16;23*4;14","6",""
2862,1025.8093,1020.5918,1205.6973,";;34;27;36;28;13*6;29;5;10;2*24;30;21;19;25;33;1;15*38;9;18;12;31;20;32;35;37;26;17;11*8;22;3;7;16;23*4;14","6",""
2863,1036.8713,1020.5918,1338.7946,";;34;27;36;28;13*6;29;5;10;2*24;30;21;19;25;33;1;15*38;9;18;12;31;20;32;35;37;26;17;11*8;22;3;7;16;23*4;14","6",""
2864,1033.744,1020.5918,1338.7946,";;34;27;36;28;13*6;29;5;10;2*24;30;21;19;25;33;1;15*38;9;18;12;31;20;32;35;37;26;17;11*8;22;3;7;16;23*4;14","6",""
2865,1023.81445,1020.5918,1232.8586,";;34;27;36;28;13*6;29;5;10;2*24;30;21;19;25;33;1;15*38;9;18;12;31;20;32;35;37;26;17;11*8;22;3;7;16;23*4;14","6",""
2866,1032.6035,1020.5918,1266.1937,";;34;27;36;28;13*6;29;5;10;2*24;30;21;19;25;33;1;15*38;9;18;12;31;20;32;35;37;26;17;11*8;22;3;7;16;23*4;14","6",""
2867,1037.1846,1020.5918,1459.955,";;34;27;36;28;13*6;29;5;10;2*24;30;21;19;25;33;1;15*38;9;18;12;31;20;32;35;37;26;17;11*8;22;3;7;16;23*4;14","6",""
2868,1030.0676,1020.5918,1325.6384,";;34;27;36;28;13*6;29;5;10;2*24;30;21;19;25;33;1;15*38;9;18;12;31;20;32;35;37;26;17;11*8;22;3;7;16;23*4;14","6",""
2869,1031.3851,1020.5918,1291.1042,";;34;27;36;28;13*6;29;5;10;2*24;30;21;19;25;33;1;15*38;9;18;12;31;20;32;35;37;26;17;11*8;22;3;7;16;23*4;14","6",""
2870,1028.4756,1020.5918,1274.3292,";;34;27;36;28;13*6;29;5;10;2*24;30;21;19;25;33;1;15*38;9;18;12;31;20;32;35;37;26;17;11*8;22;3;7;16;23*4;14","6",""
2871,1029.705,1020.5918,1405.9576,";;34;27;36;28;13*6;29;5;10;2*24;30;21;19;25;33;1;15*38;9;18;12;31;20;32;35;37;26;17;11*8;22;3;7;16;23*4;14","6",""
2872,1040.693,1020.5918,1343.9478,";;34;27;36;28;13*6;29;5;10;2*24;30;21;19;25;33;1;15*38;9;18;12;31;20;32;35;37;26;17;11*8;22;3;7;16;23*4;14","6",""
2873,1046.4569,1020.5918,1389.781,";;34;27;36;28;13*6;29;5;10;2*24;30;21;19;25;33;1;15*38;9;18;12;31;20;32;35;37;26;17;11*8;22;3;7;16;23*4;14","6",""
2874,1026.7976,1020.5918,1287.1304,";;34;27;36;28;13*6;29;5;10;2*24;30;21;19;25;33;1;15*38;9;18;12;31;20;32;35;37;26;17;11*8;22;3;7;16;23*4;14","6",""
2875,1037.7362,1020.5918,1517.7623,";;34;27;36;28;13*6;29;5;10;2*24;30;21;19;25;33;1;15*38;9;18;12;31;20;32;35;37;26;17;11*8;22;3;7;16;23*4;14","6",""
2876,1047.5754,1020.5918,1398.321,";;34;27;36;28;13*6;29;5;10;2*24;30;21;19;25;33;1;15*38;9;18;12;31;20;32;35;37;26;17;11*8;22;3;7;16;23*4;14","6",""
2877,1038.8417,1020.5918,1354.2948,";;34;27;36;28;13*6;29;5;10;2*24;30;21;19;25;33;1;15*38;9;18;12;31;20;32;35;37;26;17;11*8;22;3;7;16;23*4;14","6",""
2878,1030.8125,1020.5918,1377.7028,";;34;27;36;28;13*6;29;5;10;2*24;30;21;19;25;33;1;15*38;9;18;12;31;20;32;35;37;26;17;11*8;22;3;7;16;23*4;14","6",""
2879,1038.5605,1020.5918,1356.4304,";;34;27;36;28;13*6;29;5;10;2*24;30;21;19;25;33;1;15*38;9;18;12;31;20;32;35;37;26;17;11*8;22;3;7;16;23*4;14","6",""
2880,1029.1519,1020.5918,1297.0143,";;34;27;36;28;13*6;29;5;10;2*24;30;21;19;25;33;1;15*38;9;18;12;31;20;32;35;37;26;17;11*8;22;3;7;16;23*4;14","6",""
2881,1042.165,1020.5918,1362.0345,";;34;27;36;28;13*6;29;5;10;2*24;30;21;19;25;33;1;15*38;9;18;12;31;20;32;35;37;26;17;11*8;22;3;7;16;23*4;14","6",""
2882,1032.8252,1020.5918,1405.9576,";;34;27;36;28;13*6;29;5;10;2*24;30;21;19;25;33;1;15*38;9;18;12;31;20;32;35;37;26;17;11*8;22;3;7;16;23*4;14","6",""
2883,1028.4167,1020.5918,1381.175,";;34;27;36;28;13*6;29;5;10;2*24;30;21;19;25;33;1;15*38;9;18;12;31;20;32;35;37;26;17;11*8;22;3;7;16;23*4;14","6",""
2884,1040.895,1020.5918,1345.5726,";;34;27;36;28;13*6;29;5;10;2*24;30;21;19;25;33;1;15*38;9;18;12;31;20;32;35;37;26;17;11*8;22;3;7;16;23*4;14","6",""
2885,1029.3099,1020.5918,1362.8103,";;34;27;36;28;13*6;29;5;10;2*24;30;21;19;25;33;1;15*38;9;18;12;31;20;32;35;37;26;17;11*8;22;3;7;16;23*4;14","6",""
2886,1034.0552,1020.5918,1332.9818,";;34;27;36;28;13*6;29;5;10;2*24;30;21;19;25;33;1;15*38;9;18;12;31;20;32;35;37;26;17;11*8;22;3;7;16;23*4;14","6",""
2887,1028.3335,1020.5918,1359.0743,";;34;27;36;28;13*6;29;5;10;2*24;30;21;19;25;33;1;15*38;9;18;12;31;20;32;35;37;26;17;11*8;22;3;7;16;23*4;14","6",""
2888,1038.7466,1020.5918,1362.8103,";;34;27;36;28;13*6;29;5;10;2*24;30;21;19;25;33;1;15*38;9;18;12;31;20;32;35;37;26;17;11*8;22;3;7;16;23*4;14","6",""
2889,1033.5886,1020.5918,1396.0105,";;34;27;36;28;13*6;29;5;10;2*24;30;21;19;25;33;1;15*38;9;18;12;31;20;32;35;37;26;17;11*8;22;3;7;16;23*4;14","6",""
2890,1029.2051,1020.5918,1335.9728,";;34;27;36;28;13*6;29;5;10;2*24;30;21;19;25;33;1;15*38;9;18;12;31;20;32;35;37;26;17;11*8;22;3;7;16;23*4;14","6",""
2891,1043.0919,1020.5918,1459.955,";;34;27;36;28;13*6;29;5;10;2*24;30;21;19;25;33;1;15*38;9;18;12;31;20;32;35;37;26;17;11*8;22;3;7;16;23*4;14","6",""
2892,1037.0258,1020.5918,1433.3711,";;34;27;36;28;13*6;29;5;10;2*24;30;21;19;25;33;1;15*38;9;18;12;31;20;32;35;37;26;17;11*8;22;3;7;16;23*4;14","6",""
2893,1031.7162,1020.5918,1449.0023,";;34;27;36;28;13*6;29;5;10;2*24;30;21;19;25;33;1;15*38;9;18;12;31;20;32;35;37;26;17;11*8;22;3;7;16;23*4;14","6",""
2894,1031.5007,1020.5918,1405.2947,";;34;27;36;28;13*6;29;5;10;2*24;30;21;19;25;33;1;15*38;9;18;12;31;20;32;35;37;26;17;11*8;22;3;7;16;23*4;14","6",""
2895,1028.0103,1020.5918,1264.6022,";;34;27;36;28;13*6;29;5;10;2*24;30;21;19;25;33;1;15*38;9;18;12;31;20;32;35;37;26;17;11*8;22;3;7;16;23*4;14","6",""
2896,1029.6216,1020.5918,1246.0992,";;34;27;36;28;13*6;29;5;10;2*24;30;21;19;25;33;1;15*38;9;18;12;31;20;32;35;37;26;17;11*8;22;3;7;16;23*4;14","6",""
2897,1029.2953,1020.5918,1314.2976,";;34;27;36;28;13*6;29;5;10;2*24;30;21;19;25;33;1;15*38;9;18;12;31;20;32;35;37;26;17;11*8;22;3;7;16;23*4;14","6",""
2898,1036.0505,1020.5918,1405.9576,";;34;27;36;28;13*6;29;5;10;2*24;30;21;19;25;33;1;15*38;9;18;12;31;20;32;35;37;26;17;11*8;22;3;7;16;23*4;14","6",""
2899,1026.6503,1020.5918,1245.4744,";;34;27;36;28;13*6;29;5;10;2*24;30;21;19;25;33;1;15*38;9;18;12;31;20;32;35;37;26;17;11*8;22;3;7;16;23*4;14","6",""
2900,1037.1058,1020.5918,1354.9662,";;34;27;36;28;13*6;29;5;10;2*24;30;21;19;25;33;1;15*38;9;18;12;31;20;32;35;37;26;17;11*8;22;3;7;16;23*4;14","6",""
2901,1028.3972,1020.5918,1244.215,";;34;27;36;28;13*6;29;5;10;2*24;30;21;19;25;33;1;15*38;9;18;12;31;20;32;35;37;26;17;11*8;22;3;7;16;23*4;14","6",""
2902,1033.8157,1020.5918,1337.0901,";;34;27;36;28;13*6;29;5;10;2*24;30;21;19;25;33;1;15*38;9;18;12;31;20;32;35;37;26;17;11*8;22;3;7;16;23*4;14","6",""
2903,1035.9589,1020.5918,1335.024,";;34;27;36;28;13*6;29;5;10;2*24;30;21;19;25;33;1;15*38;9;18;12;31;20;32;35;37;26;17;11*8;22;3;7;16;23*4;14","6",""
2904,1030.3431,1020.5918,1315.3649,";;34;27;36;28;13*6;29;5;10;2*24;30;21;19;25;33;1;15*38;9;18;12;31;20;32;35;37;26;17;11*8;22;3;7;16;23*4;14","6",""
2905,1035.8892,1020.5918,1377.7028,";;34;27;36;28;13*6;29;5;10;2*24;30;21;19;25;33;1;15*38;9;18;12;31;20;32;35;37;26;17;11*8;22;3;7;16;23*4;14","6",""
2906,1028.28,1020.5918,1339.3326,";;34;27;36;28;13*6;29;5;10;2*24;30;21;19;25;33;1;15*38;9;18;12;31;20;32;35;37;26;17;11*8;22;3;7;16;23*4;14","6",""
2907,1035.5876,1020.5918,1454.5134,";;34;27;36;28;13*6;29;5;10;2*24;30;21;19;25;33;1;15*38;9;18;12;31;20;32;35;37;26;17;11*8;22;3;7;16;23*4;14","6",""
2908,1031.3889,1020.5918,1359.4012,";;34;27;36;28;13*6;29;5;10;2*24;30;21;19;25;33;1;15*38;9;18;12;31;20;32;35;37;26;17;11*8;22;3;7;16;23*4;14","6",""
2909,1026.3773,1020.5918,1287.1304,";;34;27;36;28;13*6;29;5;10;2*24;30;21;19;25;33;1;15*38;9;18;12;31;20;32;35;37;26;17;11*8;22;3;7;16;23*4;14","6",""
2910,1028.7684,1020.5918,1462.7137,";;34;27;36;28;13*6;29;5;10;2*24;30;21;19;25;33;1;15*38;9;18;12;31;20;32;35;37;26;17;11*8;22;3;7;16;23*4;14","6",""
2911,1038.6422,1020.5918,1303.7892,";;34;27;36;28;13*6;29;5;10;2*24;30;21;19;25;33;1;15*38;9;18;12;31;20;32;35;37;26;17;11*8;22;3;7;16;23*4;14","6",""
2912,1036.8905,1020.5918,1291.1042,";;34;27;36;28;13*6;29;5;10;2*24;30;21;19;25;33;1;15*38;9;18;12;31;20;32;35;37;26;17;11*8;22;3;7;16;23*4;14","6",""
2913,1033.2554,1020.5918,1385.8976,";;34;27;36;28;13*6;29;5;10;2*24;30;21;19;25;33;1;15*38;9;18;12;31;20;32;35;37;26;17;11*8;22;3;7;16;23*4;14","6",""
2914,1030.1656,1020.5918,1362.0345,";;34;27;36;28;13*6;29;5;10;2*24;30;21;19;25;33;1;15*38;9;18;12;31;20;32;35;37;26;17;11*8;22;3;7;16;23*4;14","6",""
2915,1043.4578,1020.5918,1350.077,";;34;27;36;28;13*6;29;5;10;2*24;30;21;19;25;33;1;15*38;9;18;12;31;20;32;35;37;26;17;11*8;22;3;7;16;23*4;14","6",""
2916,1040.9304,1020.5918,1332.9818,";;34;27;36;28;13*6;29;5;10;2*24;30;21;19;25;33;1;15*38;9;18;12;31;20;32;35;37;26;17;11*8;22;3;7;16;23*4;14","6",""
2917,1034.4471,1020.5918,1279.3489,";;34;27;36;28;13*6;29;5;10;2*24;30;21;19;25;33;1;15*38;9;18;12;31;20;32;35;37;26;17;11*8;22;3;7;16;23*4;14","6",""
2918,1034.1821,1020.5918,1481.6705,";;34;27;36;28;13*6;29;5;10;2*24;30;21;19;25;33;1;15*38;9;18;12;31;20;32;35;37;26;17;11*8;22;3;7;16;23*4;14","6",""
2919,1036.957,1020.5918,1362.8103,";;34;27;36;28;13*6;29;5;10;2*24;30;21;19;25;33;1;15*38;9;18;12;31;20;32;35;37;26;17;11*8;22;3;7;16;23*4;14","6",""
2920,1031.2119,1020.5918,1324.2692,";;34;27;36;28;13*6;29;5;10;2*24;30;21;19;25;33;1;15*38;9;18;12;31;20;32;35;37;26;17;11*8;22;3;7;16;23*4;14","6",""
2921,1033.464,1020.5918,1324.2692,";;34;27;36;28;13*6;29;5;10;2*24;30;21;19;25;33;1;15*38;9;18;12;31;20;32;35;37;26;17;11*8;22;3;7;16;23*4;14","6",""
2922,1034.2255,1020.5918,1356.5955,";;34;27;36;28;13*6;29;5;10;2*24;30;21;19;25;33;1;15*38;9;18;12;31;20;32;35;37;26;17;11*8;22;3;7;16;23*4;14","6",""
2923,1030.6442,1020.5918,1342.2112,";;34;27;36;28;13*6;29;5;10;2*24;30;21;19;25;33;1;15*38;9;18;12;31;20;32;35;37;26;17;11*8;22;3;7;16;23*4;14","6",""
2924,1037.2784,1020.5918,1503.8555,";;34;27;36;28;13*6;29;5;10;2*24;30;21;19;25;33;1;15*38;9;18;12;7;20;32;35;37;26;17*11;8;22;3;31;16;23;4;14","5",""
2925,1036.5765,1020.5918,1396.0105,";;34;27;36;28;13*6;29;5;10;2*24;30;21;19;25;33;1;15*38;9;18;12;31;20;32;35;37;26;17;11*8;22;3;7;16;23*4;14","6",""
2926,1037.9147,1020.5918,1502.5903,";;34;27;36;28;13*6;29;5;10;2*24;30;21;19;25;33;1;15*38;9;18;12;31;20;32;35;37;26;17;11*8;22;3;7;16;23*4;14","6",""
2927,1042.9598,1020.5918,1517.7623,";;34;27;36;28;13*6;29;5;10;2*24;30;21;19;25;33;1;15*38;9;18;12;31;20;32;35;37;26;17;11*8;22;3;7;16;23*4;14","6",""
2928,1028.0579,1020.5918,1293.7458,";;34;27;36;28;13*6;29;5;10;2*24;30;21;19;25;33;1;15*38;9;18;12;31;20;32;35;37;26;17;11*8;22;3;7;16;23*4;14","6",""
2929,1032.807,1020.5918,1385.8976,";;34;27;36;28;13*6;29;5;10;2*24;30;21;19;25;33;1;15*38;9;18;12;31;20;32;35;37;26;17;11*8;22;3;7;16;23*4;14","6",""
2930,1037.4153,1020.5918,1347.0314,";;34;27;36;28;13*6;29;5;10;2*24;30;21;19;25;33;1;15*38;9;18;12;31;20;32;35;37;26;17;11*8;22;3;7;16;23*4;14","6",""
2931,1040.0646,1020.5918,1503.8555,";;34;27;36;28;13*6;29;5;10;2*24;30;21;19;25;33;1;15*38;9;18;12;31;20;32;35;37;26;17;11*8;22;3;7;16;23*4;14","6",""
2932,1031.1216,1020.5918,1314.3572,";;34;27;36;28;13*6;29;5;10;2*24;30;21;19;25;33;1;15*38;9;18;12;31;20;32;35;37;26;17;11*8;22;3;7;16;23*4;14","6",""
2933,1050.937,1020.5918,1543.3176,";;34;27;36;28;13*6;29;5;10;2*24;30;21;19;25;33;1;15*38;9;18;12;31;20;32;35;37;26;17;11*8;22;3;7;16;23*4;14","6",""
2934,1037.6421,1020.5918,1299.0681,";;34;27;36;28;13*6;29;5;10;2*24;30;21;19;25;33;1;15*38;9;18;12;31;20;32;35;37;26;17;11*8;22;3;7;16;23*4;14","6",""
2935,1031.7798,1020.5918,1342.2112,";;34;27;36;28;13*6;29;5;10;2*24;30;21;19;25;33;1;15*38;9;18;12;31;20;32;35;37;26;17;11*8;22;3;7;16;23*4;14","6",""
2936,1033.6271,1020.5918,1277.4865,";;34;27;36;28;13*6;29;5;10;2*24;30;21;19;25;33;1;15*38;9;18;12;31;20;32;35;37;26;17;11*8;22;3;7;16;23*4;14","6",""
2937,1023.818,1020.5918,1189.559,";;34;27;36;28;13*6;29;5;10;2*24;30;21;19;25;33;1;15*38;9;18;12;31;20;32;35;37;26;17;11*8;22;3;7;16;23*4;14","6",""
2938,1026.5891,1020.5918,1375.7261,";;34;27;36;28;13*6;29;5;10;2*24;30;21;19;25;33;1;15*38;9;18;12;31;20;32;35;37;26;17;11*8;22;3;7;16;23*4;14","6",""
2939,1033.3193,1020.5918,1339.3326,";;34;27;36;28;13*6;29;5;10;2*24;30;21;19;25;33;1;15*38;9;18;12;31;20;32;35;37;26;17;11*8;22;3;7;16;23*4;14","6",""
2940,1029.2054,1020.5918,1494.8442,";;34;27;36;28;13*6;29;5;10;2*24;30;21;19;25;33;1;15*38;9;18;12;31;20;32;35;37;26;17;11*8;22;3;7;16;23*4;14","6",""
2941,1037.3315,1020.5918,1498.0114,";;34;27;36;28;13*6;29;5;10;2*24;30;21;19;25;33;1;15*38;9;18;12;31;20;32;35;37;26;17;11*8;22;3;7;16;23*4;14","6",""
2942,1034.0128,1020.5918,1398.321,";;34;27;36;28;13*6;29;5;10;2*24;30;21;19;25;33;1;15*38;9;18;12;31;20;32;35;37;26;17;11*8;22;3;7;16;23*4;14","6",""
2943,1033.4841,1020.5918,1297.8777,";;34;27;36;28;13*6;29;5;10;2*24;30;21;19;25;33;1;15*38;9;18;12;31;20;32;35;37;26;17;11*8;22;3;7;16;23*4;14","6",""
2944,1041.5316,1020.5918,1459.955,";;34;27;36;28;13*6;29;5;10;2*24;30;21;19;25;33;1;15*38;9;18;12;31;20;32;35;37;26;17;11*8;22;3;7;16;23*4;14","6",""
2945,1032.059,1020.5918,1330.1461,";;34;27;36;28;13*6;29;5;10;2*24;30;21;19;25;33;1;15*38;9;18;12;31;20;32;35;37;26;17;11*8;22;3;7;16;23*4;14","6",""
2946,1035.0175,1020.5918,1359.0743,";;34;27;36;28;13*6;29;5;10;2*24;30;21;19;25;33;1;15*38;9;18;12;31;20;32;35;37;26;17;11*8;22;3;7;16;23*4;14","6",""
2947,1032.7917,1020.5918,1375.7261,";;34;27;36;28;13*6;29;5;10;2*24;30;21;19;25;33;1;15*38;9;18;12;31;20;32;35;37;26;17;11*8;22;3;7;16;23*4;14","6",""
2948,1023.9268,1020.5918,1175.4397,";;34;27;36;28;13*6;29;5;10;2*24;30;21;19;25;33;1;15*38;9;18;12;31;20;32;35;37;26;17;11*8;22;3;7;16;23*4;14","6",""
2949,1021.2706,1020.5918,1088.3413,";;34;27;36;28;13*6;29;5;10;2*24;30;21;19;25;33;1;15*38;9;18;12;31;20;32;35;37;26;17;11*8;22;3;7;16;23*4;14","6",""
2950,1025.1957,1020.5918,1227.3679,";;34;27;36;28;13*6;29;5;10;2*24;30;21;19;25;33;1;15*38;9;18;12;31;20;32;35;37;26;17;11*8;22;3;7;16;23*4;14","6",""
2951,1032.436,1020.5918,1330.2931,";;34;27;36;28;13*6;29;5;10;2*24;30;21;19;25;33;1;15*38;9;18;12;31;20;32;35;37;26;17;11*8;22;3;7;16;23*4;14","6",""
2952,1034.0562,1020.5918,1405.2947,";;34;27;36;28;13*6;29;5;10;2*24;30;21;19;25;33;1;15*38;9;18;12;31;20;32;35;37;26;17;11*8;22;3;7;16;23*4;14","6",""
2953,1027.1523,1020.5918,1350.077,";;34;27;36;28;13*6;29;5;10;2*24;30;21;19;25;33;1;15*38;9;18;12;31;20;32;35;37;26;17;11*8;22;3;7;16;23*4;14","6",""
2954,1028.3623,1020.5918,1294.864,";;34;27;36;28;13*6;29;5;10;2*24;30;21;19;25;33;1;15*38;9;18;12;31;20;32;35;37;26;17;11*8;22;3;7;16;23*4;14","6",""
2955,1028.3771,1020.5918,1382.9403,";;34;27;36;28;13*6;29;5;10;2*24;30;21;19;25;33;1;15*38;9;18;12;31;20;32;35;37;26;17;11*8;22;3;7;16;23*4;14","6",""
2956,1026.1525,1020.5918,1284.7516,";;34;27;36;28;13*6;29;5;10;2*24;30;21;19;25;33;1;15*38;9;18;12;31;20;32;35;37;26;17;11*8;22;3;7;16;23*4;14","6",""
2957,1028.7551,1020.5918,1299.911,";;34;27;36;28;13*6;29;5;10;2*24;30;21;19;25;33;1;15*38;9;18;12;31;20;32;35;37;26;17;11*8;22;3;7;16;23*4;14","6",""
2958,1034.5232,1020.5918,1326.5063,";;34;27;36;28;13*6;29;5;10;2*24;30;21;19;25;33;1;15*38;9;18;12;31;20;32;35;37;26;17;11*8;22;3;7;16;23*4;14","6",""
2959,1036.9001,1020.5918,1356.5955,";;34;27;36;28;13*6;29;5;10;2*24;30;21;19;25;33;1;15*38;9;18;12;31;20;32;35;37;26;17;11*8;22;3;7;16;23*4;14","6",""
2960,1029.9666,1020.5918,1330.8927,";;34;27;36;28;13*6;29;5;10;2*24;30;21;19;25;33;1;15*38;9;18;12;31;20;32;35;37;26;17;11*8;22;3;7;16;23*4;14","6",""
2961,1030.3588,1020.5918,1371.4131,";;34;27;36;28;13*6;29;5;10;2*24;30;21;19;25;33;1;15*38;9;18;12;31;20;32;35;37;26;17;11*8;22;3;7;16;23*4;14","6",""
2962,1034.1444,1020.5918,1302.9752,";;34;27;36;28;13*6;29;5;10;2*24;30;21;19;25;33;1;15*38;9;18;12;31;20;32;35;37;26;17;11*8;22;3;7;16;23*4;14","6",""
2963,1038.1946,1020.5918,1356.4304,";;34;27;36;28;13*6;29;5;10;2*24;30;21;19;25;33;1;15*38;9;18;12;31;20;32;35;37;26;17;11*8;22;3;7;16;23*4;14","6",""
2964,1025.5786,1020.5918,1182.2014,";;34;27;36;28;13*6;29;5;10;2*24;30;21;19;25;33;1;15*38;9;18;12;31;20;32;35;37;26;17;11*8;22;3;7;16;23*4;14","6",""
2965,1037.8636,1020.5918,1433.3711,";;34;27;36;28;13*6;29;5;10;2*24;30;21;19;25;33;1;15*38;9;18;12;31;20;32;35;37;26;17;11*8;22;3;7;16;23*4;14","6",""
2966,1030.4471,1020.5918,1278.5045,";;34;27;36;28;13*6;29;5;10;2*24;30;21;19;25;33;1;15*38;9;18;12;31;20;32;35;37;26;17;11*8;22;3;7;16;23*4;14","6",""
2967,1032.8597,1020.5918,1302.1708,";;34;27;36;28;13*6;29;5;10;2*24;30;21;19;25;33;1;15*38;9;18;12;31;20;32;35;37;26;17;11*8;22;3;7;16;23*4;14","6",""
2968,1026.7605,1020.5918,1257.6304,";;34;27;36;28;13*6;29;5;10;2*24;30;21;19;25;33;1;15*38;9;18;12;31;20;32;35;37;26;17;11*8;22;3;7;16;23*4;14","6",""
2969,1035.822,1020.5918,1342.5638,";;34;27;36;28;13*6;29;5;10;2*24;30;21;19;25;33;1;15*38;9;18;12;31;20;32;35;37;26;17;11*8;22;3;7;16;23*4;14","6",""
2970,1037.5847,1020.5918,1424.7485,";;34;27;36;28;13*6;29;5;10;2*24;30;21;19;25;33;1;15*38;9;18;12;31;20;32;35;37;26;17;11*8;22;3;7;16;23*4;14","6",""
2971,1031.3909,1020.5918,1354.2948,";;34;27;36;28;13*6;29;5;10;2*24;30;21;19;25;33;1;15*38;9;18;12;31;20;32;35;37;26;17;11*8;22;3;7;16;23*4;14","6",""
2972,1027.9633,1020.5918,1351.1144,";;34;27;36;28;13*6;29;5;10;2*24;30;21;19;25;33;1;15*38;9;18;12;31;20;32;35;37;26;17;11*8;22;3;7;16;23*4;14","6",""
2973,1031.1064,1020.5918,1308.2539,";;34;27;36;28;13*6;29;5;10;2*24;30;21;19;25;33;1;15*38;9;18;12;31;20;32;35;37;26;17;11*8;22;3;7;16;23*4;14","6",""
2974,1037.5317,1020.5918,1375.0896,";;34;27;36;28;13*6;29;5;10;2*24;30;21;19;25;33;1;15*38;9;18;12;31;20;32;35;37;26;17;11*8;22;3;7;16;23*4;14","6",""
2975,1034.2668,1020.5918,1372.3531,";;34;27;36;28;13*6;29;5;10;2*24;30;21;19;25;33;1;15*38;9;18;12;31;20;32;35;37;26;17;11*8;22;3;7;16;23*4;14","6",""
2976,1039.9242,1020.5918,1454.5134,";;34;27;36;28;13*6;29;5;10;2*24;30;21;19;25;33;1;15*38;9;18;12;31;20;32;35;37;26;17;11*8;22;3;7;16;23*4;14","6",""
2977,1032.3511,1020.5918,1424.65,";;34;27;36;28;13*6;29;5;10;2*24;30;21;19;25;33;1;15*38;9;18;12;31;20;32;35;37;26;17;11*8;22;3;7;16;23*4;14","6",""
2978,1040.2557,1020.5918,1449.0023,";;34;27;36;28;13*6;29;5;10;2*24;30;21;19;25;33;1;15*38;9;18;12;31;20;32;35;37;26;17;11*8;22;3;7;16;23*4;14","6",""
2979,1039.3757,1020.5918,1462.7137,";;34;27;36;28;13*6;29;5;10;2*24;30;21;19;25;33;1;15*38;9;18;12;31;20;32;35;37;26;17;11*8;22;3;7;16;23*4;14","6",""
2980,1031.0403,1020.5918,1302.1049,";;34;27;36;28;13*6;29;5;10;2*24;30;21;19;25;33;1;15*38;9;18;12;31;20;32;35;37;26;17;11*8;22;3;7;16;23*4;14","6",""
2981,1031.8549,1020.5918,1292.5927,";;34;27;36;28;13*6;29;5;10;2*24;30;21;19;25;33;1;15*38;9;18;12;31;20;32;35;37;26;17;11*8;22;3;7;16;23*4;14","6",""
2982,1026.98,1020.5918,1297.8777,";;34;27;36;28;13*6;29;5;10;2*24;30;21;19;25;33;1;15*38;9;18;12;31;20;32;35;37;26;17;11*8;22;3;7;16;23*4;14","6",""
2983,1027.4558,1020.5918,1297.8777,";;34;27;36;28;13*6;29;5;10;2*24;30;21;19;25;33;1;15*38;9;18;12;31;20;32;35;37;26;17;11*8;22;3;7;16;23*4;14","6",""
2984,1030.397,1020.5918,1356.4304,";;34;27;36;28;13*6;29;5;10;2*24;30;21;19;25;33;1;15*38;9;18;12;31;20;32;35;37;26;17;11*8;22;3;7;16;23*4;14","6",""
2985,1025.5917,1020.5918,1232.22,";;34;27;36;28;13*6;29;5;10;2*24;30;21;19;25;33;1;15*38;9;18;12;31;20;32;35;37;26;17;11*8;22;3;7;16;23*4;14","6",""
2986,1033.119,1020.5918,1322.5897,";;34;27;36;28;13*6;29;5;10;2*24;30;21;19;25;33;1;15*38;9;18;12;31;20;32;35;37;26;17;11*8;22;3;7;16;23*4;14","6",""
2987,1028.418,1020.5918,1279.3489,";;34;27;36;28;13*6;29;5;10;2*24;30;21;19;25;33;1;15*38;9;18;12;31;20;32;35;37;26;17;11*8;22;3;7;16;23*4;14","6",""
2988,1038.6846,1020.5918,1323.8762,";;34;27;36;28;13*6;29;5;10;2*24;30;21;19;25;33;1;15*38;9;18;12;31;20;32;35;37;26;17;11*8;22;3;7;16;23*4;14","6",""
2989,1032.7917,1020.5918,1372.3531,";;34;27;36;28;13*6;29;5;10;2*24;30;21;19;25;33;1;15*38;9;18;12;31;20;32;35;37;26;17;11*8;22;3;7;16;23*4;14","6",""
2990,1030.3918,1020.5918,1362.0345,";;34;27;36;28;13*6;29;5;10;2*24;30;21;19;25;33;1;15*38;9;18;12;31;20;32;35;37;26;17;11*8;22;3;7;16;23*4;14","6",""
2991,1027.3304,1020.5918,1282.8167,";;34;27;36;28;13*6;29;5;10;2*24;30;21;19;25;33;1;15*38;9;18;12;31;20;32;35;37;26;17;11*8;22;3;7;16;23*4;14","6",""
2992,1043.3501,1020.5918,1502.5903,";;34;27;36;28;13*6;29;5;10;2*24;30;21;19;25;33;1;15*38;9;18;12;31;20;32;35;37;26;17;11*8;22;3;7;16;23*4;14","6",""
2993,1031.431,1020.5918,1401.6146,";;34;27;36;28;13*6;29;5;10;2*24;30;21;19;25;33;1;15*38;9;18;12;31;20;32;35;37;26;17;11*8;22;3;7;16;23*4;14","6",""
2994,1030.0507,1020.5918,1350.077,";;34;27;36;28;13*6;29;5;10;2*24;30;21;19;25;33;1;15*38;9;18;12;31;20;32;35;37;26;17;11*8;22;3;7;16;23*4;14","6",""
2995,1036.1676,1020.5918,1308.2539,";;34;27;36;28;13*6;29;5;10;2*24;30;21;19;25;33;1;15*38;9;18;12;31;20;32;35;37;26;17;11*8;22;3;7;16;23*4;14","6",""
2996,1044.2683,1020.5918,1532.9471,";;34;27;36;28;13*6;29;5;10;2*24;30;21;19;25;33;1;15*38;9;18;12;31;20;32;35;37;26;17;11*8;22;3;7;16;23*4;14","6",""
2997,1038.6733,1020.5918,1462.7137,";;34;27;36;28;13*6;29;5;10;2*24;30;21;19;25;33;1;15*38;9;18;12;31;20;32;35;37;26;17;11*8;22;3;7;16;23*4;14","6",""
2998,1041.0581,1020.5918,1449.0023,";;34;27;36;28;13*6;29;5;10;2*24;30;21;19;25;33;1;15*38;9;18;12;31;20;32;35;37;26;17;11*8;22;3;7;16;23*4;14","6",""
2999,1033.4585,1020.5918,1359.4012,";;34;27;36;28;13*6;29;5;10;2*24;30;21;19;25;33;1;15*38;9;18;12;31;20;32;35;37;26;17;11*8;22;3;7;16;23*4;14","6",""
