"Generation","Average","Max","Min","BestGen","amountOfTours","repeatedGens","BestValue: 945.36426"
0,2180.9116,1847.0724,2474.8267,";;22;23;34;27;11;10*29;13;33;20;18;3*15;7;37;25;14*8;30;21;9;6;28;16*24;12;36;26;2;31;4;19;38*5;1;32;17;35","6",""
1,2063.6008,1824.0533,2339.1643,";;26;10;18;11;34;8;5;4*25;28;6;13*27;33;20;29;12;7;16*22;17;23;1;2;35;14;9;32;24;37;31*3;19;36;30;38;15;21","5",""
2,1985.7761,1765.179,2264.9055,";;26;10;18;11;34;8;5;4*25;28;6;13*27;33;20;29;12;7;32;1;9*19;22;16;14;2;23;17;21;36*24;3;35;37;30;38;15;31","5",""
3,1944.143,1724.6671,2306.279,";;26;10;18;11;34;8;5;4*25;28;6;13*27;33;20;29;12;7;32;22;17*16;3;23;1;2;35;38;14;31;30;9;19*36;24;37;15;21","5",""
4,1867.9861,1651.4803,2229.0437,";;26;10;34;27;11;8;5*4;25;28;6;13;18*33;20;29;12;7;32;22;17;16*3;23;1;2;35;38;14;31;30;9;19*36;24;37;15;21","5",""
5,1791.13,1613.1053,2135.0725,";;26;10;34;27;11;8;5*4;25;28;6;13;18*33;20;29;22;7;32;12;17;16*3;23;1;2;35;38;14;31;30;9;19*36;24;37;15;21","5",""
6,1731.7839,1591.3323,1963.781,";;26;10;34;27;11;8;5*4;25;28;6;13;18*33;20;29;12;7;32;22;17;16*3;23;1;2;35;38;14;31;19;9;30*36;24;37;15;21","5",""
7,1671.5815,1567.3079,1891.5193,";;26;10;34;27;11;8;5*4;25;28;6;13;18*33;20;29;12;7;16;22*3;23;1;2;35;17;30;31;32;14;19;9;38*36;24;37;15;21","5",""
8,1631.9059,1552.9573,2042.8131,";;26;10;34;27;11;8;5*4;25;28;6;13;18*33;20;29;22;7;32;12;17;16*3;23;1;2;35;38;14;31;19;9;30*36;24;37;15;21","5",""
9,1591.0875,1494.0841,1780.9336,";;26;10;34;27;11;8;5*4;25;28;6;13;18*33;20;29;12;7;32;22*3;16;17;23;1;2;35;38;14;31;19;9*30;36;24;37;15;21","5",""
10,1570.1014,1492.3235,1901.9855,";;26;10;34;27;11;8;5*4;25;28;6;13;30*33;20;29;12;32;7;22*3;23;1;2;35;17;16;31;18;14;19*9;38;36;24;37;15;21","5",""
11,1544.8953,1479.4948,1968.2268,";;26;10;34;27;11;8;5*4;25;28;6;13;30*33;20;29;12;7;32;22*3;16;17;23;1;2;35;38;18;14*19;9;31;36;24;37;15*21","6",""
12,1517.4358,1470.0265,1841.6915,";;26;10;34;27;11;8;5*4;25;28;6;13;30*33;20;29;12;7;32;22*3;16;17;23;35;2;1;31;18;14;19*9;38;36;24;37;15;21","5",""
13,1502.894,1470.0265,1694.2948,";;26;10;34;27;11;8;5*4;25;28;6;13;30*33;20;29;12;7;32;22*3;16;17;23;35;2;1;31;18;14;19*9;38;36;24;37;15;21","5",""
14,1502.2322,1377.9425,1820.672,";;26;10;34;27;11;8;5*4;14;28;6;13;30;33;20*29;12;7;32;22;3;16*17;23;35;2;1;31;18;25;19;9;38*36;24;37;15;21","5",""
15,1484.4442,1377.9425,1772.5609,";;26;10;34;27;11;8;5*4;14;28;6;13;30;23*20;29;12;7;32;22;3*16;17;33;35;2;1;31;18;25;19;9;38*36;24;37;15;21","5",""
16,1459.2809,1363.9358,1977.3466,";;26;10;34;27;17;8;5;4;14*28;6;13;30;33;20*29;12;16;32;22;3;7*11;23;35;2;1;31;18;25;19;9;38*36;24;37;15;21","5",""
17,1398.4602,1317.2605,1757.6989,";;26;35;34;27;11;8;5;4;14*28;6;13;30;33;20*29;12;7;32;22;3;16*17;23;10;2;1;31;18;25;19;9;38*36;24;37;15;21","5",""
18,1387.8444,1317.2605,1816.7108,";;26;35;34;27;11;8;5;4;14*28;6;13;30;33;20*29;12;7;32;22;3;16*17;23;10;2;1;31;18;25;19;9;38*36;24;37;15;21","5",""
19,1380.554,1300.3805,1711.649,";;26;35;34;27;11;8;5;4;14*28;6;13;30;33;20*29;12;7;32;22;3;16*17;23;10;2;1;31;18;25;19;9;38*36;37;24;15;21","5",""
20,1350.2657,1294.0215,1798.2935,";;26;35;34;27;11;8;5;4;14*28;6;13;30;33;20;1;12*16;32;22;3;7;17;23*10;2;29;31;18;25;19;9;38*36;24;37;15;21","5",""
21,1331.9258,1286.9056,1699.301,";;26;35;34;27;11;8;5;4;14*28;6;13;30;33;20*29;16;7;32;22;3;12*15;23;17;2;1;31;18;25;19;9*38;36;37;24;10;21","5",""
22,1319.57,1277.1415,1834.9392,";;26;35;34;27;11;8;5;4;14*28;6;13;30;33;20;1;12*16;32;22;3;7;17;23*10;2;29;31;18;25;19;9;38*36;37;24;15;21","5",""
23,1333.3812,1274.0913,1743.1748,";;26;35;34;27;11;8;5;4;14*28;6;13;30;33;20*29;16;7;32;22;3;12*17;23;10;2;1;31;18;25;19;9;38*36;37;24;15;21","5",""
24,1305.2979,1274.0913,1741.697,";;26;35;34;27;11;8;5;4;14*28;6;13;30;33;20*29;16;7;32;22;3;12*17;23;10;2;1;31;18;25;19;9;38*36;37;24;15;21","5",""
25,1302.2173,1260.0975,1674.7533,";;26;35;34;27;11;8;5;4;14*6;28;13;30;33;20;1;12*16;32;22;3;7;17;23*10;2;29;31;18;25;19;9;38*36;37;24;15;21","5",""
26,1277.8882,1257.0474,1406.5481,";;26;35;34;27;11;8;5;4;14*6;28;13;30;33;20*29;16;7;32;22;3;12*17;23;10;2;1;31;18;25;19;9;38*36;37;24;15;21","5",""
27,1290.7975,1216.5149,1647.5087,";;26;35;34;27;11;8;5;4;14*28;6;13;30;33;20*29;16;7;32;22;3;12*15;23;10;2;1;31;38;25*19;9;18;36;37;24;17;21","5",""
28,1273.1527,1199.471,1455.313,";;26;35;34;27;11;8;5;4;14*6;28;13;30;33;20*29;16;7;32;22;3;12*15;23;10;2;1;31;38;25*19;9;18;36;37;24;17;21","5",""
29,1276.0825,1199.471,1686.0172,";;26;35;34;27;11;8;5;12;14*6;28;13;30;33;20*29;16;7;32;22;3;4*15;23;10;2;1;31;38;25*19;9;18;36;37;24;17;21","5",""
30,1248.9033,1199.471,1573.6106,";;26;35;34;27;11;8;5;4;14*6;28;13;30;33;20*29;16;7;32;22;3;12*15;23;10;2;1;31;38;25*19;9;18;36;37;24;17;21","5",""
31,1228.8046,1188.4006,1574.7643,";;38;35;34;27;11;8;5;4;14*6;28;13;30;33;20*29;16;7;32;22;3;12*15;2;10;23;1;31;18;25*19;9;26;36;37;24;17;21","5",""
32,1209.3184,1187.0441,1367.6073,";;38;35;34;27;11;8;5;4;14*6;28;13;30;21;20*29;16;7;32;22;3;12*15;2;10;23;1;31;18;25*19;9;26;36;37;24;17*33","6",""
33,1231.3082,1153.9006,1651.2612,";;5;35;34;27;11;8;38;4;14*6;28;13;23;33*20;29;16;7;32;22;3*12;15;2;10;30;1;31;18;25*19;9;26;36;37;24;17;21","5",""
34,1224.527,1153.9006,1535.3656,";;5;35;34;27;11;8;38;4;14*6;28;13;30;33;20*29;16;7;32;22;3;12*15;2;10;23;1;31;18;25*19;9;26;36;37;24;17;21","5",""
35,1233.2441,1153.9006,1534.4883,";;5;35;34;27;11;8;38;4;14*6;28;13;30;33;20*29;16;7;32;22;3;12*15;2;10;23;1;31;18;25*19;9;26;36;37;24;17;21","5",""
36,1202.1031,1142.8435,1475.813,";;5;35;34;27;11;8;38;4;14*6;28;13;30;2;20*29;16;7;32;22;3;12*15;33;10;23;1;31;25*21;19;9;26;36;37;24;17;18","5",""
37,1187.9613,1142.8435,1614.9084,";;5;35;34;27;11;8;38;4;14*6;28;13;30;33;20*29;16;7;32;22;3;12*15;2;10;23;1;31;25;21*19;9;26;36;37;24;17;18","5",""
38,1172.6808,1114.5269,1537.4119,";;5;35;34;27;11;8;38;4;14*6;28;13;30;21;20*29;16;7;32;22;3;12*15;2;10;23;1;31;25*33;19;9;26;36;37;24*17;18","6",""
39,1164.3242,1111.363,1485.2737,";;2;35;34;27;11;8;38;4;14;6*28;13;30;33;20;29*16;7;32;22;3;12;15*5;10;23;1;31;26;21;19;9*25;36;37;24;17;18","5",""
40,1152.9683,1104.0142,1521.9199,";;5;35;34;36;11;8;38;4;14*6;28;13;30;21;20*29;16;7;32;22;3;12*15;2;10;23;1;31;25*33;19;9;26;27;37;24;17;18","5",""
41,1149.3213,1104.0142,1567.6166,";;5;35;34;36;11;8;38;4;14*6;28;13;30;21;20;37*16;7;32;22;3;12;15*2;10;23;1;31;25;33;19;9*26;27;29;24;17;18","5",""
42,1127.5104,1104.0142,1376.3826,";;5;35;34;36;11;8;38;4;14*6;28;13;30;21;20*29;16;7;32;22;3;12*15;2;10;23;1;31;25*33;19;9;26;27;37;24;17;18","5",""
43,1142.5287,1097.3167,1442.9199,";;5;35;34;36;11;8;38;4;14*6;28;13;30;21;20*29;16;32;7;22;3;12*15;2;10;23;1;31;25*33;19;9;26;27;37;24;17;18","5",""
44,1136.9999,1097.3167,1548.4688,";;5;35;34;36;11;8;38;4;14*6;28;13;30;21;20*29;16;32;7;22;3;12*15;2;10;23;1;31;25*33;19;9;26;27;37;24;17;18","5",""
45,1121.3833,1097.3167,1421.216,";;5;35;34;36;11;8;38;4;14*6;28;13;30;21;20*29;16;32;7;22;3;12*15;2;10;23;1;31;25*33;19;9;26;27;37;24;17;18","5",""
46,1111.8727,1097.3167,1433.5347,";;5;35;34;36;11;8;38;4;14*6;28;13;30;21;20*29;16;32;7;22;3;12*15;2;10;23;1;31;25*33;19;9;26;27;37;24;17;18","5",""
47,1132.4348,1096.9348,1483.499,";;5;24;34;36;11;8*38;4;14;6;28;13;30;21;20*29;16;32;7;22;3;12*15;2;10;23;1;31;25*33;19;9;26;27;37;35;17;18","5",""
48,1121.4979,1094.4329,1445.324,";;5;35;34;36;11;8;38;4;14*6;28;13;30;21;1;29*16;32;7;22;3;12;15*2;10;23;20;31;25;33;19*9;26;27;37;24;17;18","5",""
49,1116.2406,1094.4329,1382.332,";;5;35;34;36;11;8;38;4;14*6;28;13;30;21;1;29*16;32;7;22;3;12;15*2;10;23;20;31;25;33;19*9;26;27;37;24;17;18","5",""
50,1110.2074,1094.4329,1440.4375,";;5;35;34;36;11;8;38;4;14*6;28;13;30;21;1;29*16;32;7;22;3;12;15*2;10;23;20;31;25;33;19*9;26;27;37;24;17;18","5",""
51,1132.5261,1094.4329,1513.2251,";;5;35;34;36;11;8;38;4;14*6;28;13;30;21;1;29*16;32;7;22;3;12;15*2;10;23;20;31;25;33;19*9;26;27;37;24;17;18","5",""
52,1112.3542,1094.0508,1359.5559,";;5;24;34;36;11;8*38;4;14;6;28;13;30;21;1*29;16;32;7;22;3;12*15;2;10;23;20;31;25*33;19;9;26;27;37;35;17;18","5",""
53,1126.3284,1094.0508,1423.2703,";;5;24;34;36;11;8*38;4;14;6;28;13;30;21;1*29;16;32;7;22;3;12*15;2;10;23;20;31;25*33;19;9;26;27;37;35;17;18","5",""
54,1133.4946,1094.0508,1599.0132,";;5;24;34;36;11;8*38;4;14;6;28;13;30;21;1*29;16;32;7;22;3;12*15;2;10;23;20;31;25*33;19;9;26;27;37;35;17;18","5",""
55,1116.5726,1062.9524,1472.8955,";;2;35;34;36;11;8;38;33;14*6;28;13;30;21;1;29*16;32;7;22;3;12;15*5;10;23;20;31;25;4*19;9;26;27;37;24;17;18","5",""
56,1107.3866,1062.9524,1459.842,";;2;35;34;36;11;8;38;4;14*6;28;13;30;21;1;29*16;32;7;22;3;12;15*5;10;23;20;31;25*33;19;9;26;27;37;24;17;18","5",""
57,1115.5817,1062.9524,1430.9734,";;2;35;34;36;11;8;38;4;14*6;28;13;30;21;1;29*16;32;7;22;3;12;15*5;10;23;20;31;25*33;19;9;26;27;37;24;17;18","5",""
58,1100.2693,1052.561,1436.469,";;2;35;34;36;11;8;38;4;14*6;28;13;30;21;1;10*16;32;7;22;3;12;15*5;29;23;20;31;25*33;19;9;26;27;37;24;17;18","5",""
59,1080.607,1052.561,1426.0415,";;2;35;34;36;11;8;38;4;14*6;28;13;30;21;1;10*16;32;7;22;3;12;15*5;29;23;20;31;25*33;19;9;26;27;37;24;17;18","5",""
60,1075.0641,1052.561,1379.7957,";;2;35;34;36;11;8;38;4;14*6;28;13;30;21;1;10*16;32;7;22;3;12;15*5;29;23;20;31;25*33;19;9;26;27;37;24;17;18","5",""
61,1080.2317,1048.2571,1399.2874,";;2;35;34;36;11;8;38;4;14*6;28;13;30;21;1;10*16;32;7;3;22;12;15*5;29;23;20;31;25*33;19;9;26;27;37;24;17;18","5",""
62,1066.6052,1048.2571,1288.3171,";;2;35;34;36;11;8;38;4;14*6;28;13;30;21;1;10*16;32;7;3;22;12;15*5;29;23;20;31;25*33;19;9;26;27;37;24;17;18","5",""
63,1070.0563,1048.2571,1443.1714,";;2;35;34;36;11;8;38;4;14*6;28;13;30;21;1;10*16;32;7;3;22;12;15*5;29;23;20;31;25*33;19;9;26;27;37;24;17;18","5",""
64,1078.2902,1048.2571,1322.345,";;2;35;34;36;11;8;38;4;14*6;28;13;30;21;1;10*16;32;7;3;22;12;15*5;29;23;20;31;25*33;19;9;26;27;37;24;17;18","5",""
65,1076.6976,1048.2571,1434.4222,";;2;35;34;36;11;8;38;4;14*6;28;13;30;21;1;10*16;32;7;3;22;12;15*5;29;23;20;31;25*33;19;9;26;27;37;24;17;18","5",""
66,1064.0304,1048.2571,1315.6763,";;2;35;34;36;11;8;38;4;14*6;28;13;30;21;1;10*16;32;7;3;22;12;15*5;29;23;20;31;25*33;19;9;26;27;37;24;17;18","5",""
67,1072.0236,1048.2571,1556.2852,";;2;35;34;36;11;8;38;4;14*6;28;13;30;21;1;10*16;32;7;3;22;12;15*5;29;23;20;31;25*33;19;9;26;27;37;24;17;18","5",""
68,1062.9183,1046.3462,1426.2952,";;2;35;34;36;11;8;38;4;14*6;28;13;30;21;1;10*16;32;7;3;22;15;12*5;29;23;20;31;25*33;19;9;26;27;37;24;17;18","5",""
69,1057.3068,1046.3462,1423.9741,";;2;35;34;36;11;8;38;4;14*6;28;13;30;21;1;10*16;32;7;3;22;15;12*5;29;23;20;31;25*33;19;9;26;27;37;24;17;18","5",""
70,1103.5322,1046.3462,1606.0144,";;2;35;34;36;11;8;38;4;14*6;28;13;30;21;1;10*16;32;7;3;22;15;12*5;29;23;20;31;25*33;19;9;26;27;37;24;17;18","5",""
71,1062.4437,1046.3462,1600.8423,";;2;35;34;36;11;8;38;4;14*6;28;13;30;21;1;10*16;32;7;3;22;15;12*5;29;23;20;31;25*33;19;9;26;27;37;24;17;18","5",""
72,1062.9716,1032.7983,1373.5925,";;2;35;22;36;11;8;38;4;14*6;28;13;30;21;1;10*16;32;7;3;37*15;12;5;29;23*20;31;25;33;19;9;26;27;34*24;17;18","6",""
73,1059.5178,1032.7983,1267.2135,";;2;35;37;36;11;8;38;4;14*6;28;13;30;21;1;10*16;32;7;3;22;15;12*5;29;23;20;31;25*33;19;9;26;27;34;24;17;18","5",""
74,1082.7994,1032.7983,1523.3704,";;2;35;37;36;11;8;38;4;14*6;28;13;30;21;1;10*16;32;7;3;22;15;12*5;29;23;20;31;25*33;19;9;26;27;34;24;17;18","5",""
75,1065.1174,1032.7983,1598.9316,";;2;35;37;36;11;8;38;4;14*6;28;13;30;21;1;10*16;32;7;3;25*15;12;5;29;23*20;31;22;33;19;9;26;27;34;24;17;18","5",""
76,1056.7931,1032.7983,1314.1353,";;2;35;37;36;11;8;38;4;14*6;28;13;30;21;1;10*16;32;7;3;22;15;12*5;29;23;20;31;25*33;19;9;26;27;34;24;17;18","5",""
77,1049.4127,1032.7983,1418.2178,";;2;35;37;36;11;8;38;4;14*6;28;13;30;21;1;10*16;32;7;3;22;15;12*5;29;23;20;31;25*33;19;9;26;27;34;24;17;18","5",""
78,1067.5721,1032.7983,1403.2191,";;2;35;37;36;11;8;38;4;14*6;28;13;30;21;1;10*16;32;7;3;22;15;12*5;29;23;20;31;25*33;19;9;26;27;34;24;17;18","5",""
79,1067.516,1032.7983,1582.7161,";;2;35;37;36;11;8;38;4;14*6;28;13;30;21;1;10*16;32;7;3;22;15;12*5;29;23;20;31;25*33;19;9;26;27;34;24;17;18","5",""
80,1043.4634,1032.7983,1512.4851,";;2;35;37;36;11;8;38;4;14*6;28;13;30;21;1;10*16;32;7;3;22;15;12*5;29;23;20;31;25*33;19;9;26;27;34;24;17;18","5",""
81,1047.8119,1032.7983,1334.469,";;2;35;37;36;11;8;38;4;14*6;28;13;30;21;1;10*16;32;7;3;22;15;12*5;29;23;20;31;25*33;19;9;26;27;34;24;17;18","5",""
82,1049.4098,1014.91235,1329.1074,";;21;35;37;36;11;8;18;4;14*6;28;13;30;2;1;10*16;32;7;3;22;15;12*5;29;23;20;31;25*33;19;9;26;27;34;24;17;38","5",""
83,1046.575,1014.91235,1432.044,";;2;35;37;36;11;8;18;4;14*6;28;13;30;21;1;10*16;32;7;3;22;15;12*5;29;23;20;31;25*33;19;9;26;27;34;24;17;38","5",""
84,1047.8988,1014.91235,1300.9402,";;2;35;37;36;11;8;18;4;14*6;28;13;30;21;1;10*16;32;7;3;22;15;12*5;29;23;20;31;25*33;19;9;26;27;34;24;17;38","5",""
85,1051.9834,1014.91235,1512.4161,";;2;35;37;36;11;8;18;4;14*6;28;13;30;21;1;10*16;32;7;9;22;15;12;5*29;23;20;31;25;33;19*3;26;27;34;24;17;38","5",""
86,1038.5133,1014.91235,1618.9069,";;2;35;37;36;11;8;18;4;14*6;28;13;30;21;1;10*16;32;7;3;22;15;12*5;29;23;20;31;25*33;19;9;26;27;34;24;17;38","5",""
87,1024.9019,1014.91235,1239.3032,";;2;35;37;36;11;8;18;4;14*6;28;13;30;21;1;10*16;32;7;3;22;15;12*5;29;23;20;31;25*33;19;9;26;27;34;24;17;38","5",""
88,1033.6305,1014.91235,1426.7549,";;2;35;37;36;11;8;18;4;14*6;28;13;30;21;1;10*16;32;7;3;22;15;12*5;29;23;20;31;25*33;19;9;26;27;34;24;17;38","5",""
89,1029.2091,1014.91235,1498.5614,";;2;35;37;36;11;8;18;4;14*6;28;13;30;21;1;10*16;32;7;3;22;15;12*5;29;23;20;31;25*33;19;9;26;27;34;24;17;38","5",""
90,1033.6567,1014.91235,1369.9778,";;2;35;37;36;11;8;18;4;14*6;28;13;30;21;1;10*16;32;7;3;22;15;12*5;29;23;20;31;25*33;19;9;26;27;34;24;17;38","5",""
91,1051.6462,1014.91235,1618.9069,";;2;35;37;36;11;8;18;4;14*6;28;13;30;21;1;10*16;32;7;3;22;15;12*5;29;23;20;31;25*33;19;9;26;27;34;24;17;38","5",""
92,1037.8654,1013.7998,1426.1161,";;2;35;37;36;11;8;18;4;14*6;28;13;30;21;1;15*16;32;7;3;22;10;12*5;29;23;20;31;25*33;19;9;26;27;34;24;17;38","5",""
93,1025.95,1013.7998,1268.0518,";;2;35;37;36;11;8;18;4;14*6;28;13;30;21;1;15*16;32;7;3;22;10;12*5;29;23;20;31;25*33;19;9;26;27;34;24;17;38","5",""
94,1031.7935,1013.7998,1292.1836,";;2;35;37;36;11;8;18;4;14*6;28;13;30;21;1;15*16;32;7;3;22;10;12*5;29;23;20;31;25*33;19;9;26;27;34;24;17;38","5",""
95,1044.0574,1013.7998,1440.125,";;2;35;37;36;11;8;18;4;14*6;28;13;30;21;1;15*16;32;7;3;22;10;12*5;29;23;20;31;25*33;19;9;26;27;34;24;17;38","5",""
96,1029.7358,1013.7998,1280.7548,";;2;35;37;36;11;8;18;4;14*6;28;13;30;21;1;15*16;32;7;3;22;10;12*5;29;23;20;31;25*33;19;9;26;27;34;24;17;38","5",""
97,1033.6427,1013.7998,1347.9341,";;2;35;37;36;11;8;18;4;14*6;28;13;30;21;1;15*16;32;7;3;22;10;12*5;29;23;20;31;25*33;19;9;26;27;34;24;17;38","5",""
98,1058.4204,1013.7998,1485.7588,";;2;35;37;36;11;8;18;4;14*6;28;13;30;21;1;15*16;32;7;3;22;10;12*5;29;23;20;31;25*33;19;9;26;27;34;24;17;38","5",""
99,1026.6355,1013.7998,1451.9147,";;2;35;37;36;11;8;18;4;14*6;28;13;30;21;1;15*16;32;7;3;22;10;12*5;29;23;20;31;25*33;19;9;26;27;34;24;17;38","5",""
100,1019.8783,1013.7998,1191.7871,";;2;35;37;36;11;8;18;4;14*6;28;13;30;21;1;15*16;32;7;3;22;10;12*5;29;23;20;31;25*33;19;9;26;27;34;24;17;38","5",""
101,1038.1338,1013.7998,1418.738,";;2;35;37;36;11;8;18;4;14*6;28;13;30;21;1;15*16;32;7;3;22;10;12*5;29;23;20;31;25*33;19;9;26;27;34;24;17;38","5",""
102,1032.4642,1013.7998,1412.5814,";;2;35;37;36;11;8;18;4;14*6;28;13;12;21;1*15;16;32;7;3;22*10;30;5;29;23;20;31*25;33;19;9;26;27;34;24*17;38","6",""
103,1041.6665,1013.7998,1496.5319,";;2;35;37;36;11;8;18;4;14*6;28;13;30;21;1;15*16;32;7;3;22;10;12*5;29;23;20;31;25*33;19;9;26;27;34;24;17;38","5",""
104,1044.5504,1013.7998,1657.3566,";;2;35;37;36;11;8;18;4;14*6;28;13;30;21;1;15*16;32;7;3;22;10;12*5;29;23;20;31;25*33;19;9;26;27;34;24;17;38","5",""
105,1053.6875,1013.7998,1572.1776,";;2;35;37;36;11;8;18;4;14*6;28;13;30;21;1;15*16;32;7;3;22;10;12*5;29;23;20;31;25*33;19;9;26;27;34;24;17;38","5",""
106,1037.5609,1013.7998,1414.4363,";;2;35;37;36;11;8;18;4;14*6;28;13;30;21;1;15*16;32;7;3;22;10;12*5;29;23;20;31;25*33;19;9;26;27;34;24;17;38","5",""
107,1035.9357,1013.7998,1364.8275,";;2;35;37;36;11;8;18;4;14*6;28;13;30;21;1;15*16;32;7;3;22;10;12*5;29;23;20;31;25*33;19;9;26;27;34;24;17;38","5",""
108,1025.1997,1001.4967,1330.6416,";;2;35;37;36;11;8;18;4;14*6;28;13;30;21;1;15*32;16;7;3;22;10;12*5;29;23;20;31;25*33;19;9;26;27;34;24;17;38","5",""
109,1036.765,1001.4967,1475.2134,";;2;35;37;36;11;8;18;4;14*6;28;13;30;21;1;15*32;16;7;3;22;10;12*5;29;23;20;31;25*33;19;9;26;27;34;24;17;38","5",""
110,1030.5247,1001.4967,1561.0554,";;2;35;37;36;11;8;18;4;14*6;28;13;30;21;1;15*32;16;7;3;22;10;12*5;29;23;20;31;25*33;19;9;26;27;34;24;17;38","5",""
111,1012.4007,1001.4967,1437.5657,";;2;35;37;36;11;8;18;4;14*6;28;13;30;21;1;15*32;16;7;3;22;10;12*5;29;23;20;31;25*33;19;9;26;27;34;24;17;38","5",""
112,1030.2725,1001.4967,1411.4609,";;2;35;37;36;11;8;18;4;14*6;28;13;30;21;1;15*32;16;7;3;22;10;12*5;29;23;20;31;25*33;19;9;26;27;34;24;17;38","5",""
113,1021.7701,1001.4967,1395.0652,";;2;35;37;15;11;8;18;4;14*6;28;13;30;21;1;36*32;16;7;3;22;10;12*5;29;23;20;31;25*33;19;9;26;27;34;24;17;38","5",""
114,1020.7545,1001.4967,1424.4434,";;2;35;37;36;11;8;18;4;14*6;28;13;30;21;1;15*32;16;7;3;22;10;12*5;29;23;20;31;25*33;19;9;26;27;34;24;17;38","5",""
115,1043.7772,1001.4967,1492.7266,";;2;35;37;36;11;8;18;4;14*6;28;13;30;21;1;15*32;16;7;3;22;10;12*5;29;23;20;31;25*33;19;9;26;27;34;24;17;38","5",""
116,1017.81744,1001.4967,1378.8848,";;2;35;37;36;11;8;18;4;14*6;28;13;30;21;1;15*32;16;7;3;22;10;12*5;29;23;20;31;25*33;19;9;26;27;34;24;17;38","5",""
117,1024.448,1001.4967,1323.9382,";;2;35;37;36;11;8;18;4;14*6;28;13;30;21;1;15*32;16;7;3;22;10;12*5;29;23;20;31;25*33;19;9;26;27;34;24;17;38","5",""
118,1016.65704,1001.4967,1230.4208,";;2;35;37;36;11;8;18;4;14*6;28;13;30;21;1;15*32;16;7;3;22;10;12*5;29;23;20;31;25*33;19;9;26;27;34;24;17;38","5",""
119,1020.45825,1001.4967,1399.0859,";;2;35;37;36;11;8;18;4;14*6;28;13;30;21;1;15*32;16;7;3;22;10;12*5;29;23;20;31;25*33;19;9;26;27;34;24;17;38","5",""
120,1015.6453,1001.4967,1254.8866,";;2;35;37;36;11;8;18;4;14*6;28;13;30;21;1;15*32;16;7;3;22;10;12*5;29;23;20;31;25*33;19;9;26;27;34;24;17;38","5",""
121,1026.001,1001.4967,1356.3966,";;2;35;37;36;11;8;18;4;14*6;28;13;30;21;1;15*32;16;7;3;22;10;12*5;29;23;20;31;25*33;19;9;26;27;34;24;17;38","5",""
122,1014.15924,1001.4967,1376.6816,";;2;35;37;36;11;8;18;4;14*6;28;13;30;21;1;15*32;16;7;3;22;10;12*5;29;23;20;31;25*33;19;9;26;27;34;24;17;38","5",""
123,1041.5941,1001.4967,1539.9829,";;2;35;37;36;11;8;18;4;14*6;28;13;30;21;1;15*32;16;7;3;22;10;12*5;29;23;20;31;25*33;19;9;26;27;34;24;17;38","5",""
124,1015.26776,1001.4967,1254.0836,";;2;35;37;36;11;8;18;4;14*6;28;13;30;21;1;15*32;16;7;3;22;10;12*5;29;23;20;31;25*33;19;9;26;27;34;24;17;38","5",""
125,1032.4468,1001.4967,1476.9897,";;2;35;37;36;11;8;18;4;14*6;28;13;30;21;1;15*32;16;7;3;22;10;12*5;29;23;20;31;25*33;19;9;26;27;34;24;17;38","5",""
126,1020.69977,1001.4967,1411.4609,";;2;35;37;36;11;8;18;4;14*6;28;13;30;21;1;15*32;16;7;3;22;10;12*5;29;23;20;31;25*33;19;9;26;27;34;24;17;38","5",""
127,1019.8594,1001.4967,1319.3455,";;2;35;37;36;11;8;18;4;14*6;28;13;30;21;1;15*32;16;7;3;22;10;12*5;29;23;20;31;25*33;19;9;26;27;34;24;17;38","5",""
128,1037.2058,1001.4967,1659.2181,";;2;35;37;36;11;8;18;4;14*6;28;13;30;21;1;15*32;16;7;3;22;10;12*5;29;23;20;31;25*33;19;9;26;27;34;24;17;38","5",""
129,1014.7333,1001.4967,1194.0493,";;2;35;37;36;11;8;18;4;14*6;28;13;30;21;1;15*32;16;7;3;22;10;12*5;29;23;20;31;25*33;19;9;26;27;34;24;17;38","5",""
130,1018.77466,1001.4967,1262.6769,";;2;35;37;36;11;8;18;4;14*6;28;13;30;21;1;15*32;16;7;3;22;10;12*5;29;23;20;31;25*33;19;9;26;27;34;24;17;38","5",""
131,1021.9828,1001.4967,1353.4745,";;2;35;37;36;11;8;18;4;14*6;28;13;30;21;1;15*32;16;7;3;22;10;12*5;29;23;20;31;25*33;19;9;26;27;34;24;17;38","5",""
132,1026.59,984.01764,1425.5759,";;2;35;37;26;11;8;18;4;14*6;28;13;30;21;1;15*32;16;7;3;22;10;12*5;29;23;20;31;25*33;19;9;36;27;34;24;17;38","5",""
133,1015.9963,984.01764,1293.743,";;2;35;37;26;11;8;18;4;14*6;28;13;30;21;1;15*32;16;7;3;22;10;12*5;29;23;20;31;25*33;19;9;36;27;34;24;17;38","5",""
134,1014.85657,984.01764,1427.8219,";;2;35;37;26;11;8;18;4;14*6;28;13;30;21;1;15*32;16;7;3;22;10;12*5;29;23;20;31;25*33;19;9;36;27;34;24;17;38","5",""
135,1011.89044,984.01764,1340.6072,";;2;35;37;26;11;8;18;4;14*6;28;13;30;21;1;15*32;16;7;3;22;10;12*5;29;23;20;31;25*33;19;9;36;27;34;24;17;38","5",""
136,1001.89264,979.3388,1491.1302,";;2;35;37;26;11;8;18;14;4*6;28;13;30;21;1;15*32;16;7;3;22;10;12*5;29;23;20;31;25*33;19;9;36;27;34;24;17;38","5",""
137,1010.8696,979.3388,1452.7174,";;2;35;37;26;11;8;18;14;4*6;28;13;30;21;1;15*32;16;7;3;22;10;12*5;29;23;20;31;25*33;19;9;36;27;34;24;17;38","5",""
138,1011.76685,979.3388,1343.8735,";;2;35;37;26;11;8;18;14;4*6;28;13;30;21;1;15*32;16;7;3;22;10;12*5;29;34;20;31;25;33*19;9;36;27;23;24;17;38","5",""
139,994.5488,979.3388,1338.9176,";;2;35;37;26;11;8;18;14;4*6;28;13;30;21;1;15*32;16;7;3;22;10;12*5;29;23;20;31;25*33;19;9;36;27;34;24;17;38","5",""
140,999.48706,979.3388,1416.1537,";;2;35;37;26;11;8;18;14;4*6;28;13;30;21;1;15*32;16;7;3;22;10;12*5;29;23;20;31;25*33;19;9;36;27;34;24;17;38","5",""
141,1006.68896,977.9255,1532.7605,";;2;35;37;26;11;8;18;14;4*6;28;13;30;21;1;10;32*16;7;3;22;15;12*5;29;23;20;31;25*33;19;9;36;27;34;24;17;38","5",""
142,1004.6782,977.9255,1478.5139,";;2;35;37;26;11;8;18;14;4*6;28;13;30;21;22;10*32;16;7;3;1;15;12*5;29;23;20;31;25*33;19;9;36;27;34;24;17;38","5",""
143,998.49695,977.9255,1288.9789,";;2;35;37;26;11;8;18;14;4*6;28;13;30;21;1;10;32*16;7;3;22;15;12*5;29;23;20;31;25*33;19;9;36;27;34;24;17;38","5",""
144,1001.41907,977.9255,1413.673,";;2;35;37;26;11;8;18;14;4*6;28;13;30;21;1;10;32*16;7;3;22;15;12*5;29;23;20;31;25*33;19;9;36;27;34;24;17;38","5",""
145,1004.5143,977.9255,1366.1156,";;2;35;37;26;11;8;18;14;4*6;28;13;30;21;1;10;32*16;7;3;22;15;12*5;29;23;20;31;25*33;19;9;36;27;34;24;17;38","5",""
146,1016.18835,977.9255,1471.5459,";;2;35;37;26;11;8;18;14;4*6;28;13;30;21;1;10;32*16;7;3;22;15;12*5;29;23;20;31;25*33;19;9;36;27;34;24;17;38","5",""
147,1010.64276,977.9255,1562.9446,";;2;35;37;1;11;8;18;14;4;6*28;13;30;21;26;10;32;16*7;3;22;15;12*5;29;23;20;31;25*33;19;9;36;27;34;24;17;38","5",""
148,991.26654,977.9255,1213.9153,";;2;35;37;26;11;8;18;14;4*6;28;13;30;21;1;10;32*16;7;3;22;15;12*5;29;23;20;31;25*33;19;9;36;27;34;24;17;38","5",""
149,992.96967,977.9255,1332.1796,";;2;35;37;26;11;8;18;14;4*6;28;13;30;21;1;10;32*16;7;3;22;15;12*5;29;23;20;31;25*33;19;9;36;27;34;24;17;38","5",""
150,1002.9682,977.9255,1461.0258,";;2;35;37;26;11;8;18;14;4*6;28;13;30;21;1;10;32*16;7;3;22;15;12*5;29;23;20;31;25*33;19;9;36;27;34;24;17;38","5",""
151,1001.1217,977.9255,1492.9363,";;2;35;37;26;11;8;18;14;4*6;28;13;30;21;1;10;32*16;7;3;22;15;12*5;29;23;20;31;25*33;19;9;36;27;34;24;17;38","5",""
152,1009.87915,977.9255,1473.7688,";;2;35;37;26;11;8;18;14;4*6;28;13;30;21;1;10;32*16;7;3;22;15;12*5;29;23;20;31;25*33;19;9;36;27;34;24;17;38","5",""
153,993.0524,977.9255,1562.9446,";;2;35;37;26;11;8;18;14;4*6;28;13;30;21;1;10;32*16;7;3;22;15;12*5;29;23;20;31;25*33;19;9;36;27;34;24;17;38","5",""
154,995.82227,977.05524,1513.0242,";;2;35;37;26;11;8;18;14;4*6;28;13;30;21;1;10;32*16;7;3;22;15*25;5;29;23;20;31*12;33;19;9;36;27;34;24*17;38","6",""
155,997.9592,977.05524,1476.423,";;2;35;37;26;11;8;18;14;4*6;28;13;30;21;1;10;32*16;7;3;22;15*25;5;29;23;20;31*12;33;19;9;36;27;34;24*17;38","6",""
156,1005.30774,977.05524,1347.2478,";;2;35;37;26;11;8;18;14;4*6;28;13;30;21;1;10;32*16;7;3;22;15*25;5;29;23;20;31*12;33;19;9;36;27;34;24*17;38","6",""
157,1002.9955,977.05524,1485.7556,";;2;35;37;26;11;8;18;14;4*6;28;13;30;21;1;10;32*16;7;3;22;15*25;5;29;23;20;31*12;33;19;9;36;27;34;24*17;38","6",""
158,1009.1998,977.05524,1479.5677,";;2;35;37;26;11;8;18;14;4*6;28;13;30;21;1;10;32*16;7;3;22;15*25;5;29;23;20;31*12;33;19;9;36;27;34;24*17;38","6",""
159,1010.48456,977.05524,1522.0493,";;2;35;37;26;11;8;18;14;4*6;28;13;30;21;1;10;32*16;7;3;22;15*25;5;29;23;20;31*12;33;19;9;36;27;34;24*17;38","6",""
160,994.9498,977.05524,1556.0513,";;2;35;37;26;11;8;18;14;4*6;28;13;30;21;1;10;32*16;7;3;22;15*25;5;29;23;20;31*12;33;19;9;36;27;34;24*17;38","6",""
161,1006.407,977.05524,1413.6537,";;2;35;37;26;11;8;18;14;4*6;28;13;30;21;1;10;32*16;7;3;22;15*25;5;29;23;20;31*12;33;19;9;36;27;34;24*17;38","6",""
162,1000.409,977.05524,1382.6941,";;2;35;37;26;11;8;18;14;4*6;28;13;30;21;1;10;32*16;7;3;22;15*25;5;29;23;20;31*12;33;19;9;36;27;34;24*17;38","6",""
163,990.7701,976.6728,1359.3899,";;2;35;37;26;11;8;18;14;4*6;28;13;30;21;15*10;32;16;7;3;22;1;12*5;29;23;20;31;25*33;19;9;36;27;34;24;17;38","5",""
164,993.3225,976.6728,1389.768,";;2;35;37;26;11;8;18;14;4*6;28;13;30;21;15*10;32;16;7;3;22;1;12*5;29;23;20;31;25*33;19;9;36;27;34;24;17;38","5",""
165,1005.2099,976.6728,1460.6744,";;2;35;37;26;11;8;18;14;4*6;28;13;30;21;15*10;32;16;7;3;22;1;12*5;29;23;20;31;25*33;19;9;36;27;34;24;17;38","5",""
166,993.80695,976.6728,1372.199,";;2;35;37;26;11;8;18;14;4*6;28;13;30;21;15*10;32;16;7;3;22;1;12*5;29;23;20;31;25*33;19;9;36;27;34;24;17;38","5",""
167,994.86646,976.6728,1379.5679,";;2;35;37;26;11;8;18;14;4*6;28;13;30;21;15*10;32;16;7;3;22;1;12*5;29;23;20;31;25*33;19;9;36;27;34;24;17;38","5",""
168,998.2326,976.6728,1368.0409,";;2;35;37;26;11;8;18;14;4*6;28;13;30;21;15*10;32;16;7;3;22;1;12*5;29;23;20;31;25*33;19;9;36;27;34;24;17;38","5",""
169,999.8528,976.6728,1398.1425,";;2;35;37;26;11;8;18;14;4*6;28;13;30;21;15*10;32;16;7;3;22;1;12*5;29;23;20;31;25*33;19;9;36;27;34;24;17;38","5",""
170,990.12427,976.6728,1340.6111,";;2;35;37;26;11;8;18;14;4*6;28;13;30;21;15*10;32;16;7;3;22;1;12*5;29;23;20;31;25*33;19;9;36;27;34;24;17;38","5",""
171,1001.08673,976.6728,1507.3052,";;2;35;37;26;11;8;18;14;4*6;28;13;30;21;15*10;32;16;7;3;22;1;12*5;29;23;20;31;25*33;19;9;36;27;34;24;17;38","5",""
172,994.01654,976.6728,1337.9607,";;2;35;37;26;11;8;18;14;4*6;28;13;30;21;15*10;32;16;7;3;22;1;12*5;29;23;20;31;25*33;19;9;36;27;34;24;17;38","5",""
173,1007.9592,976.6728,1363.302,";;2;35;37;26;11;8;18;14;4*6;28;13;30;21;15*10;32;16;7;3;22;1;12*5;29;23;20;31;25*33;19;9;36;27;34;24;17;38","5",""
174,1003.5341,976.6728,1316.2749,";;2;35;37;26;11;8;18;14;4*6;28;13;30;21;15*10;32;16;7;3;22;1;12*5;29;23;20;31;25*33;19;9;36;27;34;24;17;38","5",""
175,995.69867,976.6728,1330.0118,";;2;35;37;26;11;8;18;14;4*6;28;13;30;21;15*10;32;16;7;3;22;1;12*5;29;23;20;31;25*33;19;9;36;27;34;24;17;38","5",""
176,1005.1498,976.6728,1303.9957,";;2;35;37;26;11;8;18;14;4*6;28;13;30;21;15*10;32;16;7;3;22;1;12*5;29;23;20;31;25*33;19;9;36;27;34;24;17;38","5",""
177,986.55334,976.6728,1203.7555,";;2;35;37;26;11;8;18;14;4*6;28;13;30;21;15*10;32;16;7;3;22;1;12*5;29;23;20;31;25*33;19;9;36;27;34;24;17;38","5",""
178,994.6638,976.6728,1368.0409,";;2;35;37;26;11;8;18;14;4*6;28;13;30;21;15*10;32;16;7;3;22;1;12*5;29;23;20;31;25*33;19;9;36;27;34;24;17;38","5",""
179,1012.62775,976.6728,1491.9341,";;2;35;37;26;11;8;18;14;4*6;28;13;30;21;15*10;32;16;7;3;22;1;12*5;29;23;20;31;25*33;19;9;36;27;34;24;17;38","5",""
180,1003.18274,976.6728,1300.6605,";;2;35;37;26;11;8;18;14;4*6;28;13;30;21;15*10;32;16;7;3;22;1;12*5;29;23;20;31;25*33;19;9;36;27;34;24;17;38","5",""
181,998.3493,976.6728,1413.7252,";;2;35;37;26;11;8;18;14;4*6;28;13;30;21;15*10;32;16;7;3;22;1;12*5;29;23;20;31;25*33;19;9;36;27;34;24;17;38","5",""
182,1011.40485,976.6728,1406.4003,";;2;35;37;26;11;8;18;14;4*6;28;13;30;21;15*10;32;16;7;3;22;1;12*5;29;23;20;31;25*33;19;9;36;27;34;24;17;38","5",""
183,1004.1857,976.6728,1442.0992,";;2;35;37;26;11;8;18;14;4*6;28;13;30;21;15*10;32;16;7;3;22;1;12*5;29;23;20;31;25*33;19;9;36;27;34;24;17;38","5",""
184,992.40454,976.6728,1278.0603,";;2;35;37;26;11;8;18;14;4*6;28;13;30;21;15*10;32;16;7;3;22;1;12*5;29;23;20;31;25*33;19;9;36;27;34;24;17;38","5",""
185,994.2344,976.6728,1337.9607,";;2;35;37;26;11;8;18;14;4*6;28;13;30;21;15*10;32;16;7;3;22;1;12*5;29;23;20;31;25*33;19;9;36;27;34;24;17;38","5",""
186,998.3006,976.6728,1379.5679,";;2;35;37;26;11;8;18;14;4*6;28;13;30;21;15*10;32;16;7;3;22;1;12*5;29;23;20;31;25*33;19;9;36;27;34;24;17;38","5",""
187,987.4568,976.6728,1211.2006,";;2;35;37;26;11;8;18;14;4*6;28;13;30;21;15*10;32;16;7;3;22;1;12*5;29;23;20;31;25*33;19;9;36;27;34;24;17;38","5",""
188,1000.8466,976.6728,1395.8976,";;2;35;37;26;11;8;18;14;4*6;28;13;30;21;15*10;32;16;7;3;22;1;12*5;29;23;20;31;25*33;19;9;36;27;34;24;17;38","5",""
189,992.74976,976.6728,1218.2223,";;2;35;37;26;11;8;18;14;4*6;28;13;30;21;15*10;32;16;7;3;22;1;12*5;29;23;20;31;25*33;19;9;36;27;34;24;17;38","5",""
190,1011.6364,959.85364,1426.8921,";;2;35;37;26;11;8;18;14;4*6;28;13;30;21;15*10;32;16;7;3;22;1;12*5;29;23;20;31;33*25;19;9;36;27;34;24*17;38","6",""
191,1005.8972,959.85364,1362.7142,";;2;35;37;26;11;8;18;14;4*6;28;13;30;21;15*10;32;16;7;3;22;1;12*5;29;23;20;31;33*25;19;9;36;27;34;24*17;38","6",""
192,996.26697,959.85364,1354.2998,";;2;35;37;26;11;8;18;14;4*6;28;13;30;21;15*10;32;16;7;3;22;1;12*5;29;23;20;31;33*25;19;9;36;27;34;24*17;38","6",""
193,996.23315,959.85364,1477.7207,";;2;35;37;26;11;8;18;14;4*6;28;13;30;21;15*10;32;16;7;3;22;1;12*5;29;23;20;31;33*25;19;9;36;27;34;24*17;38","6",""
194,1009.3867,959.85364,1473.6674,";;2;35;37;26;11;8;18;14;4*6;28;13;30;21;15*10;32;16;7;3;22;1;12*5;29;23;20;31;33*25;19;9;36;27;34;24*17;38","6",""
195,982.5806,959.85364,1231.3402,";;2;35;37;26;11;8;18;14;4*6;28;13;30;21;15*10;32;16;7;3;22;1;12*5;29;23;20;31;33*25;19;9;36;27;34;24*17;38","6",""
196,993.308,959.85364,1536.7823,";;2;35;37;26;11;8;18;14;4*6;28;13;30;21;15*10;32;16;7;3;22;1;12*5;29;23;20;31;33*25;19;9;36;27;34;24*17;38","6",""
197,985.8551,959.85364,1473.6674,";;2;35;37;26;11;8;18;14;4*6;28;13;30;21;15*10;32;16;7;3;22;1;12*5;29;23;20;31;33*25;19;9;36;27;34;24*17;38","6",""
198,977.16437,959.85364,1427.8973,";;2;35;37;26;11;8;18;14;4*6;28;13;30;21;15*10;32;16;7;3;22;1;12*5;29;23;20;31;33*25;19;9;36;27;34;24*17;38","6",""
199,993.0754,959.85364,1501.4753,";;2;35;37;26;11;8;18;14;4*6;28;13;30;21;15*10;32;16;7;3;22;1;12*5;29;23;20;31;33*25;19;9;36;27;34;24*17;38","6",""
200,977.6679,959.85364,1412.7319,";;2;35;37;26;11;8;18;14;4*6;28;13;30;21;15*10;32;16;7;3;22;1;12*5;29;23;20;31;33*25;19;9;36;27;34;24*17;38","6",""
201,974.2852,959.85364,1287.1765,";;2;35;37;26;11;8;18;14;4*6;28;13;30;21;15*10;32;16;7;3;22;1;12*5;29;23;20;31;33*25;19;9;36;27;34;24*17;38","6",""
202,980.34296,959.85364,1268.1476,";;2;35;37;26;11;8;18;14;4*6;28;13;30;21;15*10;32;16;7;3;22;1;12*5;29;23;20;31;33*25;19;9;36;27;34;24*17;38","6",""
203,987.6096,959.85364,1377.977,";;2;35;37;26;11;8;18;14;4*6;28;13;30;21;15*10;32;16;7;3;22;1;12*5;29;23;20;31;33*25;19;9;36;27;34;24*17;38","6",""
204,977.1792,959.85364,1405.0532,";;2;35;37;26;11;8;18;14;4*6;28;13;30;21;15*10;32;16;7;3;22;1;12*5;29;23;20;31;33*25;19;9;36;27;34;24*17;38","6",""
205,982.255,959.85364,1335.593,";;2;35;37;26;11;8;18;14;4*6;28;13;30;21;15*10;32;16;7;3;22;1;12*5;29;23;20;31;33*25;19;9;36;27;34;24*17;38","6",""
206,1009.4244,959.85364,1501.4753,";;2;35;37;26;11;8;18;14;4*6;28;13;30;21;15*10;32;16;7;3;22;1;12*5;29;23;20;31;33*25;19;9;36;27;34;24*17;38","6",""
207,975.3097,959.85364,1147.5447,";;2;35;37;26;11;8;18;14;4*6;28;13;30;21;15*10;32;16;7;3;22;1;12*5;29;23;20;31;33*25;19;9;36;27;34;24*17;38","6",""
208,994.38275,959.85364,1280.1119,";;2;35;37;26;11;8;18;14;4*6;28;13;30;21;15*10;32;16;7;3;22;1;12*5;29;23;20;31;33*25;19;9;36;27;34;24*17;38","6",""
209,976.58154,959.85364,1394.3944,";;2;35;37;26;11;8;18;14;4*6;28;13;30;21;15*10;32;16;7;3;22;1;12*5;29;23;20;31;33*25;19;9;36;27;34;24*17;38","6",""
210,983.33563,959.85364,1359.3856,";;2;35;37;26;11;8;18;14;4*6;28;13;30;21;15*10;32;16;7;3;22;1;12*5;29;23;20;31;33*25;19;9;36;27;34;24*17;38","6",""
211,983.84174,959.85364,1327.8993,";;2;35;37;26;11;8;18;14;4*6;28;13;30;21;15*10;32;16;7;3;22;1;12*5;29;23;20;31;33*25;19;9;36;27;34;24*17;38","6",""
212,982.17334,959.85364,1310.2653,";;2;35;37;26;11;8;18;14;4*6;28;13;30;21;15*10;32;16;7;3;22;1;12*5;29;23;20;31;33*25;19;9;36;27;34;24*17;38","6",""
213,988.6877,959.85364,1377.977,";;2;35;37;26;11;8;18;14;4*6;28;13;30;21;15*10;32;16;7;3;22;1;12*5;29;23;20;31;33*25;19;9;36;27;34;24*17;38","6",""
214,968.843,959.85364,1165.4843,";;2;35;37;26;11;8;18;14;4*6;28;13;30;21;15*10;32;16;7;3;22;1;12*5;29;23;20;31;33*25;19;9;36;27;34;24*17;38","6",""
215,987.13007,957.00037,1409.0687,";;2;35;37;24;11;8;18;14;4*6;28;13;30;21;15*10;32;16;7;3;22;1;12*5;29;23;20;31;33*25;19;9;36;27;34;26;17*38","6",""
216,974.6051,957.00037,1295.6001,";;2;35;37;24;11;8;18;14;4*6;28;13;30;21;15*10;32;16;7;3;22;1;12*5;20;23;29;31;33*25;19;9;36;27;34;26;17*38","6",""
217,986.7763,957.00037,1471.6395,";;2;35;37;24;11;8;18;14;4*6;28;13;30;21;15*10;32;16;7;3;22;1;12*5;29;23;20;31;33*25;19;9;36;26;34;27;17*38","6",""
218,978.59814,957.00037,1351.3987,";;2;35;37;24;11;8;18;14;4*6;28;13;30;21;15*10;32;16;7;3;22;1;12*5;29;23;20;31;33*25;19;9;36;27;34;26;17*38","6",""
219,975.67584,955.0433,1377.816,";;2;35;37;24;11;23;18;14;4*6;28;13;30;21;15*10;32;16;7;3;22;1;12*8;29;5;20;31;33;25*19;9;36;27;34;26;17;38","5",""
220,1001.14685,955.0433,1426.1023,";;2;35;37;24;11;8;18;14;4*6;28;13;30;21;15*10;32;16;7;3;22;1;12*23;29;5;20;31;33*25;19;9;36;27;34;26;17*38","6",""
221,983.59906,955.0433,1405.0608,";;2;35;37;24;11;8;18;34;4*6;28;13;30;21;15*10;32;16;7;3;22;1;12*23;29;5;20;31;33*25;19;9;36;27;14;26;17;38","5",""
222,975.4011,955.0433,1422.1371,";;2;35;37;24;11;8;18;14;4*6;28;13;30;21;15*10;32;16;7;3;22;1;12*23;29;5;20;31;33*25;19;9;36;27;34;26;17*38","6",""
223,981.3742,955.0433,1310.3765,";;2;35;37;24;11;8;18;14;4*6;28;13;30;21;15*10;32;16;7;3;22;1;12*23;29;5;20;31;33*25;19;9;36;27;34;26;17*38","6",""
224,980.7732,955.0433,1424.1453,";;2;35;37;24;11;8;18;14;4*6;28;13;30;21;15*10;32;16;7;3;22;1;12*23;29;5;20;31;33*25;19;9;36;27;34;26;17*38","6",""
225,999.8678,955.0433,1426.528,";;2;35;37;24;11;8;18;14;4*6;28;13;30;21;15*10;32;16;7;3;22;1;12*23;29;5;20;31;33*25;19;9;36;27;34;26;17*38","6",""
226,981.07947,955.0433,1411.558,";;2;35;37;24;11;8;18;14;4*6;28;13;30;21;15*10;32;16;7;3;22;1;12*23;29;5;20;31;33*25;19;9;36;27;34;26;17*38","6",""
227,975.72687,955.0433,1407.3131,";;2;35;37;24;11;8;18;14;4*6;28;13;30;21;15*10;32;16;7;3;22;1;12*23;29;5;20;31;33*25;19;9;36;27;34;26;17*38","6",""
228,977.36523,955.0433,1559.6259,";;2;35;37;24;11;8;18;14;4*6;28;13;30;21;15*10;32;16;7;3;22;1;12*23;29;5;20;31;33*25;19;9;36;27;34;26;17*38","6",""
229,1001.8834,955.0433,1510.8916,";;2;35;37;24;11;8;18;14;4*6;28;13;30;21;15*10;32;16;7;3;22;1;12*23;29;5;20;31;33*25;19;9;36;27;34;26;17*38","6",""
230,975.9048,955.0433,1466.3204,";;2;35;37;24;11;8;18;14;4*6;28;13;30;21;15*10;32;16;7;3;22;1;12*23;29;5;20;31;33*25;19;9;36;27;34;26;17*38","6",""
231,976.48724,955.0433,1323.4626,";;2;35;37;24;11;8;18;14;4*6;28;13;30;21;15*10;32;16;7;3;22;1;12*23;29;5;20;31;33*25;19;9;36;27;34;26;17*38","6",""
232,980.0193,955.0433,1364.3617,";;2;35;37;24;11;8;18;14;4*6;28;13;30;21;15*10;32;16;7;3;22;1;12*23;29;5;20;31;33*25;19;9;36;27;34;26;17*38","6",""
233,978.4267,955.0433,1294.6454,";;2;35;37;24;11;8;18;14;4*6;28;13;30;21;15*10;32;16;7;3;22;1;12*23;29;5;20;31;33*25;19;9;36;27;34;26;17*38","6",""
234,970.065,955.0433,1362.8844,";;2;35;37;24;11;8;18;14;4*6;28;13;30;21;15*10;32;16;7;34;22;1;12;23*29;5;20;31;33;25;19*9;36;27;3;26;17;38","5",""
235,984.5744,955.0433,1476.4592,";;2;35;37;24;11;8;18;14;4*6;28;13;30;21;15*10;32;16;7;3;22;1;12*23;29;5;20;31;33*25;19;9;36;27;34;26;17*38","6",""
236,984.56854,955.0433,1469.6825,";;2;35;37;24;11;8;18;14;4*6;28;13;30;21;15*10;32;16;7;3;22;1;12*23;29;5;20;31;33*25;19;9;36;27;34;26;17*38","6",""
237,972.44556,955.0433,1273.0734,";;2;35;37;24;11;8;18;14;4*6;28;13;30;21;15*10;32;16;7;3;22;1;12*23;29;5;20;31;33*25;19;9;36;27;34;26;17*38","6",""
238,979.3926,955.0433,1364.5024,";;2;35;37;24;11;8;18;14;4*6;28;13;30;21;15*10;32;16;7;3;22;1;12*23;29;5;20;31;33*25;19;9;36;27;34;26;17*38","6",""
239,974.4514,948.78394,1422.1371,";;2;35;37;24;11;8;18;14;4*10;28;13;30;21;15*6;32;16;7;3;22;1*12;31;29;5;20;23;33*25;19;9;36;27;34;26;17*38","6",""
240,976.3603,948.78394,1392.7103,";;2;35;37;24;11;8;18;14;4*6;28;13;30;21;15*10;32;16;7;3;22;1;12;31*29;5;20;23;33*25;19;9;36;27;34;26;17*38","6",""
241,986.678,948.78394,1375.859,";;2;35;37;24;11;8;18;14;4*6;28;13;30;21;15*10;32;16;7;3;22;1;12;31*29;5;20;23;33*25;19;9;36;27;34;26;17*38","6",""
242,970.85345,948.78394,1399.6603,";;2;35;37;24;11;8;18*15;4;6;28;13;30*21;14;10;32;16;7;3;22;1*12;31;29;5;20;23;33*25;19;9;36;27;34;26;17*38","6",""
243,991.7723,948.78394,1428.7802,";;2;35;37;24;11;8;18;14;4*6;28;13;30;21;15*10;32;16;7;3;22;1;12;31*29;5;20;23;33*25;19;9;36;27;34;26;17*38","6",""
244,965.5679,948.78394,1217.6382,";;2;35;37;24;11;8;18;14;4*6;28;13;30;21;15*10;32;16;7;3;22;1;12;31*29;5;20;23;33*25;19;9;36;27;34;26;17*38","6",""
245,983.36346,948.78394,1477.7365,";;2;35;37;24;11;8;18;14;4*6;28;13;30;21;15*10;32;16;7;3;22;1;12;31*29;5;20;23;33*25;19;9;36;27;34;26;17*38","6",""
246,956.5229,948.09937,1256.4318,";;2;35;37;24;11;8;18;14;4*6;28;13;30;21;15*10;32;16;22;3;7;1;12;31*29;5;20;23;33*25;19;9;36;27;34;26;17*38","6",""
247,973.2935,948.09937,1483.818,";;2;35;37;24;11;8;18;14;4*6;28;13;30;21;15*10;32;16;22;3;7;1;12;31*29;5;20;23;33*25;19;9;36;27;34;26;17*38","6",""
248,986.25995,948.09937,1386.7524,";;2;35;37;24;11;8;18;14;4*6;28;13;30;21;15*10;32;16;22;3;7;1;12;31*29;5;20;23;33*25;19;9;36;27;34;26;17*38","6",""
249,976.8537,948.09937,1226.5835,";;2;35;37;24;11;8;18;14;4*6;28;13;30;21;15*10;32;16;22;3;7;1;12;31*29;5;20;23;33*25;19;9;36;27;34;26;17*38","6",""
250,971.4286,948.09937,1372.4156,";;2;35;37;24;11;8;18;14;4*6;28;13;30;21;15*10;32;16;22;3;7;1;12;31*29;5;20;23;33*25;19;9;36;27;34;26;17*38","6",""
251,966.7587,948.09937,1213.8503,";;2;35;37;24;11;8;18;14;4*6;28;13;30;21;15*10;32;16;22;3;7;1;12;31*29;5;20;23;33*25;19;9;36;27;34;26;17*38","6",""
252,969.6671,948.09937,1477.7365,";;2;35;37;24;11;8;18;14;4*6;28;13;30;21;15*10;32;16;22;3;7;1;12;31*29;5;20;23;33*25;19;9;36;27;34;26;17*38","6",""
253,972.3385,948.09937,1473.0159,";;2;35;37;24;11;8;18;14;4*6;28;13;30;21;15*10;32;16;22;3;7;1;12;31*29;5;20;23;33*25;19;9;36;27;34;26;17*38","6",""
254,962.6029,948.09937,1170.6312,";;2;35;37;24;11;8;18;14;4*6;28;13;30;21;15*10;32;16;22;3;7;1;12;31*29;5;20;23;33*25;19;9;36;27;34;26;17*38","6",""
255,982.57837,948.09937,1473.0159,";;2;35;37;24;11;8;18;14;4*6;28;13;30;21;15*10;32;16;22;3;7;1;12;31*29;5;20;23;33*25;19;9;36;27;34;26;17*38","6",""
256,968.6541,948.09937,1260.8075,";;2;35;37;24;11;8;18;14;4*6;28;13;30;21;15*10;32;16;22;3;7;1;12;31*29;5;20;23;33*25;19;9;36;27;34;26;17*38","6",""
257,964.0043,948.09937,1429.1509,";;2;35;37;24;11;8;18;14;4*6;28;13;30;21;15*10;32;16;22;3;7;1;12;31*29;5;20;23;33*25;19;9;36;27;34;26;17*38","6",""
258,967.15393,946.72186,1341.1578,";;2;35;37;24;11;8;18;14;4;9*28;13;30;21;15;10;32*16;7;3;22;1;12;31;29*5;20;23;33;25;19*6;36;27;34;26;17;38","5",""
259,971.7531,946.72186,1363.8783,";;2;35;37;24;11;8;18;14;4;9*28;13;30;21;15;10;32*16;7;3;22;1;12;31;29*5;20;23;33;25;19*6;36;27;34;26;17;38","5",""
260,995.39844,946.0373,1433.6389,";;2;35;37;24;11;8;18;14;4;9*28;13;30;21;15;10;32*16;22;3;7;1;12;31;29*5;20;23;33;25;19*6;36;27;34;26;17;38","5",""
261,970.12976,946.0373,1390.8331,";;2;35;37;24;11;8;18;14;4;9*28;13;30;21;15;10;32*16;22;3;7;1;12;31;29*5;20;23;33;25;19*6;36;27;34;26;17;38","5",""
262,972.0277,946.0373,1433.2415,";;2;35;37;24;11;8;18;14;4;9*28;13;30;21;15;10;32*16;22;3;7;1;12;31;29*5;20;23;33;25;19*6;36;27;34;26;17;38","5",""
263,979.36896,946.0373,1434.6979,";;2;35;37;24;11;8;18;14;4;9*28;13;30;21;15;10;32*16;22;3;7;1;12;31;29*5;20;23;33;25;19*6;36;27;34;26;17;38","5",""
264,971.26196,946.0373,1519.706,";;2;35;37;24;11;8;18;14;4;9*28;13;30;21;15;10;32*16;22;3;7;1;12;31;29*5;20;23;33;25;19*6;36;27;34;26;17;38","5",""
265,969.2735,946.0373,1415.8262,";;2;35;37;24;11;8;18;14;4;9*28;13;30;21;15;10;32*16;22;3;7;1;12;31;29*5;20;23;33;25;19*6;36;27;34;26;17;38","5",""
266,981.6607,946.0373,1392.4932,";;2;35;37;24;11;8;18;14;4;9*28;13;30;21;15;10;32*16;22;3;7;1;12;31;29*5;20;23;33;25;19*6;36;27;34;26;17;38","5",""
267,960.8494,946.0373,1152.6954,";;2;35;37;24;11;8;18;14;4;9*28;13;30;21;15;10;32*16;22;3;7;1;12;31;29*5;20;23;33;25;19*6;36;27;34;26;17;38","5",""
268,974.9551,946.0373,1519.706,";;2;35;37;24;11;8;18;14;4;9*28;13;30;21;15;10;32*16;22;3;7;1;12;31;29*5;20;23;33;25;19*6;36;27;34;26;17;38","5",""
269,973.7327,946.0373,1538.4725,";;2;35;37;24;11;8;18;14;4;9*28;13;30;21;15;10;32*16;22;3;7;1;12;31;29*5;20;23;33;25;19*6;36;27;34;26;17;38","5",""
270,981.92,946.0373,1354.4001,";;2;35;37;24;11;8;18;14;4;9*28;13;30;21;15;10;32*16;22;3;7;1;12;31;29*5;20;23;33;25;19*6;36;27;34;26;17;38","5",""
271,971.4885,946.0373,1361.1011,";;2;35;37;24;11;8;18;14;4;9*28;13;30;21;15;10;32*16;22;3;7;1;12;31;29*5;20;23;33;25;19*6;36;27;34;26;17;38","5",""
272,976.1933,946.0373,1361.8717,";;2;35;37;24;11;8;18;14;4;9*28;13;30;21;15;10;32*16;22;3;7;1;12;31;29*5;20;23;33;25;19*6;36;27;34;26;17;38","5",""
273,963.973,946.0373,1190.916,";;2;35;37;24;11;8;18;14;4;9*28;13;30;21;15;10;32*16;22;3;7;1;12;31;29*5;20;23;33;25;19*6;36;27;34;26;17;38","5",""
274,983.03485,946.0373,1439.9443,";;2;35;37;24;11;8;18;14;4;9*28;13;30;21;15;10;32*16;22;3;7;1;12;31;29*5;20;23;33;25;19*6;36;27;34;26;17;38","5",""
275,974.2093,946.0373,1278.9636,";;2;35;37;24;11;8;18;14;4;9*28;13;30;21;15;10;32*16;22;3;7;1;12;31;29*5;20;23;33;25;19*6;36;27;34;26;17;38","5",""
276,965.42993,946.0373,1286.3239,";;2;35;37;24;11;8;18;14;4;9*28;13;30;21;15;10;32*16;22;3;7;1;12;31;29*5;20;23;33;25;19*6;36;27;34;26;17;38","5",""
277,974.1657,946.0373,1433.2415,";;2;35;37;24;11;8;18;14;4;9*28;13;30;21;15;10;32*16;22;3;7;1;12;31;29*5;20;23;33;25;19*6;36;27;34;26;17;38","5",""
278,972.01013,946.0373,1390.8331,";;2;35;37;24;11;8;18;14;4;9*28;13;30;21;15;10;32*16;22;3;7;1;12;31;29*5;20;23;33;25;19*6;36;27;34;26;17;38","5",""
279,973.75275,946.0373,1350.7365,";;2;35;37;24;11;8;18;14;4;9*28;13;30;21;15;10;32*16;22;3;7;1;12;31;29*5;20;23;33;25;19*6;36;27;34;26;17;38","5",""
280,962.67883,946.0373,1488.5033,";;2;35;37;24;11;8;18;14;4;9*28;13;30;21;15;10;32*16;22;3;7;1;12;31;29*5;20;23;33;25;19*6;36;27;34;26;17;38","5",""
281,968.2562,946.0373,1270.5858,";;2;35;37;24;11;8;18;14;4;9*28;13;30;21;15;10;32*16;22;3;7;1;12;31;29*5;20;23;33;25;19*6;36;27;34;26;17;38","5",""
282,971.0171,946.0373,1385.8661,";;2;35;17;24;11;8;18;14;4;9;28*13;30;21;15;10;32;16;22*3;7;1;12;31;29*5;20;23;33;25;19*6;36;27;34;26;37*38","6",""
283,969.1785,946.0373,1340.3049,";;2;35;37;24;11;8;18;14;4;9*28;13;30;21;15;10;32*16;22;3;7;1;12;31;29*5;20;23;33;25;19*6;36;27;34;26;17;38","5",""
284,970.4357,946.0373,1350.052,";;2;35;37;24;11;8;18;14;4;9*28;13;30;21;15;10;32*16;22;3;7;1;12;31;29*5;20;23;33;25;19*6;36;27;34;26;17;38","5",""
285,965.3047,946.0373,1309.6135,";;2;35;37;24;11;8;18;14;4;9*28;13;30;21;15;10;32*16;22;3;7;1;12;31;29*5;20;23;33;25;19*6;36;27;34;26;17;38","5",""
286,971.72766,946.0373,1418.0967,";;2;35;37;24;11;8;18;14;4;9*28;13;30;21;15;10;32*16;22;3;7;1;12;31;29*5;20;23;33;25;19*6;36;27;34;26;17;38","5",""
287,966.794,946.0373,1292.0896,";;2;35;37;24;11;8;18;14;4;9*28;13;30;21;15;10;32*16;22;3;7;1;12;31;29*5;20;23;33;25;19*6;36;27;34;26;17;38","5",""
288,965.8633,946.0373,1217.6266,";;2;35;37;24;11;8;18;14;4;9*28;13;30;21;15;10;32*16;22;3;7;1;12;31;29*5;20;23;33;25;19*6;36;27;34;26;17;38","5",""
289,969.44104,945.7651,1370.9869,";;2;35;37;24;11;8;18;14;4;9*28;13;30;21;15;10;32*16;22;3;7;1;12;31;5*29;20;23;33;25;19*6;36;27;34;26;17;38","5",""
290,970.60187,945.7651,1328.7227,";;2;35;37;24;11;8;18;14;4;9*28;13;30;21;15;10;32*16;22;3;7;1;12;31;5*29;20;23;33;25;19*6;36;27;34;26;17;38","5",""
291,961.69653,945.7651,1347.3237,";;2;35;37;24;11;8;18;14;4;9*28;13;30;21;15;10;32*16;22;3;7;1;12;31;5*29;20;23;33;25;19*6;36;27;34;26;17;38","5",""
292,981.36646,945.7651,1538.2003,";;2;35;37;24;11;8;18;14;4;9*28;13;30;21;15;10;32*16;22;3;7;1;12;31;5*29;20;23;33;25;19*6;36;27;34;26;17;38","5",""
293,974.30334,945.7651,1309.2728,";;2;35;37;24;11;8;18;14;4;9*28;13;30;21;15;10;32*16;22;3;7;1;12;31;5*29;20;23;33;25;19*6;36;27;34;26;17;38","5",""
294,969.89685,945.7651,1298.4281,";;2;35;37;24;11;8;18;14;4;9*28;13;30;21;15;10;32*16;22;3;7;1;12;31;5*29;20;23;33;25;19*6;36;27;34;26;17;38","5",""
295,980.1175,945.7651,1385.8661,";;2;35;37;24;11;8;18;14;4;9*28;13;30;21;15;10;32*16;22;3;7;1;12;31;5*29;20;23;33;25;19*6;36;27;34;26;17;38","5",""
296,960.8006,945.7651,1458.8517,";;2;35;37;24;11;8;18;14;4;9*28;3;30;21;15;10;32*16;22;13;7;1;12;31;5*29;20;23;33;25;19*6;36;27;34;26;17;38","5",""
297,968.12665,945.7651,1285.4926,";;2;35;37;24;11;8;18;14;4;9*28;13;30;21;15;10;32*16;22;3;7;1;12;31;5*29;20;23;33;25;19*6;36;27;34;26;17;38","5",""
298,988.9891,945.7651,1487.8188,";;2;35;37;24;11;8;18;14;4;9*28;13;30;21;15;10;32*16;22;3;7;1;12;31;5*29;20;23;33;25;19*6;36;27;34;26;17;38","5",""
299,963.3688,945.7651,1206.6075,";;2;35;37;24;11;8;18;14;4;9*28;13;30;21;15;10;32*16;22;3;7;1;12;31;5*29;20;23;33;25;19*6;36;27;34;26;17;38","5",""
300,977.97485,945.7651,1379.6914,";;2;35;37;24;11;8;18;14;4;9*28;13;30;21;15;10;32*16;22;3;7;1;12;31;5*29;20;23;33;25;19*6;36;27;34;26;17;38","5",""
301,977.60803,945.7651,1449.8121,";;2;35;37;24;11;8;18;14;4;9*28;13;30;21;15;10;32*16;22;3;7;1;12;31;5*29;20;23;33;25;19*6;36;27;34;26;17;38","5",""
302,970.8521,945.7651,1281.6909,";;2;35;37;24;11;8;18;14;4;9*28;13;30;21;15;10;32*16;22;3;7;1;12;31;5*29;20;23;33;25;19*6;36;27;34;26;17;38","5",""
303,966.76685,945.7651,1416.9045,";;2;35;37;24;11;8;18;14;4;9*28;13;30;21;15;10;32*16;22;3;7;1;12;31;5*29;20;23;33;25;19*6;36;27;34;26;17;38","5",""
304,969.1343,945.7651,1332.3646,";;2;35;37;24;11;8;18;14;4;9*28;13;30;21;15;10;32*16;22;3;7;1;12;31;5*29;20;23;33;25;19*6;36;27;34;26;17;38","5",""
305,991.47314,945.7651,1417.7765,";;2;35;37;24;11;8;18;14;4;9*28;13;30;21;15;10;32*16;22;3;7;1;12;31;5*29;20;23;33;25;19*6;36;27;34;26;17;38","5",""
306,969.5036,945.7651,1538.4725,";;2;35;37;24;11;8;18;14;4;9*28;13;30;21;15;10;32*16;22;3;7;1;12;31;5*29;20;23;33;25;19*6;36;27;34;26;17;38","5",""
307,964.31836,945.7651,1286.3641,";;2;35;37;24;11;8;18;14;4;9*28;13;30;21;15;10;32*16;22;3;7;1;12;31;5*29;20;23;33;25;19*6;36;27;34;26;17;38","5",""
308,961.0658,945.7651,1219.6825,";;2;35;37;24;11;8;18;14;4;9*28;13;30;21;15;10;32*16;22;3;7;1;12;31;5*29;20;23;33;25;19*6;36;27;34;26;17;38","5",""
309,980.7889,945.7651,1387.2136,";;2;35;37;24;11;8;18;14;4;9*28;13;30;21;15;10;32*16;22;3;7;1;12;31;5*29;20;23;33;25;19*6;36;27;34;26;17;38","5",""
310,965.39404,945.7651,1250.0719,";;2;35;37;24;11;8;18;14;4;9*28;13;30;21;15;10;32*16;22;3;7;1;12;31;5*29;20;23;33;25;19*6;36;27;34;26;17;38","5",""
311,960.0541,945.7651,1267.9006,";;2;35;37;24;11;8;18;14;4;9*28;13;30;21;15;10;32*16;22;3;7;1;12;31;5*29;20;23;33;25;19*6;36;27;34;26;17;38","5",""
312,971.1515,945.7651,1320.3179,";;2;35;37;24;11;8;18;14;4;9*28;13;30;21;15;10;32*16;22;3;7;1;12;31;5*29;20;23;33;25;19*6;36;27;34;26;17;38","5",""
313,970.1813,945.7651,1481.1938,";;2;35;37;24;11;8;18;14;4;9*28;13;30;21;15;10;32*16;22;3;7;1;12;31;5*29;20;23;33;25;19*6;36;27;34;26;17;38","5",""
314,960.3164,945.7651,1392.9092,";;2;35;37;24;11;8;18;14;4;9*28;13;30;21;15;10;32*16;22;3;7;1;12;31;5*29;20;23;33;25;19*6;36;27;34;26;17;38","5",""
315,980.1657,945.7651,1377.0945,";;2;35;37;24;11;8;18;14;4;9*28;13;30;21;15;10;32*16;22;3;7;1;12;31;5*29;20;23;33;25;19*6;36;27;34;26;17;38","5",""
316,961.11334,945.7651,1258.6603,";;2;35;37;24;11;8;18;14;4;9*28;13;30;21;15;10;32*16;22;3;7;1;12;31;5*29;20;23;33;25;19*6;36;27;34;26;17;38","5",""
317,965.4297,945.7651,1419.1893,";;2;35;37;24;11;8;18;14;4;9*28;13;30;21;15;10;32*16;22;3;7;1;12;31;5*29;20;23;33;25;19*6;36;27;34;26;17;38","5",""
318,955.3283,945.7651,1266.6576,";;2;35;37;24;11;8;18;14;4;9*28;13;30;21;15;10;32*16;22;3;7;1;12;31;5*29;20;23;33;25;19*6;36;27;34;26;17;38","5",""
319,967.6782,945.7651,1308.4036,";;2;35;37;24;11;8;18;14;4;9*28;13;30;21;15;10;32*16;22;3;7;1;12;31;5*29;20;23;33;25;19*6;36;27;34;26;17;38","5",""
320,969.5055,945.7651,1315.7489,";;2;35;37;24;11;8;18;14;4;9*28;13;30;21;15;10;32*16;22;3;7;1;12;31;5*29;20;23;33;25;19*6;36;27;34;26;17;38","5",""
321,957.5014,945.7651,1188.3076,";;2;35;37;24;11;8;18;14;4;9*28;13;30;21;15;10;32*16;22;3;7;1;12;31;5*29;20;23;33;25;19*6;36;27;34;26;17;38","5",""
322,962.4285,945.7651,1355.2456,";;2;35;37;24;11;8;18;14;4;9*28;13;30;21;15;10;32*16;22;3;7;1;12;31;5*29;20;23;33;25;19*6;36;27;34;26;17;38","5",""
323,962.8831,945.7651,1234.1925,";;2;35;37;24;11;8;18;14;4;9*28;13;30;21;15;10;32*16;22;3;7;1;12;31;5*29;20;23;33;25;19*6;36;27;34;26;17;38","5",""
324,973.66034,945.7651,1329.3535,";;2;35;37;24;11;8;18;14;4;9*28;13;30;21;15;10;32*16;22;3;7;1;12;31;5*29;20;23;33;25;19*6;36;27;34;26;17;38","5",""
325,964.66327,945.7651,1480.0587,";;2;35;37;24;11;8;18;14;4;9*28;13;30;21;15;10;32*16;22;3;7;1;12;31;5*29;20;23;33;25;19*6;36;27;34;26;17;38","5",""
326,965.86725,945.7651,1393.1814,";;2;35;37;24;11;8;18;14;4;9*28;13;30;21;15;10;32*16;22;3;7;1;12;31;5*29;20;23;33;25;19*6;36;27;34;26;17;38","5",""
327,970.0571,945.7651,1361.1871,";;2;35;37;24;11;8;18;14;4;9*28;13;30;21;15;10;32*16;22;3;7;1;12;31;5*29;20;23;33;25;19*6;36;27;34;26;17;38","5",""
328,959.24005,945.7651,1403.7245,";;2;35;37;24;11;8;18;14;4;9*28;13;30;21;15;10;32*16;22;3;7;1;12;31;5*29;20;23;33;25;19*6;36;27;34;26;17;38","5",""
329,966.3784,945.7651,1328.7227,";;2;35;37;24;11;8;18;14;4;9*28;13;30;21;15;10;32*16;22;3;7;1;12;31;5*29;20;23;33;25;19*6;36;27;34;26;17;38","5",""
330,969.4945,945.7651,1323.6643,";;2;35;37;24;11;8;18;14;4;9*28;13;30;21;15;10;32*16;22;3;7;1;12;31;5*29;20;23;33;25;19*6;36;27;34;26;17;38","5",""
331,965.1566,945.7651,1273.7092,";;2;35;37;24;11;8;18;14;4;9*28;13;30;21;15;10;32*16;22;3;7;1;12;31;5*29;20;23;33;25;19*6;36;27;34;26;17;38","5",""
332,971.6061,945.7651,1433.42,";;2;35;37;24;11;8;18;14;4;9*28;13;30;21;15;10;32*16;22;3;7;1;12;31;5*29;20;23;33;25;19*6;36;27;34;26;17;38","5",""
333,983.2301,945.7651,1441.2786,";;2;35;37;24;11;8;18;14;4;9*28;13;30;21;15;10;32*16;22;3;7;1;12;31;5*29;20;23;33;25;19*6;36;27;34;26;17;38","5",""
334,968.8889,945.7651,1519.0216,";;2;35;37;24;11;8;18;14;4;9*28;13;30;21;15;10;32*16;22;3;7;1;12;31;5*29;20;23;33;25;19*6;36;27;34;26;17;38","5",""
335,948.5011,945.7651,1149.8461,";;2;35;37;24;11;8;18;14;4;9*28;13;30;21;15;10;32*16;22;3;7;1;12;31;5*29;20;23;33;25;19*6;36;27;34;26;17;38","5",""
336,969.2063,945.7651,1363.3147,";;2;35;37;24;11;8;18;14;4;9*28;13;30;21;15;10;32*16;22;3;7;1;12;31;5*29;20;23;33;25;19*6;36;27;34;26;17;38","5",""
337,966.65704,945.7651,1337.2133,";;2;35;37;24;11;8;18;14;4;9*28;13;30;21;15;10;32*16;22;3;7;1;12;31;5*29;20;23;33;25;19*6;36;27;34;26;17;38","5",""
338,985.8921,945.7651,1491.7214,";;2;35;37;24;11;8;18;14;4;9*28;13;30;21;15;10;32*16;22;3;7;1;12;31;5*29;20;23;33;25;19*6;36;27;34;26;17;38","5",""
339,971.6856,945.7651,1255.4109,";;2;35;37;24;11;8;18;14;4;9*28;13;30;21;15;10;32*16;22;3;7;1;12;31;5*29;20;23;33;25;19*6;36;27;34;26;17;38","5",""
340,966.06226,945.7651,1303.4805,";;2;35;37;24;11;8;18;14;4;9*28;13;30;21;15;10;32*16;22;3;7;1;12;31;5*29;20;23;33;25;19*6;36;27;34;26;17;38","5",""
341,983.7058,945.7651,1491.7214,";;2;35;37;24;11;8;18;14;4;9*28;13;30;21;15;10;32*16;22;3;7;1;12;31;5*29;20;23;33;25;19*6;36;27;34;26;17;38","5",""
342,969.37537,945.7651,1301.1025,";;2;35;37;24;11;8;18;14;4;9*28;13;30;21;15;10;32*16;22;3;7;1;12;31;5*29;20;23;33;25;19*6;36;27;34;26;17;38","5",""
343,968.0517,945.7651,1433.42,";;2;35;37;24;11;8;18;14;4;9*28;13;30;21;15;10;32*16;22;3;7;1;12;31;5*29;20;23;33;25;19*6;36;27;34;26;17;38","5",""
344,971.5299,945.7651,1391.8087,";;2;35;37;24;11;8;18;14;4;9*28;13;30;21;15;10;32*16;22;3;7;1;12;31;5*29;20;23;33;25;19*6;36;27;34;26;17;38","5",""
345,973.5514,945.7651,1385.5939,";;2;35;37;24;11;8;18;14;4;9*28;13;30;21;15;10;32*16;22;3;7;1;12;31;5*29;20;23;33;25;19*6;36;27;34;26;17;38","5",""
346,974.569,945.7651,1347.3237,";;2;35;37;24;11;8;18;14;4;9*28;13;30;21;15;10;32*16;22;3;7;1;12;31;5*29;20;23;33;25;19*6;36;27;34;26;17;38","5",""
347,977.3953,945.7651,1340.6202,";;2;35;37;24;11;8;18;14;4;9*28;13;30;21;15;10;32*16;22;3;7;1;12;31;5*29;20;23;33;25;19*6;36;27;34;26;17;38","5",""
348,973.39825,945.7651,1415.8411,";;2;35;37;24;11;8;18;14;4;9*28;13;30;21;15;10;32*16;22;3;7;1;12;31;5*29;20;23;33;25;19*6;36;27;34;26;17;38","5",""
349,962.6537,945.7651,1358.1768,";;2;35;37;24;11;8;18;14;4;9*28;13;30;21;15;10;32*16;22;3;7;1;12;31;5*29;20;23;33;25;19*6;36;27;34;26;17;38","5",""
350,973.26935,945.7651,1273.7692,";;2;35;37;24;11;8;18;14;4;9*28;13;30;21;15;10;32*16;22;3;7;1;12;31;5*29;20;23;33;25;19*6;36;27;34;26;17;38","5",""
351,966.609,945.7651,1425.8923,";;2;35;37;24;11;8;18;14;4;9*28;13;30;21;15;10;32*16;22;3;7;1;12;31;5*29;20;23;33;25;19*6;36;27;34;26;17;38","5",""
352,971.4626,945.7651,1314.7921,";;2;35;37;24;11;8;18;14;4;9*28;13;30;21;15;10;32*16;22;3;7;1;12;31;5*29;20;23;33;25;19*6;36;27;34;26;17;38","5",""
353,965.4236,945.7651,1303.6395,";;2;35;37;24;11;8;18;14;4;9*28;13;30;21;15;10;32*16;22;3;7;1;12;29*5;31;20;23;33;25;19*6;36;27;34;26;17;38","5",""
354,982.53296,945.7651,1524.4204,";;2;35;37;24;11;8;18;14;4;9*28;13;30;21;15;10;32*16;22;3;7;1;12;31;5*29;20;23;33;25;19*6;36;27;34;26;17;38","5",""
355,965.7491,945.4163,1385.8661,";;2;35;37;24;11;8;18;14;4;9*28;13;30;21;15;10;32*16;22;3;7;1;31;12;5*29;20;23;33;25;19*6;36;27;34;26;17;38","5",""
356,957.0957,945.4163,1297.0734,";;2;35;37;24;11;8;18;14;4;9*28;13;30;21;15;10;32*16;22;3;7;1;31;12;5*29;20;23;33;25;19*6;36;27;34;26;17;38","5",""
357,964.4496,945.4163,1323.9991,";;2;35;37;24;11;8;18;14;4;9*28;13;30;21;15;10;32*16;22;3;7;1;31;12;5*29;20;23;33;25;19*6;36;27;34;26;17;38","5",""
358,970.5076,945.4163,1385.8661,";;2;35;37;24;11;8;18;14;4;9*28;13;30;21;15;10;32*16;22;3;7;1;31;12;5*29;20;23;33;25;19*6;36;27;34;26;17;38","5",""
359,977.2484,945.4163,1342.5464,";;2;35;37;24;11;8;18;14;4;9*28;13;30;21;15;10;32*16;22;3;7;1;31;12;5*29;20;23;33;25;19*6;36;27;34;26;17;38","5",""
360,975.9492,945.4163,1345.8586,";;2;35;37;24;11;8;18;14;4;9*28;13;30;21;15;10;32*16;22;3;7;1;31;12;5*29;20;23;33;25;19*6;36;27;34;26;17;38","5",""
361,992.1461,945.4163,1421.641,";;2;35;37;24;11;8;18;14;4;9*28;13;30;21;15;10;32*16;22;3;7;1;31;12;5*29;20;23;33;25;19*6;36;27;34;26;17;38","5",""
362,956.18115,945.4163,1441.2786,";;2;35;37;24;11;8;18;14;4;9*28;13;30;21;15;10;32*16;22;3;7;1;31;12;5*29;20;23;33;25;19*6;36;27;34;26;17;38","5",""
363,963.397,945.4163,1186.5101,";;2;35;37;24;11;8;18;14;4;9*28;13;30;21;15;10;32*16;22;3;7;36;31;12*5;29;20;23;33*25;19;6;1;27;34;26;17;38","5",""
364,967.573,945.4163,1292.6198,";;2;35;37;24;11;8;18;14;4;9*28;13;30;21;15;10;32*16;22;3;7;1;31;12;5*29;20;23;33;25;19*6;36;27;34;26;17;38","5",""
365,972.75366,945.4163,1419.0859,";;2;35;37;24;11;8;18;14;4;9*28;13;30;21;15;10;32*16;22;3;7;1;31;12;5*29;20;23;33;25;19*6;36;27;34;26;17;38","5",""
366,966.2163,945.4163,1382.2456,";;2;35;37;24;11;8;18;14;4;9*28;13;30;21;15;10;32*16;22;3;7;1;31;12;5*29;20;23;33;25;19*6;36;27;34;26;17;38","5",""
367,968.62885,945.4163,1347.3237,";;2;35;37;24;11;8;18;14;4;9*28;13;30;21;15;10;32*16;22;3;7;1;31;12;5*29;20;23;33;25;19*6;36;27;34;26;17;38","5",""
368,961.7074,945.4163,1286.8918,";;2;35;37;24;11;8;18;14;4;9*28;13;30;21;15;10;32*16;22;3;7;1;31;12;5*29;20;23;33;25;19*6;36;27;34;26;17;38","5",""
369,988.71234,945.4163,1415.1417,";;2;35;37;24;11;8;18;14;4;9*28;13;30;21;15;10;32*16;22;3;7;1;31;12;5*29;20;23;33;25;19*6;36;27;34;26;17;38","5",""
370,967.9278,945.4163,1268.3702,";;2;35;37;24;11;8;18;14;4;9*28;13;30;21;15;10;32*16;22;3;7;1;31;12;5*29;20;23;33;25;19*6;36;27;34;26;17;38","5",""
371,983.4459,945.4163,1441.0063,";;2;35;37;24;11;8;18;14;4;9*28;13;30;21;15;10;32*16;22;3;7;1;31;12;5*29;20;23;33;25;19*6;36;27;34;26;17;38","5",""
372,966.4375,945.4163,1418.0967,";;2;35;37;24;11;8;18;14;4;9*28;13;30;21;15;10;32*16;22;3;7;1;31;12;5*29;23;20;33;25;19*6;36;27;34;26;17;38","5",""
373,972.7114,945.4163,1301.9851,";;2;35;37;24;11;8;18;14;4;9*28;13;30;21;15;10;32*16;22;3;7;1;31;12;5*29;20;23;33;25;19*6;36;27;34;26;17;38","5",""
374,970.7311,945.4163,1345.8586,";;2;35;37;24;11;8;18;14;4;9*28;13;30;21;15;10;32*16;22;3;7;1;31;12;5*29;20;23;33;25;19*6;36;27;34;26;17;38","5",""
375,974.79767,945.4163,1371.4297,";;2;35;37;24;11;8;18;14;4;9*28;13;30;21;15;10;32*16;22;3;7;1;31;12;5*29;20;23;33;25;19*6;36;27;34;26;17;38","5",""
376,970.5372,945.4163,1361.1871,";;2;35;37;24;11;8;18;14;4;9*28;13;30;21;15;10;32*16;22;3;7;1;31;12;5*29;20;23;33;25;19*6;36;27;34;26;17;38","5",""
377,985.962,945.4163,1343.146,";;2;35;37;24;11;8;18;14;4;9*28;13;30;21;15;10;32*16;22;3;7;1;31;12;5*29;20;23;33;25;19*6;36;27;34;26;17;38","5",""
378,986.54193,945.4163,1519.0216,";;2;35;37;24;11;8;18;14;4;9*28;13;30;21;15;10;32*16;22;3;7;1;31;12;5*29;20;23;33;25;19*6;36;27;34;26;17;38","5",""
379,963.3907,945.4163,1341.2404,";;2;35;37;24;11;8;18;14;4;9*28;13;30;21;15;10;32*16;22;3;7;1;31;12;5*29;20;23;33;25;19*6;36;27;34;26;17;38","5",""
380,969.92584,945.4163,1309.043,";;2;35;37;24;11;8;18;14;4;9*28;13;30;21;15;10;32*16;22;3;7;1;31;12;5*29;20;23;33;25;19*6;36;27;34;26;17;38","5",""
381,983.12915,945.4163,1418.0967,";;2;35;37;24;11;8;18;14;4;9*28;13;30;21;15;10;32*16;22;3;7;1;31;12;5*29;20;23;33;25;19*6;36;27;34;26;17;38","5",""
382,984.0541,945.4163,1298.4281,";;2;35;37;24;11;8;18;14;4;9*28;13;30;21;15;10;32*16;22;3;7;1;31;12;5*29;20;23;33;25;19*6;36;27;34;26;17;38","5",""
383,958.1183,945.4163,1236.6282,";;2;35;37;24;11;8;18;14;4;9*28;13;30;21;15;10;32*16;22;3;7;1;31;12;5*29;20;23;33;25;19*6;36;27;34;26;17;38","5",""
384,966.6332,945.4163,1480.5013,";;2;35;37;24;11;8;18;14;4;9*28;13;30;21;15;10;32*16;22;3;7;1;31;12;5*29;20;23;33;25;19*6;36;27;34;26;17;38","5",""
385,972.1175,945.4163,1298.8707,";;2;35;37;24;11;8;18;14;4;9*28;13;30;21;15;10;32*16;22;3;7;1;31;12;5*29;20;23;33;25;19*6;36;27;34;26;17;38","5",""
386,959.2019,945.4163,1215.4332,";;2;35;37;24;11;8;18;14;4;9*28;13;30;21;15;10;32*16;22;3;7;1;31;12;5*29;20;23;33;25;19*6;36;27;34;26;17;38","5",""
387,972.8462,945.4163,1342.148,";;2;35;37;24;11;8;18;14;4;9*28;13;30;21;15;10;32*16;22;3;7;1;31;12;5*29;20;23;33;25;19*6;36;27;34;26;17;38","5",""
388,979.44977,945.4163,1426.1646,";;2;35;37;24;11;8;18;14;4;9*28;13;30;21;15;10;32*16;22;3;7;1;31;12;5*29;20;23;33;25;19*6;36;27;34;26;17;38","5",""
389,985.7893,945.4163,1351.3076,";;2;35;37;24;11;8;18;14;4;9*28;13;30;21;15;10;32*16;22;3;7;1;31;12;5*29;20;23;33;25;19*6;36;27;34;26;17;38","5",""
390,956.7209,945.4163,1301.5425,";;2;35;37;24;11;8;18;14;4;9*28;13;30;21;15;10;32*16;22;3;7;1;31;12;5*29;20;23;33;25;19*6;36;27;34;26;17;38","5",""
391,969.3271,945.4163,1342.7034,";;2;35;37;24;11;8;18;14;4;9*28;13;30;21;15;10;32*16;22;3;7;1;31;12;5*29;20;23;33;25;19*6;36;27;34;26;17;38","5",""
392,962.4796,945.4163,1341.063,";;2;35;37;24;11;8;18;14;4;9*28;13;30;21;15;10;32*16;22;3;7;1;31;12;5*29;20;23;33;25;19*6;36;27;34;26;17;38","5",""
393,973.4839,945.4163,1268.3641,";;2;35;37;24;11;8;18;14;4;9*28;13;6;21;15*10;32;16;22;3;7;1;31;12*5;29;20;23;33*25;19;30;36;27;34;26;17*38","6",""
394,985.14954,945.4163,1310.3741,";;2;35;37;24;11;8;18;14;4;9*28;13;30;21;15;10;32*16;22;3;7;1;31;12;5*29;20;23;33;25;19*6;36;27;34;26;17;38","5",""
395,980.04694,945.4163,1370.7412,";;2;35;37;24;11;8;18;14;4;9*28;13;30;21;15;10;32*16;22;3;7;1;31;12;5*29;20;23;33;25;19*6;36;27;34;26;17;38","5",""
396,964.33234,945.4163,1308.6672,";;2;35;37;24;11;8;18;14;4;9*28;13;30;21;15;10;32*16;22;3;7;1;31;12;5*29;20;23;33;25;19*6;36;27;34;26;17;38","5",""
397,968.7763,945.4163,1353.8156,";;2;35;37;24;11;8;18;14;4;9*28;13;30;21;15;10;32*16;22;3;7;1;31;12;5*29;20;23;33;25;19*6;36;27;34;26;17;38","5",""
398,977.06036,945.36426,1347.3237,";;2;35;37;24;11;8;18;14;4;9*28;13;30;21;15;10;32*16;22;3;7;29;31;12;1*5;20;23;33;25;19*6;36;27;34;26;17;38","5",""
399,970.419,945.36426,1307.8378,";;2;35;37;24;11;8;18;14;4;9*28;13;30;21;15;10;32*16;22;3;7;29;31;12;1*5;20;23;33;25;19*6;36;27;34;26;17;38","5",""
400,975.21234,945.36426,1370.7491,";;2;35;37;24;11;8;18;14;4*3;28;13;30;21;15*10;32;16;22;9;7;29;31;12;1*5;20;23;33;25;19*6;36;27;34;26;17;38","5",""
401,961.7082,945.36426,1354.8229,";;2;35;37;24;11;8;18;14;4;9*28;13;30;21;15;10;32*16;22;3;7;29;31;12;1*5;20;23;33;25;19*6;36;27;34;26;17;38","5",""
402,982.94867,945.36426,1480.0587,";;2;35;37;24;11;8;18;14;4;9*28;13;30;21;15;10;32*16;22;3;7;29;31;12;1*5;20;23;33;25;19*6;36;27;34;26;17;38","5",""
403,963.6446,945.36426,1297.466,";;2;35;37;24;11;8;18;14;4;9*28;13;30;21;15;10;32*16;22;3;7;29;31;12;1*5;20;23;33;25;19*6;36;27;34;26;17;38","5",""
404,959.44257,945.36426,1310.5219,";;2;35;37;24;11;8;18;14;4;9*28;13;30;21;15;10;32*16;22;3;7;29;31;12;1*5;20;23;33;25;19*6;36;27;34;26;17;38","5",""
405,977.9771,945.36426,1388.8618,";;2;35;37;24;11;8;18;14;4;9*28;13;30;21;15;10;32*16;22;3;7;29;31;12;1*5;20;23;33;25;19*6;36;27;34;26;17;38","5",""
406,971.52203,945.36426,1308.4036,";;2;35;37;24;11;8;18;14;4;9*28;13;30;21;15;10;32*16;22;3;7;29;31;12;1*5;20;23;33;25;19*6;36;27;34;26;17;38","5",""
407,959.21686,945.36426,1274.1519,";;2;35;37;24;11;8;18;14;4;9*28;13;30;21;15;10;32*16;22;3;7;29;31;12;1*5;20;23;33;25;19*6;36;27;34;26;17;38","5",""
408,954.5865,945.36426,1211.1036,";;2;35;37;24;11;8;18;14;4;9*28;13;30;21;15;10;32*16;22;3;7;29;31;12;1*5;20;23;33;25;19*6;36;27;34;26;17;38","5",""
409,957.90234,945.36426,1248.2743,";;2;35;37;24;11;8;18;14;4;9*28;13;30;21;15;10;32*16;22;3;7;29;31;12;1*5;20;23;33;25;19*6;36;27;34;26;17;38","5",""
410,965.5871,945.36426,1293.9004,";;2;35;37;24;11;8;18;14;4;9*28;13;30;21;15;10;32*16;22;3;7;29;31;12;1*5;20;23;33;25;19*6;36;27;34;26;17;38","5",""
411,966.5851,945.36426,1255.3271,";;2;35;37;24;11;8;18;14;4;9*28;13;30;21;15;10;32*16;22;3;7;29;31;12;1*5;20;23;33;25;19*6;36;27;34;26;17;38","5",""
412,962.96796,945.36426,1403.9967,";;2;35;37;24;11;8;18;14;4;9*28;13;30;21;15;10;32*16;22;3;7;29;31;12;1*5;20;23;33;25;19*6;36;27;34;26;17;38","5",""
413,979.51624,945.36426,1340.6202,";;2;35;37;24;11;8;18;14;4;9*28;13;30;21;15;10;32*16;22;3;7;29;31;12;1*5;20;23;33;25;19*6;36;27;34;26;17;38","5",""
414,959.97284,945.36426,1267.9307,";;2;35;37;24;11;8;18;14;4;9*28;13;30;21;15;10;32*16;22;3;7;29;31;12;1*5;20;23;33;25;19*6;36;27;34;26;17;38","5",""
415,961.919,945.36426,1308.929,";;2;35;37;24;11;8;18;14;4;9*28;13;30;21;15;10;32*16;22;3;7;29;31;12;1*5;20;23;33;25;19*6;36;27;34;26;17;38","5",""
416,982.7926,945.36426,1353.9525,";;2;35;37;24;11;8;18;14;4;9*28;13;30;21;15;10;32*16;22;3;7;29;31;12;1*5;20;23;33;25;19*6;36;27;34;26;17;38","5",""
417,979.7339,945.36426,1343.146,";;2;35;37;24;11;8;18;14;4;9*28;13;30;21;15;10;32*16;22;3;7;29;31;12;1*5;20;23;33;25;19*6;36;27;34;26;17;38","5",""
418,977.3413,945.36426,1329.3535,";;2;35;37;24;11;8;18;14;4;9*28;13;30;21;15;10;32*16;22;3;7;29;31;12;1*5;20;23;33;25;19*6;36;27;34;26;17;38","5",""
419,973.8886,945.36426,1274.2118,";;2;35;37;24;11;8;18;14;4;9*28;13;30;21;15;10;32*16;22;3;7;29;31;12;1*5;20;23;33;25;19*6;36;27;34;26;17;38","5",""
420,975.45844,945.36426,1342.148,";;2;35;37;24;11;8;18;14;4;9*28;13;30;21;15;10;32*16;22;3;7;29;31;12;1*5;20;23;33;25;19*6;36;27;34;26;17;38","5",""
421,965.51135,945.36426,1361.3845,";;2;35;37;24;11;8;18;14;4;9*28;13;30;21;15;10;32*16;22;3;7;29;31;12;1*5;20;23;33;25;19*6;36;27;34;26;17;38","5",""
422,965.93835,945.36426,1406.2931,";;2;35;37;24;11;8;18;14;4;9*28;13;30;21;15;10;32*16;22;3;7;29;31;12;1*5;20;23;33;25;19*6;36;27;34;26;17;38","5",""
423,987.04407,945.36426,1426.0812,";;2;35;37;24;11;8;18;14;4;9*28;13;30;21;15;10;32*16;22;3;7;29;31;12;1*5;20;23;33;25;19*6;36;27;34;26;17;38","5",""
424,971.96625,945.36426,1347.3237,";;2;35;37;24;11;8;18;14;4;9*28;13;30;21;15;10;32*16;22;3;7;29;31;12;1*5;20;23;33;25;19*6;36;27;34;26;17;38","5",""
425,956.87115,945.36426,1200.6993,";;2;35;37;24;11;8;18;14;4;9*28;13;30;21;15;10;32*16;22;3;7;29;31;12;1*5;20;23;33;25;19*6;36;27;34;26;17;38","5",""
426,969.14404,945.36426,1268.1729,";;2;35;37;24;11;8;18;14;4;9*28;13;30;21;15;10;32*16;22;3;7;29;31;12;1*5;20;23;33;25;19*6;36;27;34;26;17;38","5",""
427,980.55524,945.36426,1379.6914,";;2;35;37;24;11;8;18;14;4;9*28;13;30;21;15;10;32*16;22;3;7;29;31;12;1*5;20;23;33;25;19*6;36;27;34;26;17;38","5",""
428,961.87256,945.36426,1371.1919,";;2;35;37;24;11;8;18;14;4;9*28;13;30;21;15;10;32*16;22;3;7;29;31;12;1*5;20;23;33;25;19*6;36;27;34;26;17;38","5",""
429,977.5887,945.36426,1382.2456,";;2;35;37;24;11;8;18;14;4;9*28;13;30;21;15;10;32*16;22;3;7;29;31;12;1*5;20;23;33;25;19*6;36;27;34;26;17;38","5",""
430,975.10864,945.36426,1356.0988,";;2;35;37;24;11;8;18;14;4;9*28;13;30;21;15;10;32*16;22;3;7;29;31;12;1*5;20;23;33;25;19*6;36;27;34;26;17;38","5",""
431,967.3558,945.36426,1320.9385,";;2;35;37;24;11;8;18;14;4;9*28;13;30;21;15;10;32*16;22;3;7;29;31;12;1*5;20;23;33;25;19*6;36;27;34;26;17;38","5",""
432,959.681,945.36426,1444.53,";;2;35;37;24;11;8;18;14;4;9*28;13;30;21;15;10;32*16;22;3;7;29;31;12;1*5;20;23;33;25;19*6;36;27;34;26;17;38","5",""
433,965.23444,945.36426,1252.2592,";;2;35;37;24;11;8;18;14;4;9*28;13;30;21;15;10;32*16;22;3;7;29;31;12;1*5;20;23;33;25;19*6;36;27;34;26;17;38","5",""
434,980.8206,945.36426,1311.2795,";;2;35;37;24;11;8;18;14;4;9*28;13;30;21;15;10;32*16;22;3;7;29;31;12;1*5;20;23;33;25;19*6;36;27;34;26;17;38","5",""
435,990.73755,945.36426,1480.0587,";;2;35;37;24;11;8;18;14;4;9*28;13;30;21;15;10;32*16;22;3;7;29;31;12;1*5;20;23;33;25;19*6;36;27;34;26;17;38","5",""
436,969.94696,945.36426,1274.7975,";;2;35;37;24;11;8;18;14;4;9*28;13;30;21;15;10;32*16;22;3;7;29;31;12;1*5;20;23;33;25;19*6;36;27;34;26;17;38","5",""
437,978.34155,945.36426,1480.0587,";;2;35;37;24;11;8;18;14;4;9*28;13;30;21;15;10;32*16;22;3;7;29;31;12;1*5;20;23;33;25;19*6;36;27;34;26;17;38","5",""
438,972.6036,945.36426,1342.1187,";;2;35;37;24;11;8;18;14;4;9*28;13;30;21;15;10;32*16;22;3;7;29;31;12;1*5;20;23;33;25;19*6;36;27;34;26;17;38","5",""
439,996.41205,945.36426,1518.5939,";;2;35;37;24;11;8;18;14;4;9*28;13;30;21;15;10;32*16;22;3;7;29;31;12;1*5;20;23;33;25;19*6;36;27;34;26;17;38","5",""
440,963.7264,945.36426,1273.5576,";;2;35;37;24;11;8;18;14;4;9*28;13;30;21;15;10;32*16;22;3;7;29;31;12;1*5;20;23;33;25;19*6;36;27;34;26;17;38","5",""
441,968.8793,945.36426,1353.9525,";;2;35;37;24;11;8;18;14;4;9*28;13;30;21;15;10;32*16;22;3;7;29;31;12;1*5;20;23;33;25;19*6;36;27;34;26;17;38","5",""
442,975.8312,945.36426,1417.0575,";;2;35;37;24;11;8;18;14;4;9*28;13;30;21;15;10;32*16;22;3;7;29;31;12;1*5;20;23;33;25;19*6;36;27;34;26;17;38","5",""
443,971.80743,945.36426,1492.1642,";;2;35;37;24;11;8;18;14;4;9*28;13;30;21;15;10;32*16;22;3;7;29;31;12;1*5;20;23;33;25;19*6;36;27;34;26;17;38","5",""
444,969.5048,945.36426,1491.2937,";;2;35;37;24;11;8;18;14;4;9*28;13;30;21;15;10;32*16;22;3;7;29;31;12;1*5;20;23;33;25;19*6;36;27;34;26;17;38","5",""
445,970.97943,945.36426,1327.3477,";;2;35;37;24;11;8;18;14;4;9*28;13;30;21;15;10;32*16;22;3;7;29;31;12;1*5;20;23;33;25;19*6;36;27;34;26;17;38","5",""
446,969.6619,945.36426,1300.4296,";;2;35;37;24;11;8;18;14;4;9*28;13;30;21;15;10;32*16;22;3;7;29;31;12;1*5;20;23;33;25;19*6;36;27;34;26;17;38","5",""
447,966.79333,945.36426,1432.9923,";;2;35;37;24;11;8;18;14;4;9*28;13;30;21;15;10;32*16;22;3;7;29;31;12;1*5;20;23;33;25;19*6;36;27;34;26;17;38","5",""
448,980.59796,945.36426,1391.381,";;2;35;37;24;11;8;18;14;4;9*28;13;30;21;15;10;32*16;22;3;7;29;31;12;1*5;20;23;33;25;19*6;36;27;34;26;17;38","5",""
449,968.9593,945.36426,1379.6914,";;2;35;37;24;11;8;18;14;4;9*28;13;30;21;15;10;32*16;22;3;7;29;31;12;1*5;20;23;33;25;19*6;36;27;34;26;17;38","5",""
450,969.7572,945.36426,1491.7214,";;2;35;37;24;11;8;18;14;4;9*28;13;30;21;15;10;32*16;22;3;7;29;31;12;1*5;20;23;33;25;19*6;36;27;34;26;17;38","5",""
451,975.3192,945.36426,1350.0669,";;2;35;37;24;11;8;18;14;4;9*28;13;30;21;15;10;32*16;22;3;7;29;31;12;1*5;20;23;33;25;19*6;36;27;34;26;17;38","5",""
452,989.4143,945.36426,1519.0216,";;2;35;37;24;11;8;18;14;4;9*28;13;30;21;15;10;32*16;22;3;7;29;31;12;1*5;20;23;33;25;19*6;36;27;34;26;17;38","5",""
453,960.6371,945.36426,1233.6217,";;2;35;37;24;11;8;18;14;4;9*28;13;30;21;15;10;32*16;22;3;7;29;31;12;1*5;20;23;33;25;19*6;36;27;34;26;17;38","5",""
454,977.9556,945.36426,1320.3328,";;2;35;37;24;11;8;18;14;4;9*28;13;30;21;15;10;32*16;22;3;7;29;31;12;1*5;20;23;33;25;19*6;36;27;34;26;17;38","5",""
455,991.6353,945.36426,1416.2838,";;2;35;37;24;11;8;18;14;4;9*28;13;30;21;15;10;32*16;22;3;7;29;31;12;1*5;20;23;33;25;19*6;36;27;34;26;17;38","5",""
456,973.4825,945.36426,1337.5004,";;2;35;37;24;11;8;18;14;4;9*28;13;30;21;15;10;32*16;22;3;7;29;31;12;1*5;20;23;33;25;19*6;36;27;34;26;17;38","5",""
457,957.1258,945.36426,1217.5358,";;2;35;37;24;11;8;18;14;4;9*28;13;30;21;15;10;32*16;22;3;7;29;31;12;1*5;20;23;33;25;19*6;36;27;34;26;17;38","5",""
458,972.457,945.36426,1355.7675,";;2;35;37;24;11;8;18;14;4;9*28;13;30;21;15;10;32*16;22;3;7;29;31;12;1*5;20;23;33;25;19*6;36;27;34;26;17;38","5",""
459,986.7396,945.36426,1623.8552,";;2;35;37;24;11;8;18;14;4;9*28;13;30;21;15;10;32*16;22;3;7;29;31;12;1*5;20;23;33;25;19*6;36;27;34;26;17;38","5",""
460,966.585,945.36426,1416.4768,";;2;35;37;24;11;8;18;14;4;9*28;13;30;21;15;10;32*16;22;3;7;29;31;12;1*5;20;23;33;25;19*6;36;27;34;26;17;38","5",""
461,975.4034,945.36426,1374.8118,";;2;35;37;24;11;8;18;14;4;9*28;13;30;21;15;10;32*16;22;3;7;29;31;12;1*5;20;23;33;25;19*6;36;27;34;26;17;38","5",""
462,964.511,945.36426,1328.7227,";;2;35;37;38;11;8;18;14;4;9;28*13;30;21;15;10;32;16;22*3;7;29;31;12;1*5;20;23;33;25;19*6;36;27;34;26;17*24","6",""
463,973.50415,945.36426,1329.3535,";;2;35;37;24;11;8;18;14;4;9*28;13;30;21;15;10;32*16;22;3;7;29;31;12;1*5;20;23;33;25;19*6;36;27;34;26;17;38","5",""
464,974.03217,945.36426,1356.2101,";;2;35;37;24;11;8;18;14;4;9*28;13;30;21;15;10;32*16;22;3;7;29;31;12;1*5;20;23;33;25;19*6;36;27;34;26;17;38","5",""
465,965.95984,945.36426,1340.6202,";;2;35;37;24;11;8;18;14;4;9*28;13;30;21;15;10;32*16;22;3;7;29;31;12;1*5;20;23;33;25;19*6;36;27;34;26;17;38","5",""
466,963.3404,945.36426,1391.8236,";;2;35;37;24;11;8;18;14;4;9*28;13;30;21;15;10;32*16;22;3;7;29;34*12;1;5;20;23;33;25*19;6;36;27;31;26;17;38","5",""
467,962.9777,945.36426,1302.1554,";;2;35;37;24;11;8;18;14;4;9*28;13;30;21;15;10;32*16;22;3;7;29;31;12;1*5;20;23;33;25;19*6;36;27;34;26;17;38","5",""
468,964.11334,945.36426,1217.5358,";;2;35;37;24;11;8;18;14;4;9*28;13;30;21;15;10;32*16;22;3;7;29;31;12;1*5;20;23;33;25;19*6;36;27;34;26;17;38","5",""
469,967.7221,945.36426,1250.3441,";;2;35;37;24;11;8;18;14;4;9*28;13;30;21;15;10;32*16;22;3;7;29;31;12;1*5;20;23;33;25;19*6;36;27;34;26;17;38","5",""
470,978.59766,945.36426,1314.6366,";;2;35;37;24;11;8;18;14;4;9*28;13;30;21;15;10;32*16;22;3;7;29;31;12;1*5;20;23;33;25;19*6;36;27;34;26;17;38","5",""
471,961.0299,945.36426,1182.8314,";;2;35;37;24;11;8;18;14;4;9*28;13;30;21;15;10;32*16;22;3;7;29;31;12;1*5;20;23;33;25;19*6;36;27;34;26;17;38","5",""
472,958.6091,945.36426,1214.2639,";;2;35;37;24;11;8;18;14;4;9*28;13;30;21;15;10;32*16;22;3;7;29;31;12;1*5;20;23;33;25;19*6;36;27;34;26;17;38","5",""
473,970.5204,945.36426,1326.5068,";;2;35;37;24;11;8;18;14;4;9*28;13;30;21;15;10;32*16;22;3;7;29;31;12;1*5;20;23;33;25;19*6;36;27;34;26;17;38","5",""
474,969.37366,945.36426,1264.9702,";;2;35;37;24;11;8;18;14;4;9*28;13;30;21;15;10;32*16;22;3;7;29;31;12;1*5;20;23;33;25;19*6;36;27;34;26;17;38","5",""
475,960.2111,945.36426,1350.4136,";;2;35;37;24;11;8;18;14;4;9*28;13;30;21;15;10;32*16;22;3;7;29;31;12;1*5;20;23;33;25;19*6;36;27;34;26;17;38","5",""
476,966.75885,945.36426,1353.3005,";;2;35;37;24;11;8;18;14;4;9*28;13;30;21;15;10;32*16;22;3;7;29;31;12;1*5;20;23;33;25;19*6;36;27;34;26;17;38","5",""
477,958.1744,945.36426,1317.6466,";;2;35;37;24;11;8;18;14;4;9*28;13;30;21;15;10;32*16;22;3;7;29;31;12;1*5;20;23;33;25;19*6;36;27;34;26;17;38","5",""
478,960.7003,945.36426,1363.3297,";;2;35;37;24;11;8;18;14;4;9*28;13;30;21;15;10;32*16;22;3;7;29;31;12;1*5;20;23;33;25;19*6;36;27;34;26;17;38","5",""
479,975.933,945.36426,1342.1187,";;2;35;37;24;11;8;18;14;4;9*28;13;30;21;15;10;32*16;22;3;7;29;31;12;1*5;20;23;33;25;19*6;36;27;34;26;17;38","5",""
480,966.16974,945.36426,1491.7365,";;2;35;37;24;11;8;18;14;4;9*28;13;30;21;15;10;32*16;22;3;7;29;31;12;1*5;20;23;33;25;19*6;36;27;34;26;17;38","5",""
481,968.71014,945.36426,1370.3107,";;2;35;37;24;11;8;18;14;4;9*28;13;30;21;15;10;32*16;22;3;7;29;31;12;1*5;20;23;33;25;19*6;36;27;34;26;17;38","5",""
482,987.641,945.36426,1390.8783,";;2;35;37;24;11;8;18;14;4;9*28;13;30;21;15;10;32*16;22;3;7;29;31;12;1*5;20;23;33;25;19*6;36;27;34;26;17;38","5",""
483,961.41766,945.36426,1272.8335,";;2;35;37;24;11;8;18;14;4;9*28;13;30;21;15;10;32*16;22;3;7;29;31;12;1*5;20;23;33;25;19*6;36;27;34;26;17;38","5",""
484,979.03796,945.36426,1346.157,";;2;35;37;24;11;8;18;14;4;9*28;13;30;21;15;10;32*16;22;3;7;29;31;12;1*5;20;23;33;25;19*6;36;27;34;26;17;38","5",""
485,967.1705,945.36426,1524.265,";;2;35;37;24;11;8;18;14;4;9*28;13;30;21;15;10;32*16;22;3;7;29;31;12;1*5;20;23;33;25;19*6;36;27;34;26;17;38","5",""
486,986.6373,945.36426,1417.5271,";;2;35;37;24;11;8;18;14;4;9*28;13;30;21;15;10;32*16;22;3;7;29;31;12;1*5;20;23;33;25;19*6;36;27;34;26;17;38","5",""
487,964.77203,945.36426,1370.3214,";;2;35;37;24;11;8;18;14;4;9*28;13;30;21;15;10;32*16;22;3;7;29;31;12;1*5;20;23;33;25;19*6;36;27;34;26;17;38","5",""
488,965.82336,945.36426,1251.3148,";;2;35;37;24;11;8;18;14;4;9*28;13;30;21;15;10;32*16;22;3;7;29;31;12;1*5;20;23;33;25;19*6;36;27;34;26;17;38","5",""
489,977.0843,945.36426,1366.2103,";;2;35;37;24;11;8;18;14;4;9*28;13;30;21;15;10;32*16;22;3;7;29;31;12;1*5;20;23;33;25;19*6;36;27;34;26;17;38","5",""
490,978.5313,945.36426,1387.2285,";;2;35;37;24;11;8;18;14;4;9*28;13;30;21;15;10;32*16;22;3;7;29;31;12;1*5;20;23;33;25;19*6;36;27;34;26;17;38","5",""
491,972.4422,945.36426,1186.1115,";;2;35;37;24;11;8;18;14;4;9*28;13;30;21;15;10;32*16;22;3;7;29;31;12;1*5;20;23;33;25;19*6;36;27;34;26;17;38","5",""
492,970.377,945.36426,1213.9537,";;2;35;37;24;11;8;18;14;4;9*28;13;30;21;15;10;32*16;22;3;7;29;31;12;1*5;20;23;33;25;19*6;36;27;34;26;17;38","5",""
493,973.32275,945.36426,1406.2931,";;2;35;37;24;11;8;18;14;4;9*28;13;30;21;15;10;32*16;22;3;7;29;31;12;1*5;20;23;33;25;19*6;36;27;34;26;17;38","5",""
494,964.5536,945.36426,1480.0736,";;2;35;37;24;11;8;18;14;4;9*28;13;30;21;15;10;32*16;22;3;7;29;31;12;1*5;20;23;33;25;19*6;36;27;34;26;17;38","5",""
495,982.93805,945.36426,1417.3473,";;2;35;37;24;11;8;18;14;4;9*28;10;30;21;15;13;32*16;22;3;7;29;31;12;1*5;20;23;33;25;19*6;36;27;34;26;17;38","5",""
496,974.11084,945.36426,1355.6561,";;2;35;37;24;11;8;18;14;4;9*28;13;30;21;15;10;32*16;22;3;7;29;31;12;1*5;20;23;33;25;19*6;36;27;34;26;17;38","5",""
497,966.5746,945.36426,1324.9708,";;2;35;37;24;11;8;18;14;4;9*28;13;30;21;15;10;32*16;22;3;7;29;31;12;1*5;20;23;33;25;19*6;36;27;34;26;17;38","5",""
498,971.8613,945.36426,1292.6198,";;2;35;37;24;11;8;18;14;4;9*28;13;30;21;15;10;32*16;22;3;7;29;31;12;1*5;20;23;33;25;19*6;36;27;34;26;17;38","5",""
499,1000.9333,945.36426,1492.1642,";;2;35;37;24;11;8;18;14;4;9*28;13;30;21;15;10;32*16;22;3;7;29;31;12;1*5;20;23;33;25;19*6;36;27;34;26;17;38","5",""
500,972.5804,945.36426,1391.8236,";;2;35;37;24;11;8;18;14;4;9*28;13;30;21;15;10;32*16;22;3;7;29;31;12;1*5;20;23;33;25;19*6;36;27;34;26;17;38","5",""
501,970.65686,945.36426,1415.8411,";;2;35;37;24;11;8;18;14;4;9*28;13;30;21;15;10;32*16;22;3;7;29;31;12;1*5;20;23;33;25;19*6;36;27;34;26;17;38","5",""
502,961.8881,945.36426,1315.0643,";;2;35;37;24;11;8;18;14;4;9*28;13;30;21;15;10;32*16;22;3;7;29;31;12;1*5;20;23;33;25;19*6;36;27;34;26;17;38","5",""
503,981.4679,945.36426,1491.7214,";;2;35;37;24;11;8;18;14;4;9*28;13;30;21;15;10;32*16;22;3;7;29;31;12;1*5;20;23;33;25;19*6;36;27;34;26;17;38","5",""
504,969.0849,945.36426,1386.3088,";;2;35;37;24;11;8;18;14;4;9*28;13;30;21;15;10;32*16;22;3;7;29;31;12;1*5;20;23;33;25;19*6;36;27;34;26;17;38","5",""
505,971.40576,945.36426,1416.9045,";;2;35;37;24;11;8;18;14;4;9*28;13;30;21;15;10;32*16;22;3;7;29;31;12;1*5;20;23;33;25;19*6;36;27;34;26;17;38","5",""
506,977.27454,945.36426,1487.3911,";;2;35;37;24;11;8;18;14;4;9*28;13;30;21;15;10;32*16;22;3;7;29;31;12;1*5;20;23;33;25;19*6;36;27;34;26;17;38","5",""
507,983.843,945.36426,1391.8087,";;2;35;37;24;11;8;18;14;4;9*28;13;30;21;15;10;32*16;22;3;7;29;31;12;1*5;20;23;33;25;19*6;36;27;34;26;17;38","5",""
508,964.9768,945.36426,1342.5614,";;2;35;37;24;11;8;18;14;4;9*28;13;30;21;15;10;32*16;22;3;7;29;31;12;1*5;20;23;33;25;19*6;36;27;34;26;17;38","5",""
509,971.97144,945.36426,1524.265,";;2;35;37;24;11;8;18;14;4;9*28;13;30;21;15;10;32*16;22;3;7;29;31;12;1*5;20;23;33;25;19*6;36;27;34;26;17;38","5",""
510,969.0709,945.36426,1388.4341,";;2;35;37;24;11;8;18;14;4;9*28;13;30;21;15;10;32*16;22;3;7;29;31;12;1*5;20;23;33;25;19*6;36;27;34;26;17;38","5",""
511,958.8209,945.36426,1285.9364,";;2;35;37;24;11;8;18;14;4;9*28;13;30;21;15;10;32*16;22;3;7;29;31;12;1*5;20;23;33;25;19*6;36;27;34;26;17;38","5",""
512,967.92224,945.36426,1432.9923,";;2;35;37;24;11;8;18;14;4;9*28;13;30;21;15;10;32*16;22;3;7;29;31;12;1*5;20;23;33;25;19*6;36;27;34;26;17;38","5",""
513,977.7288,945.36426,1267.9456,";;2;35;37;24;11;8;18;14;4;9*28;13;30;21;15;10;32*16;22;3;7;29;31;12;1*5;20;23;33;25;19*6;36;27;34;26;17;38","5",""
514,974.35065,945.36426,1342.1628,";;2;35;37;24;11;8;18;14;4;9*28;13;30;21;15;10;32*16;22;3;7;29;31;12;1*5;20;23;33;25;19*6;36;27;34;26;17;38","5",""
515,968.9796,945.36426,1417.5271,";;2;35;37;24;11;8;18;14;4;9*28;13;30;21;15;10;32*16;22;3;7;29;31;12;1*5;20;23;33;25;19*6;36;27;34;26;17;38","5",""
516,970.2692,945.36426,1370.3214,";;2;35;37;24;11;8;18;14;4;9*28;13;30;21;15;10;32*16;22;3;7;29;31;12;1*5;20;23;33;25;19*6;36;27;34;26;17;38","5",""
517,977.70544,945.36426,1387.2136,";;2;35;37;24;11;8;18;14;4;9*28;13;30;21;15;10;32*16;22;3;7;29;31;12;1*5;20;23;33;25;19*6;36;27;34;26;17;38","5",""
518,969.48773,945.36426,1432.9923,";;2;35;37;24;11;8;18;14;4;9*28;13;30;21;15;10;32*16;22;3;7;29;31;12;1*5;20;23;33;25;19*6;36;27;34;26;17;38","5",""
519,968.27844,945.36426,1381.8179,";;2;35;37;24;11;8;18;14;4;9*28;13;30;21;15;10;32*16;22;3;7;29;31;12;1*5;20;23;33;25;19*6;36;27;34;26;17;38","5",""
520,975.4016,945.36426,1444.0874,";;2;35;37;24;11;8;18;14;4;9*28;13;30;21;15;10;32*16;22;3;7;29;31;12;1*5;20;23;33;25;19*6;36;27;34;26;17;38","5",""
521,963.2717,945.36426,1331.6951,";;2;35;37;24;11;8;18;14;4;9*28;13;30;21;15;10;32*16;22;3;7;29;31;12;1*5;20;23;33;25;19*6;36;27;34;26;17;38","5",""
522,975.04,945.36426,1487.8337,";;2;35;37;24;11;8;18;14;4;9*28;13;30;21;15;10;32*16;22;3;7;29;31;12;1*5;20;23;33;25;19*6;36;27;34;26;17;38","5",""
523,972.7001,945.36426,1404.0116,";;2;35;37;24;11;8;18;14;4;9*28;13;30;21;15;10;32*16;22;3;7;29;31;12;1*5;20;23;33;25;19*6;36;27;34;26;17;38","5",""
524,954.4738,945.36426,1310.8219,";;2;35;37;24;11;8;18;14;4;9*28;13;30;21;15;10;32*16;22;3;7;29;31;12;1*5;20;23;33;25;19*6;36;27;34;26;17;38","5",""
525,961.23724,945.36426,1310.0913,";;2;35;37;24;11;8;18;14;4;9*28;13;30;21;15;10;32*16;22;3;7;29;31;12;1*5;20;23;33;25;19*6;36;27;34;26;17;38","5",""
526,983.8306,945.36426,1409.9777,";;2;35;37;24;11;8;18;14;4;9*28;13;30;21;15;10;32*16;22;3;7;29;31;12;1*5;20;23;33;25;19*6;36;27;34;26;17;38","5",""
527,950.75494,945.36426,1157.219,";;2;35;37;24;11;8;18;14;4;9*28;13;30;21;15;10;32*16;22;3;7;29;31;12;1*5;20;23;33;25;19*6;36;27;34;26;17;38","5",""
528,966.22797,945.36426,1308.929,";;2;35;37;24;11;8;18;14;4;9*28;13;30;21;15;10;32*16;22;3;7;29;31;12;1*5;20;23;33;25;19*6;36;27;34;26;17;38","5",""
529,979.96625,945.36426,1391.381,";;2;35;37;24;11;8;18;14;4;9*28;13;30;21;15;10;32*16;22;3;7;29;31;12;1*5;20;23;33;25;19*6;36;27;34;26;17;38","5",""
530,970.3853,945.36426,1372.9323,";;2;35;37;24;11;8;18;14;4;9*28;13;30;21;15;10;32*16;22;3;7;29;31;12;1*5;20;23;33;25;19*6;36;27;34;26;17;38","5",""
531,959.5316,945.36426,1372.4895,";;2;35;37;24;11;8;18;14;4;9*28;13;30;21;15;10;32*16;22;3;7;29;31;12;1*5;20;23;33;25;19*6;36;27;34;26;17;38","5",""
532,967.42346,945.36426,1366.6531,";;2;35;37;24;11;8;18;14;4;9*28;13;30;21;15;10;32*16;22;3;7;29;31;12;1*5;20;23;33;25;19*6;36;27;34;26;17;38","5",""
533,957.7651,945.36426,1273.3723,";;2;35;37;24;11;8;18;14;4;9*28;13;30;21;15;10;32*16;22;3;7;29;31;12;1*5;20;23;33;25;19*6;36;27;34;26;17;38","5",""
534,986.22125,945.36426,1331.2523,";;2;35;37;24;11;8;18;14;4;9*28;13;30;21;15;10;32*16;22;3;7;29;31;12;1*5;20;23;33;25;19*6;36;27;34;26;17;38","5",""
535,961.93555,945.36426,1186.5101,";;2;35;37;24;11;8;18;14;4;9*28;13;30;21;15;10;32*16;22;3;7;29;31;12;1*5;20;23;33;25;19*6;36;27;34;26;17;38","5",""
536,972.9025,945.36426,1387.2285,";;2;35;37;24;11;8;18;14;4;9*28;13;30;21;15;10;32*16;22;3;7;29;31;12;1*5;20;23;33;25;19*6;36;27;34;26;17;38","5",""
537,964.9405,945.36426,1353.9525,";;2;35;37;24;11;8;18;14;4;9*28;13;30;21;15;10;32*16;22;3;7;29;31;12;1*5;20;23;33;25;19*6;36;27;34;26;17;38","5",""
538,975.1146,945.36426,1382.2606,";;2;35;37;24;11;8;18;14;4;9*28;13;30;21;15;10;32*16;22;3;7;29;31;12;1*5;20;23;33;25;19*6;36;27;34;26;17;38","5",""
539,963.75616,945.36426,1229.8936,";;2;35;37;24;11;8;18;14;4;9*28;13;30;21;15;10;32*16;22;3;7;29;31;12;1*5;20;23;33;25;19*6;36;27;34;26;17;38","5",""
540,977.3611,945.36426,1365.6924,";;2;35;37;24;11;8;18;14;4;9*28;13;30;21;15;10;32*16;22;3;7;29;31;12;1*5;20;23;33;25;19*6;36;27;34;26;17;38","5",""
541,984.5463,945.36426,1371.002,";;2;35;37;24;11;8;18;14;4;9*28;13;30;21;15;10;32*16;22;3;7;29;31;12;1*5;23;20;33;25;19*6;36;27;34;26;17;38","5",""
542,960.7076,945.36426,1298.443,";;2;35;37;24;11;8;18;14;4;9*28;13;30;21;15;10;32*16;22;3;7;29;31;12;1*5;20;23;33;25;19*6;36;27;34;26;17;38","5",""
543,964.7958,945.36426,1341.2524,";;2;35;37;24;11;8;18;14;4;9*28;13;30;21;15;10;32*16;22;3;7;29;31;12;1*5;20;23;33;25;19*6;36;27;34;26;17;38","5",""
544,970.0722,945.36426,1432.9923,";;2;35;37;24;11;8;18;14;4;9*28;13;30;21;15;10;32*16;22;3;7;29;31;12;1*5;20;23;33;25;19*6;36;27;34;26;17;38","5",""
545,962.3722,945.36426,1382.2606,";;2;35;37;24;11;8;18;14;4;9*28;13;30;21;15;10;32*16;22;3;7;29;31;12;1*5;20;23;33;25;19*6;36;27;34;26;17;38","5",""
546,962.63086,945.36426,1204.7212,";;2;35;37;24;11;8;18;14;4;9*28;13;30;21;15;10;32*16;22;3;7;29;31;12;1*5;20;23;33;25;19*6;36;27;34;26;17;38","5",""
547,975.9168,945.36426,1363.3297,";;2;35;37;24;11;8;18;14;4;9*28;13;30;21;15;10;32*16;22;3;7;29;31;12;1*5;20;23;33;25;19*6;36;27;34;26;17;38","5",""
548,976.8758,945.36426,1417.9698,";;2;35;37;24;11;8;18;14;4;9*28;13;30;21;15;10;32*16;22;3;7;29;31;12;1*5;20;23;33;25;19*6;36;27;34;26;17;38","5",""
549,966.2503,945.36426,1415.4133,";;2;35;37;24;11;8;18;14;4;9*28;13;30;21;15;10;32*16;22;3;7;29;31;12;1*5;20;23;33;25;19*6;36;27;34;26;17;38","5",""
550,974.37994,945.36426,1370.5592,";;2;35;37;24;11;8;18;14;4;9*28;13;30;21;15;10;32*16;22;3;7;29;31;12;1*5;20;23;33;25;19*6;36;27;34;26;17;38","5",""
551,969.8426,945.36426,1416.6298,";;2;35;37;24;11;8;18;14;4;9*28;13;30;21;15;10;32*16;22;3;7;29;31;12;1*5;20;23;33;25;19*6;36;27;34;26;17;38","5",""
552,972.15643,945.36426,1415.8561,";;2;35;37;24;11;8;18;14;4;9*28;13;30;21;15;10;32*16;22;3;7;29;31;12;1*5;20;23;33;25;19*6;36;27;34;26;17;38","5",""
553,975.9811,945.36426,1425.6534,";;2;35;37;24;11;8;18;14;4;9*28;13;30;21;15;25;32*16;22;3;7;29;31*5;1;12;20;23;33;10;19*6;36;27;34;26;17;38","5",""
554,965.6195,945.36426,1403.569,";;2;35;37;24;11;8;18;14;4;9*28;13;30;21;15;10;32*16;22;3;7;29;31;12;1*5;20;23;33;25;19*6;36;27;34;26;17;38","5",""
555,980.77185,945.36426,1340.6353,";;2;35;37;24;11;8;18;14;4;9*28;13;30;21;15;10;32*16;22;3;7;29;31;12;1*5;20;23;33;25;19*6;36;27;34;26;17;38","5",""
556,969.35034,945.36426,1370.5592,";;2;35;37;24;11;25;18;14;4;9*28;13;30;21;15;10;32*16;22;3;7;29;31;12;1*5;20;23;33;8;19*6;36;27;34;26;17;38","5",""
557,985.55524,945.36426,1279.8215,";;2;35;37;24;11;8;18;14;4;9*28;13;30;21;15;10;32*16;22;3;7;29;31;12;1*5;20;23;33;25;19*6;36;27;34;26;17;38","5",""
558,984.6292,945.36426,1391.381,";;2;35;37;24;11;8;18;14;4;9*28;13;30;21;15;10;32*16;22;3;7;29;31;12;1*5;20;23;33;25;19*6;36;27;34;26;17;38","5",""
559,964.2435,945.36426,1355.7675,";;2;35;37;24;11;8;18;14;4;9*28;13;30;21;15;10;32*16;22;3;7;29;31;12;1*5;20;23;33;25;19*6;36;27;34;26;17;38","5",""
560,967.21344,945.36426,1241.9758,";;2;35;37;24;11;8;18;14;4;9*28;13;30;21;31;10;32;16;22*3;7;29;15*12;1;5;20;23;33;25*19;6;36;27;34;26;17*38","6",""
561,968.9229,945.36426,1419.9043,";;2;35;37;24;11;36;18;14;4*9;28;13;30;21;15;10;32*16;22;3;7;29;31;12;1*5;20;23;25;33;19*6;8;27;34;26;17;38","5",""
562,966.674,945.36426,1203.326,";;2;35;37;24;11;8;18;14;4;9*28;13;30;21;15;10;32*16;22;3;7;29;31;12;1*5;20;23;33;25;19*6;36;27;34;26;17;38","5",""
563,961.4119,945.36426,1350.8563,";;2;35;37;24;11;25;18;14;4;9*28;13;30;21;15;10;32*16;22;3;7;29;31;12;1*5;20;23;33;8;19*6;36;27;34;26;17;38","5",""
564,981.4836,945.36426,1310.006,";;2;35;37;24;11;8;18;14;4;9*28;13;30;21;15;10;32*16;22;3;7;29;31;12;1*5;20;23;33;25;19*6;36;27;34;26;17;38","5",""
565,955.7913,945.36426,1292.2676,";;2;35;37;24;11;8;18;14;4;9*28;13;30;21;15;10;32*16;22;3;7;29;31;12;1*5;20;23;33;25;19*6;36;27;34;26;17;38","5",""
566,976.5796,945.36426,1418.4423,";;2;35;37;24;11;8*15;14;4;9;28;13;30;21;18*10;32;16;22;3;7*29;31;12;1;5;20;23;33*25;19;6;36;27*34;26;17;38","6",""
567,965.4003,945.36426,1317.8075,";;2;35;37;24;11;8;18;14;4;9*28;13;30;21;15;10;32*16;22;3;7;29;31;12;1*5;20;23;33;25;19*6;36;27;34;26;17;38","5",""
568,988.0889,945.36426,1441.2786,";;2;35;37;24;11;8;18;14;4;9*28;13;30;21;15;10;32*16;22;3;7;29;31;12;1*5;20;23;33;25;19*6;36;27;34;26;17;38","5",""
569,981.3375,945.36426,1359.9888,";;2;35;37;24;11;8;18;14;4;9*28;13;30;21;15;10;32*16;22;3;7;29;31;12;1*5;20;23;33;25;19*6;36;27;34;26;17;38","5",""
570,972.52814,945.36426,1488.2615,";;2;35;37;24;11;8;18;14;4;9*28;13;30;21;15;10;32*16;22;3;7;29;31;12;1*5;20;23;33;25;19*6;36;27;34;26;17;38","5",""
571,978.34546,945.36426,1276.751,";;2;35;37;24;11;8;18;14;4;9*28;13;30;21;15;10;32*16;22;3;7;29;31;12;1*5;20;23;33;25;19*6;36;27;34;26;17;38","5",""
572,974.2176,945.36426,1385.8661,";;2;35;37;24;11;8;18;14;4;9*28;13;30;21;15;10;32*16;22;3;7;29;31;12;1*5;20;23;33;25;19*6;36;27;34;26;17;38","5",""
573,968.9752,945.36426,1371.002,";;2;35;37;24;11;8;18;14;4;9*28;13;30;21;15;10;32*16;22;3;7;29;31;12;1*5;20;23;33;25;19*6;36;27;34;26;17;38","5",""
574,977.0888,945.36426,1392.0116,";;2;35;37;24;11;8;18;14;4;9*28;13;30;21;15;10;32*16;22;3;7;29;31;12;1*5;17;23;33;25;19*6;36;27;34;26;20;38","5",""
575,960.70013,945.36426,1351.3949,";;2;35;37;24;11;8;18;14;4;9*28;13;30;21;15;10;32*16;22;3;7;29;31;12;1*5;20;23;33;25;19*6;36;27;34;26;17;38","5",""
576,963.3604,945.36426,1302.6005,";;2;35;37;24;11;8;18;14;4;9*28;13;30;21;15;10;32*16;22;3;7;29;31;12;1*5;20;23;33;25;19*6;36;27;34;26;17;38","5",""
577,979.64764,945.36426,1392.0116,";;2;35;37;24;11;8;18;14;4;9*28;13;30;21;15;10;32*16;22;3;7;29;31;12;1*5;20;23;33;25;19*6;36;27;34;26;17;38","5",""
578,968.9045,945.36426,1317.2039,";;2;35;37;24;11;8;18;14;4;9*28;13;30;21;15;10;32*16;22;3;7;29;31;12;1*5;20;23;33;25;19*6;36;27;34;26;17;38","5",""
579,964.0979,945.36426,1276.4661,";;2;35;37;24;11;8;18;14;4;9*28;13;30;21;15;10;32*16;22;3;7;29;31;12;1*5;20;23;33;25;19*6;36;27;34;26;17;38","5",""
580,966.2632,945.36426,1241.9758,";;2;35;37;24;11;8;18;14;4;9*28;13;30;21;15;10;32*16;22;3;7;29;31;12;1*5;20;23;33;25;19*6;36;27;34;26;17;38","5",""
581,969.73706,945.36426,1324.9708,";;2;35;37;24;11;8;18;14;4;9*28;13;30;21;15;10;32*16;22;3;7;29;31;12;1*5;20;23;33;25;19*6;36;27;34;26;17;38","5",""
582,963.0772,945.36426,1314.6366,";;2;35;37;24;11;8;18;14;4;9*28;13;30;21;15;10;32*16;22;3;7;29;31;12;1*5;20;23;33;25;19*6;36;27;34;26;17;38","5",""
583,975.02466,945.36426,1385.4384,";;2;35;37;24;11;8;18;14;4;9*28;13;30;21;15;10;32*16;22;3;7;29;31;12;1*5;20;23;33;25;19*6;36;27;34;26;17;38","5",""
584,974.0468,945.36426,1491.7365,";;2;35;37;24;11;8;18;14;4;9*28;13;30;21;15;10;32*16;22;3;7;29;31;12;1*5;20;23;33;25;19*6;36;27;34;26;17;38","5",""
585,964.5419,945.36426,1292.2676,";;2;35;37;24;11;8;18;14;4;9*28;13;30;21;15;10;32*16;22;3;7;29;31;12;1*5;20;23;33;25;19*6;36;27;34;26;17;38","5",""
586,963.97675,945.36426,1317.8075,";;2;35;37;24;11;8;18;14;4;9*28;13;30;21;15;10;32*16;22;3;7;29;31;12;1*5;20;23;33;25;19*6;36;27;34;26;17;38","5",""
587,980.5482,945.36426,1295.0596,";;2;35;37;24;11;8;18;14;4;9*28;13;30;21;15;10;32*16;22;3;7;29;31;12;1*5;20;23;33;25;19*6;36;27;34;26;17;38","5",""
588,968.447,945.36426,1416.9196,";;2;35;37;24;11;8;18;14;4;9*28;13;30;21;15;10;32*16;22;3;7;29;31;12;1*5;20;23;33;25;19*6;36;27;34;26;17;38","5",""
589,957.6171,945.36426,1236.0264,";;2;35;37;24;11;8;18;14;4;9*28;13;30;21;15;10;32*16;22;3;7;29;31;12;1*5;20;23;33;25;19*6;36;27;34;26;17;38","5",""
590,962.1968,945.36426,1302.6005,";;2;35;37;24;11;8;18;14;4;9*28;13;30;21;15;10;32*16;22;3;7;29;31;12;1*5;20;23;33;25;19*6;36;27;34;26;17;38","5",""
591,965.2109,945.36426,1400.8604,";;2;35;37;24;11;8;18;14;4;9*28;13;30;21;15;10;32*16;22;3;7;29;31;12;1*5;20;23;33;25;19*6;36;27;34;26;17;38","5",""
592,970.7614,945.36426,1316.9984,";;2;35;37;24;11;8;18;14;4;9*28;13;30;21;15;10;32*16;22;3;7;29;31;12;1*5;20;23;33;25;19*6;36;27;34;26;17;38","5",""
593,974.8677,945.36426,1292.7103,";;2;35;37;24;11;8;18;14;4;9*28;13;30;21;15;10;32*16;22;3;7;29;31;12;1*5;20;23;33;25;19*6;36;27;34;26;17;38","5",""
594,968.7177,945.36426,1333.4033,";;2;35;37;24;11;8;18;14;4;9*28;13;30;21;15;10;32*16;22;3;7;29;31;12;1*5;20;23;33;25;19*6;36;27;34;26;17;38","5",""
595,980.6307,945.36426,1353.9525,";;2;35;37;24;11;8;18;14;4;9*28;13;30;21;15;10;32*16;22;3;7;29;31;12;1*5;20;23;33;25;19*6;36;27;34;26;17;38","5",""
596,955.7791,945.36426,1275.4827,";;2;35;37;24;11;8;18;14;4;9*28;13;30;21;15;10;32*16;22;3;7;29;31;12;1*5;20;23;33;25;19*6;36;27;34;26;17;38","5",""
597,978.7734,945.36426,1487.3911,";;2;35;37;24;11;8;18;14;4;9*28;13;30;21;15;10;32*16;22;3;7;29;31;12;1*5;20;23;33;25;19*6;36;27;34;26;17;38","5",""
598,968.0736,945.36426,1331.6951,";;2;35;37;24;11;8;18;14;4;9*28;13;30;21;15;10;32*16;22;3;7;29;31;12;1*5;20;23;33;25;19*6;36;27;34;26;17;38","5",""
599,968.70807,945.36426,1366.5085,";;2;35;37;24;11;8;18;14;4;9*28;13;30;21;15;10;32*16;22;3;7;29;31;12;1*5;20;23;33;25;19*6;36;27;34;26;17;38","5",""
600,966.7893,945.36426,1319.8901,";;2;35;37;24;11;8;18;14;4;9*28;13;30;21;15;10;32*16;22;3;7;29;31;12;1*5;20;23;33;25;19*6;36;27;34;26;17;38","5",""
601,970.2935,945.36426,1345.8707,";;2;35;37;24;11;8;18;14;4;9*28;13;30;21;15;10;32*16;22;3;7;29;31;12;1*5;20;23;33;25;19*6;36;27;34;26;17;38","5",""
602,974.0567,945.36426,1444.0874,";;2;35;37;24;11;8;18;14;4;9*28;13;30;21;15;10;32*16;22;3;7;29;31;12;1*5;20;23;33;25;19*6;36;27;34;26;17;38","5",""
603,977.1614,945.36426,1331.2523,";;2;35;37;24;11;8;18;14;4;9*28;13;30;21;15;10;32*16;22;3;7;29;31;12;1*5;20;23;33;25;19*6;36;27;34;26;17;38","5",""
604,955.07697,945.36426,1243.8176,";;2;35;37;24;11;8;18;14;4;9*28;13;30;21;15;10;32*16;22;3;7;29;31;12;1*5;20;23;33;25;19*6;36;27;34;26;17;38","5",""
605,960.35077,945.36426,1237.9325,";;2;35;37;24;11;8;18;14;4;9*28;13;30;21;15;10;32*16;22;3;7;29;31;12;1*5;20;23;33;25;19*6;36;27;34;26;17;38","5",""
606,975.2096,945.36426,1342.1628,";;2;35;37;24;11;8;18;14;4;9*28;13;30;21;15;10;32*16;22;3;7;29;31;12;1*5;20;23;33;25;19*6;36;27;34;26;17;38","5",""
607,974.24005,945.36426,1419.332,";;2;35;37;24;11;8;18;14;4;9*28;13;30;21;15;10;32*16;22;3;7;29;31;12;1*5;20;23;33;25;19*6;36;27;34;26;17;38","5",""
608,971.97144,945.36426,1317.2039,";;2;35;37;24;11;8;18;14;4;9*28;13;30;21;15;10;32*16;22;3;7;29;31;12;1*5;20;23;33;25;19*6;36;27;34;26;17;38","5",""
609,970.4515,945.36426,1400.8604,";;2;35;37;24;11;8;18;14;4;9*28;13;30;21;15;10;32*16;22;3;7;29;31;12;1*5;20;23;33;25;19*6;36;27;34;26;17;38","5",""
610,977.6343,945.36426,1351.3949,";;2;35;37;24;11;8;18;14;21;9*28;13;30;4;15;10;32*16;22;3;7;29;31;12;1*5;20;23;33;25;19*6;36;27;34;26;17;38","5",""
611,985.6933,945.36426,1441.2935,";;2;35;37;24;11;8;18;14;4;9*28;13;30;21;15;10;32*16;22;3;7;29;31;12;1*5;20;23;33;25;19*6;36;27;34;26;17;38","5",""
612,974.40454,945.36426,1350.8563,";;2;35;37;24;11;8;18;14;4;9*28;13;30;21;15;10;32*16;22;3;7;29;31;12;1*5;20;23;33;25;19*6;36;27;34;26;17;38","5",""
613,979.0619,945.36426,1327.3477,";;2;35;37;24;11;8;18;14;4;9*28;13;30;21;15;10;32*16;22;3;7;29;31;12;1*5;20;23;33;25;19*6;36;27;34;26;17;38","5",""
614,962.99603,945.36426,1372.4895,";;2;35;37;24;11;8;18;14;4;9*28;13;30;21;15;10;32*16;22;3;7;29;31;12;1*5;20;23;33;25;19*6;36;27;34;26;17;38","5",""
615,958.0198,945.36426,1220.8436,";;2;35;37;24;11;8;18;14;4;9*28;13;30;21;15;10;32*16;22;3;7;29;31;12;1*5;20;23;33;25;19*6;36;27;34;26;17;38","5",""
616,967.6406,945.36426,1306.0862,";;2;35;37;24;11;8;18;14;4;9*28;13;30;21;15;10;32*16;22;3;7;29;31;12;1*5;20;23;33;25;19*6;36;27;34;26;17;38","5",""
617,965.6691,945.36426,1255.142,";;2;35;37;24;11;8;18;14;4;9*28;13;30;21;15;10;32*16;22;3;7;29;31;12;1*5;20;23;33;25;19*6;36;27;34;26;17;38","5",""
618,968.29877,945.36426,1286.379,";;2;35;37;24;11;8;18;14;4;9*28;13;30;21;15;10;32*16;22;3;7;29;31;12;1*5;20;23;33;25;19*6;36;27;34;26;17;38","5",""
619,975.0867,945.36426,1342.1187,";;2;35;37;24;11;8;18;14;4;9*28;13;30;21;15;10;32*16;22;3;7;29;31;12;1*5;20;23;33;25;19*6;36;27;34;26;17;38","5",""
620,965.7947,945.36426,1425.7368,";;2;35;37;24;11;8;18;14;4;9*28;13;30;21;15;10;32*16;22;3;7;29;31;12;1*5;20;23;33;25;19*6;36;27;34;26;17;38","5",""
621,975.16284,945.36426,1263.7096,";;2;35;37;24;11;8;18;14;4;9*28;13;30;21;15;10;32*16;22;3;7;29;31;12;1*5;20;23;33;25;19*6;36;27;34;26;17;38","5",""
622,966.5502,945.36426,1518.5939,";;2;35;37;24;11;8;18;14;4;9*28;13;30;21;15;10;32*16;22;3;7;29;31;12;1*5;20;23;33;25;19*6;36;27;34;26;17;38","5",""
623,952.36383,945.36426,1128.2502,";;2;35;37;24;11;8;18;14;4;9*28;13;30;21;15;10;32*16;22;3;7;29;31;12;1*5;20;23;33;25;19*6;36;27;34;26;17;38","5",""
624,967.31116,945.36426,1316.9835,";;2;35;37;24;11;8;18;14;4;9*28;13;30;21;15;10;32*16;22;3;7;29;31;12;1*5;20;23;33;25;19*6;36;27;34;26;17;38","5",""
625,977.77985,945.36426,1284.3015,";;2;35;37;24;11;8;18;14;4;9*28;13;30;21;15;10;32*16;22;3;7;29;31;12;1*5;20;23;33;25;19*6;36;27;34;26;17;38","5",""
626,971.74,945.36426,1363.1852,";;2;35;37;24;11;8;18;14;4;9*28;29;30;21;15;10;32*16;22;3;7;13;31;12;1*5;20;23;33;25;19*6;36;27;34;26;17;38","5",""
627,963.8909,945.36426,1385.4384,";;2;35;37;24;11;8;18;14;4;9*28;13;30;21;15;10;32*16;22;3;7;29;31;12;1*5;20;23;33;25;19*6;36;27;34;26;17;38","5",""
628,995.23486,945.36426,1316.4147,";;2;35;37;24;11;8;18;14;4;9*28;13;30;21;15;10;32*16;22;3;7;29;31;12;1*5;20;23;33;25;19*6;36;27;34;26;17;38","5",""
629,967.66565,945.36426,1292.5314,";;2;35;37;24;11;8;18;14;4;9*28;13;30;21;15;10;32*16;22;3;7;29;31;12;1*5;20;23;33;25;19*6;36;27;34;26;17;38","5",""
630,982.7099,945.36426,1479.6309,";;2;35;37;24;11;8;18;14;4;9*28;13;30;21;15;10;32*16;22;3;7;29;31;12;1*5;20;23;33;25;19*6;36;27;34;26;17;38","5",""
631,980.8956,945.36426,1383.0444,";;2;35;37;24;11;8;18;14;4;9*28;13;30;21;15;10;32*16;22;3;7;29;31;12;1*5;20;23;33;25;19*6;36;27;34;26;17;38","5",""
632,961.7542,945.36426,1337.3558,";;2;35;37;24;11;8;18;14;4;9*28;13;30;21;15;10;32*16;22;3;7;29;31;12;1*5;20;23;33;25;19*6;36;27;34;26;17;38","5",""
633,977.15216,945.36426,1417.8253,";;2;35;37;24;11;8;18;14;4;9*28;13;30;21;15;10;32*16;22;3;7;29;31;12;1*5;20;23;33;25;19*6;36;27;34;26;17;38","5",""
634,974.5648,945.36426,1491.2937,";;2;35;37;24;11;8;18;14;4;9*28;13;30;21;15;10;32*16;22;3;7;29;31;12;1*5;20;23;33;25;19*6;36;27;34;26;17;38","5",""
635,977.22186,945.36426,1518.8921,";;2;35;37;24;11;8;18;14;4;9*28;13;30;21;15;10;32*16;22;3;7;29;31;12;1*5;20;23;33;25;19*6;36;27;34;26;17;38","5",""
636,976.31323,945.36426,1310.0913,";;2;35;37;24;11;8;18;14;4;9*28;13;30;21;15;10;32*16;22;3;7;29;31;12;1*5;20;23;33;25;19*6;36;27;34;26;17;38","5",""
637,972.78174,945.36426,1332.8538,";;2;35;37;24;11;8;18;14;4;9*28;13;30;21;15;10;32*16;22;3;7;29;31;12;1*5;20;23;33;25;19*6;36;27;34;26;17;38","5",""
638,957.6207,945.36426,1229.9768,";;2;35;37;24;11;8;18;14;4;9*28;13;30;21;15;10;32*16;22;3;7;29;31;12;1*5;20;23;33;25;19*6;36;27;34;26;17;38","5",""
639,975.45026,945.36426,1314.9348,";;2;35;37;24;11;8;18;14;4;9*28;13;30;21;15;10;32*16;22;3;7;29;31;12;1*5;20;23;33;25;19*6;36;27;34;26;17;38","5",""
640,972.9407,945.36426,1320.1882,";;2;35;37;24;11;8;18;14;4;9*28;13;30;21;15;10;32*16;22;3;7;29;31;12;1*5;20;23;33;25;19*6;36;27;34;26;17;38","5",""
641,971.9732,945.36426,1417.8253,";;2;35;37;24;11;8;18;14;4;9*28;13;30;21;15;10;32*16;22;3;7;29;31;12;1*5;20;23;33;25;19*6;36;27;34;26;17;38","5",""
642,964.91943,945.36426,1390.7338,";;2;35;37;24;11;8;18;14;4;9*28;13;30;21;15;10;32*16;22;3;7;29;31;12;1*5;20;23;33;25;19*6;36;27;34;26;17;38","5",""
643,974.0373,945.36426,1426.0349,";;2;35;37;24;11;8;18;14;4;9*28;13;30;21;15;10;32;1;22*3;7;29;31;12;16*5;20;23;33;25;19*6;36;27;34;26;17;38","5",""
644,962.2279,945.36426,1432.9923,";;2;35;37;24;11;8;18;14;4;9*28;13;30;21;15;10;32*16;22;3;7;29;31;12;1*5;20;23;33;25;19*6;36;27;34;26;17;38","5",""
645,965.9944,945.36426,1337.3558,";;2;35;37;24;11;8;18;14;4;9*28;13;30;21;15;10;32*16;22;3;7;29;31;12;1*5;20;23;33;25;19*6;36;27;34;26;17;38","5",""
646,982.4066,945.36426,1296.6102,";;2;35;37;24;11;8;18;14;4;9*28;13;30;21;15;10;32*16;22;3;7;29;31;12;1*5;20;23;33;25;19*6;36;27;34;26;17;38","5",""
647,960.9352,945.36426,1300.973,";;2;35;37;24;11;8;18;14;4;9*28;13;30;21;15;10;32*16;22;3;7;29;31;12;1*5;20;23;33;25;19*6;36;27;34;26;17;38","5",""
648,968.6613,945.36426,1302.2552,";;2;35;37;24;11;8;18;14;4;9*28;13;30;21;15;10;32*16;22;3;7;29;31;12;1*5;20;23;33;25;19*6;36;27;34;26;17;38","5",""
649,982.758,945.36426,1440.8508,";;2;35;37;24;11;8;18;14;4;9*28;13;30;21;15;10;32*16;22;3;7;29;31;12;1*5;20;23;33;25;19*6;36;27;34;26;17;38","5",""
650,960.8976,945.36426,1267.4938,";;2;35;37;24;11;8;18;14;4;9*28;13;30;21;15;10;32*16;22;3;7;29;31;12;1*5;20;23;33;25;19*6;36;27;34;26;17;38","5",""
651,972.1722,945.36426,1370.3107,";;2;35;37;24;11;8;18;14;4;9*28;13;30;21;15;10;32*16;22;3;7;29;31;12;1*5;20;23;33;25;19*6;36;27;34;26;17;38","5",""
652,957.55054,945.36426,1265.5997,";;2;35;37;24;11;8;18;14;4;9*28;13;30;21;15;10;32*16;22;3;7;29;31;12;1*5;20;23;33;25;19*6;36;27;34;26;17;38","5",""
653,969.4546,945.36426,1352.2087,";;2;35;37;24;11;8;18;14;4;9*28;13;30;21;15;10;32*16;22;3;7;29;31;12;1*5;20;23;33;25;19*6;36;27;34;26;17;38","5",""
654,958.0796,945.36426,1244.1527,";;2;35;37;24;11;8;18;14;4;9*28;13;30;21;15;10;32*16;22;3;7;29;31;12;1*5;20;23;33;25;19*6;36;27;34;26;17;38","5",""
655,975.05774,945.36426,1370.3107,";;2;35;37;24;11;8;18;14;4;9*28;13;30;21;15;10;32*16;22;3;7;29;31;12;1*5;20;23;33;25;19*6;36;27;34;26;17;38","5",""
656,965.47845,945.36426,1286.2345,";;2;35;37;24;11;8;18;14;4;9*28;13;30;21;15;10;32*16;22;3;7;29;31;12;1*5;20;23;33;25;19*6;36;27;34;26;17;38","5",""
657,970.24384,945.36426,1387.084,";;2;35;37;24;11;8;18;14;4;9*28;13;30;21;15;10;32*16;22;3;7;29;31;12;1*5;20;23;33;25;19*6;36;27;34;26;17;38","5",""
658,959.47736,945.36426,1425.7368,";;2;35;37;24;11;8;18;14;4;9*28;13;30;21;15;10;32*16;22;3;7;29;31;12;1*5;20;23;33;25;19*6;36;27;34;26;17;38","5",""
659,973.9612,945.36426,1444.3855,";;2;35;37;24;11;8;18;14;4;9*28;13;30;21;15;10;32*16;22;3;7;29;31;12;1*5;20;23;33;25;19*6;36;27;34;26;17;38","5",""
660,965.9853,945.36426,1319.8901,";;2;35;37;24;11;8;18;14;4;9*28;13;30;21;15;10;32*16;22;3;7;29;31;12;1*5;20;23;33;25;19*6;36;27;34;26;17;38","5",""
661,963.552,945.36426,1299.789,";;2;35;37;24;11;8;18;14;4;9*28;13;30;21;15;10;32*16;22;3;7;29;31;12;1*5;20;23;33;25;19*6;36;27;34;26;17;38","5",""
662,968.7693,945.36426,1257.7177,";;2;35;37;24;11;8;18;14;4;9*28;13;30;21;15;10;32*16;22;3;7;29;31;12;1*5;20;23;33;25;19*6;36;27;34;26;17;38","5",""
663,963.9712,945.36426,1242.9723,";;2;35;37;24;11;8;18;14;4;9*28;13;30;21;15;10;32*16;22;3;7;29;31;12;1*5;20;23;33;25;19*6;36;27;34;26;17;38","5",""
664,987.8107,945.36426,1425.7368,";;2;35;37;24;11;8;18;14;4;9*28;13;30;21;15;10;32*16;22;3;7;29;31;12;1*5;20;23;33;25;19*6;36;27;34;26;17;38","5",""
665,957.1532,945.36426,1229.2916,";;2;35;37;24;11;8;18;14;4;9*28;13;30;21;15;10;32*16;22;3;7;29;31;12;1*5;20;23;33;25;19*6;36;27;34;26;17;38","5",""
666,962.2,945.36426,1229.8455,";;2;35;37;24;11;8;18;14;4;9*28;13;30;21;15;10;32*16;22;3;7;29;31;12;1*5;20;23;33;25;19*6;36;27;34;26;17;38","5",""
667,974.7752,945.36426,1419.0338,";;2;35;37;24;11;8;18;14;4;9*28;13;30;21;15;10;32*16;22;3;7;29;31;12;1*5;20;23;33;25;19*6;36;27;34;26;17;38","5",""
668,964.34814,945.36426,1229.264,";;2;35;37;24;11;8;18;14;4;9*28;13;30;21;15;10;32*16;22;3;7;29;31;12;1*5;20;23;33;25;19*6;36;27;34;26;17;38","5",""
669,996.3801,945.36426,1425.5089,";;2;35;37;24;11;8;18;14;4;9*28;13;30;21;15;10;32*16;22;3;7;29;31;12;1*5;20;23;33;25;19*6;36;27;34;26;17;38","5",""
670,963.58545,945.36426,1355.6561,";;2;35;37;24;11;8;18;14;4;9*28;13;30;21;15;10;32*16;22;3;7;29;31;12;1*5;20;23;33;25;19*6;36;27;34;26;17;38","5",""
671,963.6652,945.36426,1391.381,";;2;35;37;24;11;8;18;14;4;9*28;13;30;21;15;10;32*16;22;3;7;29;31;12;1*5;20;23;33;25;19*6;36;27;34;26;17;38","5",""
672,970.92096,945.36426,1281.9915,";;2;35;37;24;11;8;18;14;4;9*28;13;30;21;15;10;32*16;22;3;7;29;31;12;1*5;20;23;33;25;19*6;36;27;34;26;17;38","5",""
673,973.93616,945.36426,1419.332,";;2;35;37;24;11;8;18;14;4;9*28;13;30;21;15;10;32*16;22;3;7;29;31;12;1*5;20;23;33;25;19*6;36;27;34;26;17;38","5",""
674,976.23444,945.36426,1419.0338,";;2;35;37;24;11;8;18;14;4;9*28;13;30;21;15;10;32*16;22;3;7;29;31;12;1*5;20;23;33;25;19*6;36;27;34;26;17;38","5",""
675,957.43085,945.36426,1286.795,";;2;35;37;24;11;8;18;14;4;9*28;13;30;21;15;10;32*16;22;3;7;29;31;12;1*5;20;23;33;25;19*6;36;27;34;26;17;38","5",""
676,959.3822,945.36426,1267.801,";;2;35;37;24;11;8;18;14;4;9*28;13;30;21;15;10;32*16;22;3;7;29;31;12;1*5;20;23;33;25;19*6;36;27;34;26;17;38","5",""
677,962.77405,945.36426,1524.265,";;2;35;37;24;11;8;18;14;4;9*28;13;30;21;15;10;32*16;22;3;7;29;31;12;1*5;20;23;33;25;19*6;36;27;34;26;17;38","5",""
678,976.0845,945.36426,1524.5631,";;2;35;37;24;11;8;18;14;4;9*28;13;30;21;15;10;32*16;22;3;7;29;31;12;1*5;20;23;33;25;19*6;36;27;34;26;17;38","5",""
679,980.8917,945.36426,1425.2108,";;2;35;37;24;11;8;18;14;4;9*28;13;30;21;15;10;32*16;22;3;7;29;31;12;1*5;20;23;33;25;19*6;36;27;34;26;17;38","5",""
680,974.3093,945.36426,1381.4937,";;2;35;37;24;11;8;18;14;4;9*28;13;30;21;15;10;32*16;22;3;7;29;31;12;1*5;20;23;33;25;19*6;36;27;34;26;17;38","5",""
681,967.5778,945.36426,1239.2826,";;2;35;37;24;11;8;18;14;4;9*28;13;30;21;15;10;32*16;22;3;7;29;31;12;1*5;20;23;33;25;19*6;36;27;34;26;17;38","5",""
682,973.2662,945.36426,1518.5939,";;2;35;37;24;11;8;18;14;4;9*28;13;30;21;15;10;32*16;22;3;7;29;31;12;1*5;20;23;33;25;19*6;36;27;34;26;17;38","5",""
683,980.5218,945.36426,1403.8671,";;2;35;37;24;11;8;18;14;4;9*28;13;30;21;15;10;32*16;22;3;7;29;31;12;1*5;20;23;33;25;19*6;36;27;34;26;17;38","5",""
684,971.37646,945.36426,1288.2667,";;2;35;37;24;11;8;18;14;4;9*28;13;30;21;15;10;32*16;22;3;7;29;31;12;1*5;20;23;33;25;19*6;36;27;34;26;17;38","5",""
685,963.3494,945.36426,1285.0648,";;2;35;37;24;11;8;18;14;4;9*28;13;30;21;15;10;32*16;22;3;7;29;31;12;1*5;20;23;33;25;19*6;36;27;34;26;17;38","5",""
686,961.28174,945.36426,1213.7972,";;2;35;37;24;11;8;18;14;4;9*28;13;30;21;15;10;32*16;22;3;7;29;31;12;1*5;20;23;33;25;19*6;36;27;34;26;17;38","5",""
687,983.2997,945.36426,1359.9888,";;2;35;37;24;11;8;18;14;4;9*28;13;30;21;15;10;32*16;22;3;7;29;31;12;1*5;20;23;33;25;19*6;36;27;34;26;17;38","5",""
688,983.79126,945.36426,1518.5939,";;2;35;37;24;11;8;18;14;4;9*28;13;30;21;15;10;32*16;22;3;7;29;31;12;1*5;20;23;33;25;19*6;36;27;34;26;17;38","5",""
689,963.03766,945.36426,1286.3741,";;2;35;37;24;11;8;18;14;4;9*28;13;30;21;15;10;32*16;22;3;7;29;31;12;1*5;20;23;33;25;19*6;36;27;34;26;17;38","5",""
690,959.5623,945.36426,1201.9923,";;2;35;37;24;11;8;18;14;4;9*28;13;30;21;15;10;32*16;22;3;7;29;31;12;1*5;20;23;33;25;19*6;36;27;34;26;17;38","5",""
691,962.7541,945.36426,1308.9133,";;2;35;37;24;11;8;18;14;4;9*28;13;30;21;15;10;32*16;22;3;7;29;31;12;1*5;20;23;33;25;19*6;36;27;34;26;17;38","5",""
692,967.1392,945.36426,1419.0338,";;2;35;37;24;11;8;18;14;4;9*28;13;30;21;15;10;32*16;22;3;7;29;31;12;1*5;20;23;33;25;19*6;36;27;34;26;17;38","5",""
693,969.56244,945.36426,1298.0004,";;2;35;37;24;11;8;18;14;4;9*28;13;30;21;15;10;32*16;22;3;7;29;31;12;1*5;20;23;33;25;19*6;36;27;34;26;17;38","5",""
694,974.2938,945.36426,1370.5592,";;2;35;37;24;11;8;18;14;4;9*28;13;30;21;15;10;32*16;22;3;7;29;31;12;1*5;20;23;33;25;19*6;36;27;34;26;17;38","5",""
695,974.1839,945.36426,1286.4641,";;2;35;37;24;11;8;18;14;4;9*28;13;30;21;15;10;32*16;22;3;7;29;31;12;1*5;20;23;33;25;19*6;36;27;34;26;17;38","5",""
696,995.2177,945.36426,1518.8921,";;2;35;37;24;11;8;18;14;4;9*28;13;30;21;15;10;32*16;22;3;7;29;31;12;1*5;20;23;33;25;19*6;36;27;34;26;17;38","5",""
697,966.96924,945.36426,1288.2667,";;2;35;37;24;11;8;18;14;4;9*28;13;30;21;15;10;32*16;22;3;7;29;31;12;1*5;20;23;33;25;19*6;36;27;34;26;17;38","5",""
698,965.97595,945.36426,1441.1489,";;2;35;37;24;11;8;18;14;4;9*28;13;30;21;15;10;32*16;22;3;7;29;31;12;1*5;20;23;33;25;19*6;36;27;34;26;17;38","5",""
699,958.0708,945.36426,1274.7975,";;2;35;37;24;11;8;18;14;4;9*28;13;30;21;15;10;32*16;22;3;7;29;31;12;1*5;20;23;33;25;19*6;36;27;34;26;17;38","5",""
700,969.8601,945.36426,1403.569,";;2;35;37;24;11;8;18;14;4;9*28;13;30;21;15;10;32*16;22;3;7;29;31;12;1*5;20;23;33;25;19*6;36;27;34;26;17;38","5",""
701,977.06024,945.36426,1308.6152,";;2;35;37;24;11;8;18;14;4;9*28;13;30;21;15;10;32*16;22;3;7;29;31;12;1*5;20;23;33;25;19*6;36;27;34;26;17;38","5",""
702,971.13776,945.36426,1333.4033,";;2;35;37;24;11;8;18;14;4;9*28;13;30;21;15;10;32*16;22;3;7;29;31;12;1*5;20;23;33;25;19*6;36;27;34;26;17;38","5",""
703,968.62805,945.36426,1425.2108,";;2;35;37;24;11;8;18;14;4;9*28;13;30;21;15;10;32*16;22;3;7;29;31;12;1*5;20;23;33;25;19*6;36;27;34;26;17;38","5",""
704,967.8606,945.36426,1264.5425,";;2;35;37;24;11;8;18;14;4;9*28;13;30;21;15;10;32*16;22;3;7;29;31;12;1*5;20;23;33;25;19*6;36;27;34;26;17;38","5",""
705,956.8175,945.36426,1286.076,";;2;35;37;24;11;8;18;14;4;9*28;13;30;21;15;10;32*16;22;3;7;29;31;12;1*5;20;23;33;25;19*6;36;27;34;26;17;38","5",""
706,969.5605,945.36426,1273.3414,";;2;35;37;24;11;8;18;14;4;9*28;13;30;21;15;10;32*16;22;3;7;29;31;12;1*5;20;23;33;25;19*6;36;27;34;26;17;38","5",""
707,976.3178,945.36426,1316.4147,";;2;35;37;24;11;8;18;14;4;9*28;13;30;21;15;10;32*16;22;3;7;29;31;12;1*5;20;23;33;25;19*6;36;27;34;26;17;38","5",""
708,983.8703,945.36426,1391.381,";;2;35;37;24;11;8;18;14;4;9*28;13;30;21;15;10;32*16;22;3;7;29;31;12;1*5;20;23;33;25;19*6;36;27;34;26;17;38","5",""
709,970.5204,945.36426,1388.4341,";;2;35;37;24;11;8;18;14;4;9*28;13;30;21;15;10;32*16;22;3;7;29;31;12;1*5;20;23;33;25;19*6;36;27;34;26;17;38","5",""
710,964.91064,945.36426,1217.1637,";;2;35;37;24;11;8;18;14;4;9*28;13;30;21;15;10;32*16;22;3;7;29;31;12;1*5;20;23;33;25;19*6;36;27;34;26;17;38","5",""
711,975.69446,945.36426,1281.6934,";;2;35;37;24;11;8;18;14;4;9*28;13;30;21;15;10;32*16;22;3;7;29;31;12;1*5;20;23;33;25;19*6;36;27;34;26;17;38","5",""
712,973.1208,945.36426,1357.9598,";;2;35;37;24;11;8;18;14;4;9*28;13;30;21;15;10;32*16;22;3;7;29;31;12;1*5;20;23;33;25;19*6;36;27;34;26;17;38","5",""
713,983.3957,945.36426,1479.6309,";;2;35;37;24;11;8;18;14;4;9*28;13;30;21;15;10;32*16;22;3;7;29;31;12;1*5;20;23;33;25;19*6;36;27;34;26;17;38","5",""
714,966.8214,945.36426,1350.4136,";;2;35;37;24;11;8;18;14;4;9*28;13;30;21;15;10;32*16;22;3;7;29;31;12;1*5;20;23;33;25;19*6;36;27;34;26;17;38","5",""
715,978.6238,945.36426,1357.9598,";;2;35;37;24;11;8;18;14;4;9*28;13;30;21;15;10;32*16;22;3;7;29;31;12;1*5;20;23;33;25;19*6;36;27;34;26;17;38","5",""
716,976.0137,945.36426,1432.9923,";;2;35;37;24;11;8;18;14;4;9*28;13;30;21;15;10;32*16;22;3;7;29;31;12;1*5;20;23;33;25;19*6;36;27;34;26;17;38","5",""
717,960.7648,945.36426,1370.5592,";;2;35;37;24;11;8;18;14;4;9*28;13;30;21;15;10;32*16;22;3;7;29;31;12;1*5;20;23;33;25;19*6;36;27;34;26;17;38","5",""
718,957.3018,945.36426,1201.8843,";;2;35;37;24;11;8;18;14;4;9*28;13;30;21;15;10;32*16;22;3;7;29;31;12;1*5;20;23;33;25;19*6;36;27;34;26;17;38","5",""
719,968.23865,945.36426,1390.4355,";;2;35;37;24;11;8;18;14;4;9*28;13;30;21;15;10;32*16;22;3;7;29;31;12;1*5;20;23;33;25;19*6;36;27;34;26;17;38","5",""
720,969.8887,945.36426,1342.1187,";;2;35;37;24;11;8;18;14;4;9*28;13;30;21;15;10;32*16;22;3;7;29;31;12;1*5;20;23;33;25;19*6;36;27;34;26;17;38","5",""
721,977.47833,945.36426,1385.4384,";;2;35;37;24;11;8;18;14;4;9*28;13;30;21;15;10;32*16;22;3;7;29;31;12;1*5;20;23;33;25;19*6;36;27;34;26;17;38","5",""
722,980.6772,945.36426,1518.5939,";;2;35;37;24;11;8;18;14;4;9*28;13;30;21;15;10;32*16;22;3;7;29;31;12;1*5;20;23;33;25;19*6;36;27;34;26;17;38","5",""
723,973.5156,945.36426,1419.0338,";;2;35;37;24;11;8;18;14;4;9*28;13;30;21;15;10;32*16;22;3;7;29;31;12;1*5;20;23;33;25;19*6;36;27;34;26;17;38","5",""
724,977.68976,945.36426,1355.7675,";;2;35;37;24;11;8;18;14;4;9*28;13;30;21;15;10;32*16;22;3;7;29;31;12;1*5;20;23;33;25;19*6;36;27;34;26;17;38","5",""
725,968.72034,945.36426,1479.6309,";;2;35;37;24;11;8;18;14;4;9*28;13;30;21;15;10;32*16;22;3;7;29;31;12;1*5;20;23;33;25;19*6;36;27;34;26;17;38","5",""
726,960.5691,945.36426,1333.4033,";;2;35;37;24;11;8;18;14;4;9*28;13;30;21;15;10;32*16;22;3;7;29;31;12;1*5;20;23;33;25;19*6;36;27;34;26;17;38","5",""
727,964.1772,945.36426,1286.4641,";;2;35;37;24;11;8;18;14;4;9*28;13;30;21;15;10;32*16;22;3;7;29;31;12;1*5;20;23;33;25;19*6;36;27;34;26;17;38","5",""
728,969.5806,945.36426,1291.9879,";;2;35;37;24;11;8;18;14;4;9*28;13;30;21;15;10;32*16;22;3;7;29;31;12;1*5;20;23;33;25;19*6;36;27;34;26;17;38","5",""
729,964.86584,945.36426,1524.265,";;2;35;37;24;11;8;18;14;4;9*28;13;30;21;15;10;32*16;22;3;7;29;31;12;1*5;20;23;33;25;19*6;36;27;34;26;17;38","5",""
730,962.7679,945.36426,1273.3414,";;2;35;37;24;11;8;18;14;4;9*28;13;30;21;15;10;32*16;22;3;7;29;31;12;1*5;20;23;33;25;19*6;36;27;34;26;17;38","5",""
731,960.71466,945.36426,1237.2473,";;2;35;37;24;11;8;18;14;4;9*28;13;30;21;15;10;32*16;22;3;7;29;31;12;1*5;20;23;33;25;19*6;36;27;34;26;17;38","5",""
732,962.00635,945.36426,1313.2019,";;2;35;37;24;11;8;18;14;4;9*28;13;30;21;15;10;32*16;22;3;7;29;31;12;1*5;20;23;33;25;19*6;36;27;34;26;17;38","5",""
733,962.1321,945.36426,1286.076,";;2;35;37;24;11;8;18;14;4;9*28;13;30;21;15;10;32*16;22;3;7;29;31;12;1*5;20;23;33;25;19*6;36;27;34;26;17;38","5",""
734,971.26624,945.36426,1195.0117,";;2;35;37;24;11;8;18;14;4;9*28;13;30;21;15;10;32*16;22;3;7;29;31;12;1*5;20;23;33;25;19*6;36;27;34;26;17;38","5",""
735,965.82227,945.36426,1305.6436,";;2;35;37;24;11;8;18;14;4;9*28;13;30;21;15;10;32*16;22;3;7;29;31;12;1*5;20;23;33;25;19*6;36;27;34;26;17;38","5",""
736,955.3734,945.36426,1220.1584,";;2;35;37;24;11;8;18;14;4;9*28;13;30;21;15;10;32*16;22;3;7;29;31;12;1*5;20;23;33;25;19*6;36;27;34;26;17;38","5",""
737,973.87964,945.36426,1391.381,";;2;35;37;24;11;8;18;14;4;9*28;13;30;21;15;10;32*16;22;3;7;29;31;12;1*5;20;23;33;25;19*6;36;27;34;26;17;38","5",""
738,985.29974,945.36426,1491.2937,";;2;35;37;24;11;8;18;14;4;9*28;13;30;21;15;10;32*16;22;3;7;29;31;12;1*5;20;23;33;25;19*6;36;27;34;26;17;38","5",""
739,982.4727,945.36426,1307.41,";;2;35;37;24;11;8;18;14;4;9*28;13;30;21;15;10;32*16;22;3;7;29;31;12;1*5;20;23;33;25;19*6;36;27;34;26;17;38","5",""
740,983.46045,945.36426,1403.569,";;2;35;37;24;11;8;18;14;4;9*28;13;30;21;15;10;32*16;22;3;7;29;31;12;1*5;20;23;33;25;19*6;36;27;34;26;17;38","5",""
741,967.15533,945.36426,1491.2937,";;2;35;37;24;11;8;18;14;4;9*28;13;30;21;15;10;32*16;22;3;7;29;31;12;1*5;20;23;33;25;19*6;36;27;34;26;17;38","5",""
742,971.6369,945.36426,1326.5068,";;2;35;37;24;11;8;18;14;4;9*28;13;30;21;15;10;32*16;22;3;7;29;31;12;1*5;20;23;33;25;19*6;36;27;34;26;17;38","5",""
743,961.7935,945.36426,1350.4136,";;2;35;37;24;11;8;18;14;4;9*28;13;30;21;15;10;32*16;22;3;7;29;31;12;1*5;20;23;33;25;19*6;36;27;34;26;17;38","5",""
744,984.5693,945.36426,1283.6252,";;2;35;37;24;11;8;18;14;4;9*28;13;30;21;15;10;32*16;22;3;7;29;31;12;1*5;20;23;33;25;19*6;36;27;34;26;17;38","5",""
745,974.00726,945.36426,1342.1187,";;2;35;37;24;11;8;18;14;4;9*28;13;30;21;15;10;32*16;22;3;7;29;31;12;1*5;20;23;33;25;19*6;36;27;34;26;17;38","5",""
746,986.4986,945.36426,1390.4355,";;2;35;37;24;11;8;18;14;4;9*28;13;30;21;15;10;32*16;22;3;7;29;31;12;1*5;20;23;33;25;19*6;36;27;34;26;17;38","5",""
747,961.3654,945.36426,1286.795,";;2;35;37;24;11;8;18;14;4;9*28;13;30;21;15;10;32*16;22;3;7;29;31;12;1*5;20;23;33;25;19*6;36;27;34;26;17;38","5",""
748,983.6744,945.36426,1518.5939,";;2;35;37;24;11;8;18;14;4;9*28;13;30;21;15;10;32*16;22;3;7;29;31;12;1*5;20;23;33;25;19*6;36;27;34;26;17;38","5",""
749,965.4754,945.36426,1251.4291,";;2;35;37;24;11;8;18;14;4;9*28;13;30;21;15;10;32*16;22;3;7;29;31;12;1*5;20;23;33;25;19*6;36;27;34;26;17;38","5",""
750,962.6909,945.36426,1243.7147,";;2;35;37;24;11;8;18;14;4;9*28;13;30;21;15;10;32*16;22;3;7;29;31;12;1*5;20;23;33;25;19*6;36;27;34;26;17;38","5",""
751,967.818,945.36426,1350.4136,";;2;35;37;24;11;8;18;14;4;9*28;13;30;21;15;10;32*16;22;3;7;29;31;12;1*5;20;23;33;25;19*6;36;27;34;26;17;38","5",""
752,968.26556,945.36426,1273.2815,";;2;35;37;24;11;8;18;14;4;9*28;13;30;21;15;10;32*16;22;3;7;29;31;12;1*5;20;23;33;25;19*6;36;27;34;26;17;38","5",""
753,977.5989,945.36426,1386.7859,";;2;35;37;24;11;8;18;14;4;9*28;13;30;21;15;10;32*16;22;3;7;29;31;12;1*5;20;23;33;25;19*6;36;27;34;26;17;38","5",""
754,963.6972,945.36426,1198.2191,";;2;35;37;24;11;8;18;14;4;9*28;13;30;21;15;10;32*16;22;3;7;29;31;12;1*5;20;23;33;25;19*6;36;27;34;26;17;38","5",""
755,984.68976,945.36426,1440.8508,";;2;35;37;24;11;8;18;14;4;9*28;13;30;21;15;10;32*16;22;3;7;29;31;12;1*5;20;23;33;25;19*6;36;27;34;26;17;38","5",""
756,972.6197,945.36426,1323.5714,";;2;35;37;24;11;8;18;14;4;9*28;13;30;21;15;10;32*16;22;3;7;29;31;12;1*5;20;23;33;25;19*6;36;27;34;26;17;38","5",""
757,976.7458,945.36426,1491.2937,";;2;35;37;24;11;8;18;14;4;9*28;13;30;21;15;10;32*16;22;3;7;29;31;12;1*5;20;23;33;25;19*6;36;27;34;26;17;38","5",""
758,973.58704,945.36426,1267.5029,";;2;35;37;24;11;8;18;14;4;9*28;13;30;21;15;10;32*16;22;3;7;29;31;12;1*5;20;23;33;25;19*6;36;27;34;26;17;38","5",""
759,966.9289,945.36426,1357.9598,";;2;35;37;24;11;8;18;14;4;9*28;13;30;21;15;10;32*16;22;3;7;29;31;12;1*5;20;23;33;25;19*6;36;27;34;26;17;38","5",""
760,955.7686,945.36426,1292.2676,";;2;35;37;24;11;8;18;14;4;9*28;13;30;21;15;10;32*16;22;3;7;29;31;12;1*5;20;23;33;25;19*6;36;27;34;26;17;38","5",""
761,978.0689,945.36426,1518.5939,";;2;35;37;24;11;8;18;14;4;9*28;13;30;21;15;10;32*16;22;3;7;29;31;12;1*5;20;23;33;25;19*6;36;27;34;26;17;38","5",""
762,968.19946,945.36426,1432.9923,";;2;35;37;24;11;8;18;14;4;9*28;13;30;21;15;10;32*16;22;3;7;29;31;12;1*5;20;23;33;25;19*6;36;27;34;26;17;38","5",""
763,967.8256,945.36426,1419.0338,";;2;35;37;24;11;8;18;14;4;9*28;13;30;21;15;10;32*16;22;3;7;29;31;12;1*5;20;23;33;25;19*6;36;27;34;26;17;38","5",""
764,976.8485,945.36426,1366.2103,";;2;35;37;18;11;8;24;14;4;20*28;13;30;21;15;10;32*16;22;3;7;29;31;12;1*5;9;23;33;25;19*6;36;27;34;26;17;38","5",""
765,967.4872,945.36426,1353.9525,";;2;35;37;24;11;8;18;14;4;9*28;13;30;21;15;10;32*16;22;3;7;29;31;12;1*5;20;23;33;25;19*6;36;17;34;26;27;38","5",""
766,980.1743,945.36426,1524.265,";;9;35;37;24;11;8;18;14;4;2*28;13;30;21;15;10;32*16;22;3;7;29;31;12;1*5;20;23;33;25;19*6;36;27;34;26;17;38","5",""
767,979.39404,945.36426,1518.5939,";;2;35;37;24;11;8;18;14;4;9*28;13;30;21;15;10;32*16;22;3;7;29;31;12;1*5;20;23;33;25;19*6;36;27;34;26;17;38","5",""
768,983.61694,945.36426,1342.1187,";;2;35;37;24;11;8;18;14;4;9*28;13;30;21;15;10;32*16;22;3;7;29;31;12;1*5;20;23;33;25;19*6;36;27;34;26;17;38","5",""
769,963.1069,945.36426,1317.2039,";;2;35;37;24;11;8;18;14;4;9*28;13;30;21;15;10;32*16;22;3;7;29;31;12;1*5;20;23;33;25;19*6;36;27;34;26;17;38","5",""
770,963.2137,945.36426,1292.2676,";;2;35;37;24;11;8;18;14;4;9*28;13;30;21;15;10;32*16;22;3;7;29;31;12;1*5;20;23;33;25;19*6;36;27;34;26;17;38","5",""
771,963.27924,945.36426,1298.0004,";;2;35;37;24;11;8;18;14;4;9*28;13;30;21;15;10;32*16;22;3;7;29;31;12;1*5;20;23;33;25;19*6;36;27;34;26;17;38","5",""
772,976.1138,945.36426,1370.3214,";;2;35;37;24;11;8;18;14;4;9*28;13;30;21;15;10;32*16;22;3;7;29;31;12;1*5;20;23;33;25;19*6;36;27;34;26;17;38","5",""
773,966.6454,945.36426,1524.265,";;2;35;37;24;11;8;18;14;4;9*28;13;30;21;15;10;32*16;22;3;7;29;31;12;1*5;20;23;33;25;19*6;36;27;34;26;17;38","5",""
774,970.6978,945.36426,1419.0338,";;2;35;37;24;11;8;18;14;4;9*28;13;30;21;15;10;32*16;22;3;7;29;31;12;1*5;20;23;33;25;19*6;36;27;34;26;17;38","5",""
775,971.4378,945.36426,1355.6561,";;2;35;37;24;11;8;18;14;4;9*28;13;30;21;15;10;32*16;22;3;7;29;31;12;1*5;20;23;33;25;19*6;36;27;34;26;17;38","5",""
776,959.5211,945.36426,1317.2039,";;2;35;37;24;11;8;18;14;4;9*28;13;30;21;15;10;32*16;22;3;7;29;31;12;1*5;20;23;33;25;19*6;36;27;34;26;17;38","5",""
777,962.84296,945.36426,1214.7603,";;2;35;37;24;11;8;18;14;4;9*28;13;30;21;15;10;32*16;22;3;7;29;31;12;1*5;20;23;33;25;19*6;36;27;34;26;17;38","5",""
778,970.29346,945.36426,1327.3477,";;2;35;37;24;11;8;18;14;4;9*28;13;30;21;15;10;32*16;22;3;7;29;31;12;1*5;20;23;33;25;19*6;36;27;34;26;17;38","5",""
779,968.87573,945.36426,1270.0366,";;2;35;37;24;11;8;18;14;4;9*28;13;30;21;15;10;32*16;22;3;7;29;31;12;1*5;20;23;33;25;19*6;36;27;34;26;17;38","5",""
780,964.0128,945.36426,1233.3434,";;2;35;37;24;11;8;18;14;4;9*28;13;30;21;15;10;32*16;22;3;7;29;31;12;1*5;20;23;33;25;19*6;36;27;34;26;17;38","5",""
781,971.9101,945.36426,1355.6561,";;2;35;37;24;11;8;18;14;4;9*28;13;30;21;15;10;32*16;22;3;7;29;31;12;1*5;20;23;33;25;19*6;36;27;34;26;17;38","5",""
782,963.21,945.36426,1370.5592,";;2;35;37;24;11;8;18;14;4;9*28;13;30;21;15;10;32*16;22;3;7;29;31;12;1*5;20;23;33;25;19*6;36;27;34;26;17;38","5",""
783,966.23914,945.36426,1337.0577,";;2;35;37;24;11;8;18;14;4;9*28;13;30;21;15;10;32*16;22;3;7;29;31;12;1*5;20;23;33;25;19*6;36;27;34;26;17;38","5",""
784,970.62714,945.36426,1444.0874,";;2;35;37;24;11;8;18;14;4;9*28;13;30;21;15;10;32*16;22;3;7;29;31;12;1*5;20;23;33;25;19*6;36;27;34;26;17;38","5",""
785,956.5326,945.36426,1143.0458,";;2;35;37;24;11;8;18;14;4;9*28;13;30;21;15;10;32*16;22;3;7;29;31;12;1*5;20;23;33;25;19*6;36;27;34;26;17;38","5",""
786,962.0955,945.36426,1374.8118,";;2;35;37;24;11;8;18;14;4;9*28;13;30;21;15;10;32*16;22;3;7;29;31;12;1*5;20;23;33;25;19*6;36;27;34;26;17;38","5",""
787,963.23364,945.36426,1286.076,";;2;35;37;24;11;8;18;14;4;9*28;13;30;21;15;10;32*16;22;3;7;29;31;12;1*5;20;23;33;25;19*6;36;27;34;26;17;38","5",""
788,979.2625,945.36426,1353.9525,";;2;35;37;24;11;8;18;14;4;9*28;13;30;21;15;10;32*16;22;3;7;29;31;12;1*5;20;23;33;25;19*6;36;27;34;26;17;38","5",""
789,963.41797,945.36426,1295.0596,";;2;35;37;24;11;8;18;14;4;9*28;26;30;21;15;10;32;16*22;3;7;29;31;12;1*5;20;23;33;25;19*6;36;27;34;13;17;38","5",""
790,974.7332,945.36426,1300.2848,";;2;35;37;24;11;8;18;14;4;9*28;13;30;21;15;10;32*16;22;3;7;29;31;12;1*5;20;23;33;25;19*6;36;27;34;26;17;38","5",""
791,970.6857,945.36426,1301.7277,";;2;35;37;24;11;8;18;14;4;9*28;13;30;21;15;10;32*16;22;3;7;29;31;12;1*5;20;23;33;25;19*6;36;27;34;26;17;38","5",""
792,974.8219,945.36426,1357.9598,";;2;35;37;24;11;8;18;14;4;9*28;13;30;21;15;10;32*16;22;3;7;29;31;12;1*5;20;23;33;25;19*6;36;27;34;26;17;38","5",""
793,966.02985,945.36426,1310.1367,";;2;35;37;24;11;8;18;14;4;9*28;13;30;21;15;10;32*16;22;3;7;29;31;12;1*5;20;23;33;25;19*6;36;27;34;26;17;38","5",""
794,971.44366,945.36426,1425.2108,";;2;35;37;24;11;8;18;14;4;9*28;13;30;21;15;10;32*16;22;3;7;29;31;12;1*5;20;23;33;25;19*6;36;27;34;26;17;38","5",""
795,977.48126,945.36426,1313.2019,";;2;35;37;24;11;8;18;14;4;9*28;13;30;21;15;10;32*16;22;3;7;29;31;12;1*5;20;23;33;25;19*6;36;27;34;26;17;38","5",""
796,976.7531,945.36426,1479.6309,";;2;35;37;24;11;8;18;14;4;9*28;13;30;21;15;10;32*16;22;3;7;29;31;12;1*5;20;23;33;25;19*6;36;27;34;26;17;38","5",""
797,980.67334,945.36426,1381.8179,";;2;35;37;24;11;8;18;14;4;9*28;13;30;21;15;10;32*16;22;3;7;29;31;12;1*5;20;23;33;25;19*6;36;27;34;26;17;38","5",""
798,972.4455,945.36426,1248.684,";;2;35;37;24;11;8;18;14;4;9*28;13;30;21;15;10;32*16;22;3;7;29;31;12;1*5;20;23;33;25;19*6;36;27;34;26;17;38","5",""
799,970.2617,945.36426,1416.187,";;2;35;37;24;11;8;18;14;4;9*28;13;30;21;15;10;32*16;22;3;7;29;31;12;1*5;20;23;33;25;19*6;36;27;34;26;17;38","5",""
800,965.3577,945.36426,1279.8215,";;2;35;37;24;11;8;18;14;4;9*28;13;30;21;15;10;32*16;22;3;7;29;31;12;1*5;20;23;33;25;19*6;36;27;34;26;17;38","5",""
801,951.22974,945.36426,1194.1176,";;2;35;37;24;11;8;18;14;4;9*28;13;30;21;15;10;32*16;22;3;7;29;31;12;1*5;20;23;33;25;19*6;36;27;34;26;17;38","5",""
802,958.40326,945.36426,1355.7675,";;2;35;37;24;11;8;18;14;4;9*28;13;30;21;15;10;32*16;22;3;7;29;31;12;1*5;20;23;33;25;19*6;36;27;34;26;17;38","5",""
803,972.14154,945.36426,1386.7859,";;2;35;37;24;11;8;18;14;4;9*28;13;30;21;15;10;32*16;22;3;7;29;31;12;1*5;20;23;33;25;19*6;36;27;34;26;17;38","5",""
804,973.5239,945.36426,1370.3214,";;2;35;37;24;11;8;18;14;4;9*28;13;30;21;15;10;32*16;22;3;7;29;31;12;1*5;20;23;33;25;19*6;36;27;34;26;17;38","5",""
805,962.45776,945.36426,1440.8508,";;2;35;37;7;11;8;18;14;4;9*28;13;30;21;15;10;32*16;22;3;24;29;31;12;1*5;20;23;33;25;19*6;36;27;34;26;17;38","5",""
806,960.05786,945.36426,1295.0596,";;2;35;37;24;11;8;18;14;4;9*28;13;30;21;15;10;32*16;22;3;7;29;31;12;1*5;20;23;33;25;19*6;36;27;34;26;17;38","5",""
807,968.7414,945.36426,1273.3414,";;2;35;37;24;11;8;18;14;4;9*28;13;30;21;15;10;32*16;22;3;7;29;31;12;1*5;20;23;33;25;19*6;36;27;34;26;17;38","5",""
808,965.5657,945.36426,1416.4768,";;2;35;37;24;11;8;18;14;4;9*28;13;30;21;15;10;32*16;22;3;7;29;31;12;1*5;20;23;33;25;19*6;36;27;34;26;17;38","5",""
809,963.0493,945.36426,1310.6064,";;2;35;37;24;11;8;18;14;4;9*28;13;30;21;15;10;32*16;22;3;7;29;31;12;1*5;20;23;33;25;19*6;36;27;34;26;17;38","5",""
810,960.8349,945.36426,1353.9525,";;2;35;37;24;11;8;18;14;4;9*28;13;30;21;15;10;32*16;22;3;7;29;31;12;1*5;20;23;33;25;19*6;36;27;34;26;17;38","5",""
811,972.5773,945.36426,1422.3494,";;2;35;37;24;11;8;18;14;4;9*28;13;36;21;15*10;32;16;22;3;7*29;31;12;1;5;20;23;33*25;19;6;30;27;34;26*17;38","6",""
812,966.1596,945.36426,1329.4408,";;2;35;37;24;11;8;18;14;4;9*28;13;30;21;15;10;32*16;22;3;7;29;31;12;1*5;20;23;33;25;19*6;36;27;34;26;17;38","5",""
813,967.2763,945.36426,1324.5282,";;2;35;37;24;11;8;18;14;4;9*28;13;30;21;15;10;32*16;22;3;7;29;31;12;1*5;20;23;33;25;19*6;36;27;34;26;17;38","5",""
814,967.29913,945.36426,1360.5142,";;2;35;37;24;11;8;18;14;4;9*28;13;30;21;15;10;32*16;22;3;7;29;31;12;1*5;20;23;33;25;19*6;36;27;34;26;17;38","5",""
815,968.4718,945.36426,1400.8604,";;2;35;37;24;11;8;18;14;4;9*28;13;30;21;15;10;32*16;22;3;7;29;31;12;1*5;20;23;33;25;19*6;36;27;34;26;17;38","5",""
816,973.4573,945.36426,1307.9758,";;2;35;37;24;11;8;18;14;4;9*28;13;30;21;15;10;32*16;22;3;7;29;31;12;1*5;20;23;33;25;19*6;36;27;34;26;17;38","5",""
817,985.3438,945.36426,1390.4355,";;2;35;37;24;11;8;18;14;4;9*28;13;30;21;15;10;32*16;22;3;7;29;31;12;1*5;20;23;33;25;19*6;36;27;34;26;17;38","5",""
818,975.3752,945.36426,1391.381,";;2;35;37;24;11;8;18;14;4;9*28;13;30;21;15;10;32*16;22;3;7;29;31;12;1*5;20;23;33;25;19*6;36;27;34;26;17;38","5",""
819,978.30774,945.36426,1386.7859,";;2;35;37;24;11;8;18;14;4;9*28;13;30;21;15;10;32*16;22;3;7;29;31;12;1*5;20;23;33;25;19*6;36;27;34;26;17;38","5",""
820,972.62604,945.36426,1419.0338,";;2;35;37;24;11;8;18;14;4;9*28;13;30;21;15;10;32*16;22;3;7;29;31;12;1*5;20;23;33;25;19*6;36;27;34;26;17;38","5",""
821,958.73224,945.36426,1355.7675,";;2;35;37;24;11;8;18;14;4;9*28;13;30;21;15;10;32*16;22;3;7;29;31;12;1*5;20;23;33;25;19*6;36;27;34;26;17;38","5",""
822,974.23834,945.36426,1330.431,";;2;35;37;24;11;8;18;14;4;9*28;13;30;21;15;10;32*16;22;3;7;29;31;12;1*5;20;23;33;25;19*6;36;27;34;26;17;38","5",""
823,966.9829,945.36426,1388.4341,";;2;35;37;24;11;8;18;14;4;9*28;13;30;21;15;10;32*16;22;3;7;29;31;12;1*5;20;23;33;25;19*6;36;27;34;26;17;38","5",""
824,965.3869,945.36426,1403.569,";;2;35;37;24;11;8;18;14;4;9*28;13;30;21;15;10;32*16;22;3;7;29;31;12;1*5;20;23;33;25;19*6;36;27;34;26;17;38","5",""
825,968.44196,945.36426,1200.0262,";;2;35;37;24;11;8;18;14;4;9*28;13;30;21;15;10;32*16;22;3;7;29;31;12;1*5;20;23;33;25;19*6;36;27;34;26;17;38","5",""
826,972.56976,945.36426,1300.4296,";;2;35;37;24;11;8;18;14;4;9*28;13;30;21;15;10;32*16;22;3;7;29;31;12;1*5;20;23;33;25;19*6;36;27;34;26;17;38","5",""
827,956.27826,945.36426,1274.7975,";;2;35;37;24;11;8;18;14;4;9*28;13;30;21;15;10;32*16;22;3;7;29;31;12;1*5;20;23;33;25;19*6;36;27;34;26;17;38","5",""
828,975.86804,945.36426,1349.6243,";;2;35;37;24;11;8;18;14;4;9*28;13;30;21;15;10;32*16;22;3;7;29;31;12;1*5;20;23;33;25;19*6;36;27;34;26;17;38","5",""
829,983.6635,945.36426,1362.887,";;2;35;37;24;11;8;18;14;4;9*28;13;30;21;15;10;32*16;22;3;7;29;31;12;1*5;20;23;33;25;19*6;36;27;34;26;17;38","5",""
830,960.91565,945.36426,1331.2523,";;2;35;37;24;11;8;18;32;4;9*28;13;30;21;15;10;14*16;22;3;7;29;31;12;1*5;20;23;33;25;19*6;36;27;34;26;17;38","5",""
831,968.93756,945.36426,1479.6309,";;2;35;37;24;11;8;18;14;4;9*28;13;30;21;15;10;32*16;22;3;7;29;31;12;1*5;20;23;33;25;19*6;36;27;34;26;17;38","5",""
832,966.0979,945.36426,1350.4136,";;2;35;37;24;11;8;18;14;4;9*28;13;30;21;15;10;32*16;22;3;7;29;31;12;1*5;20;23;33;6;19*25;36;27;34;26;17;38","5",""
833,978.82135,945.36426,1417.736,";;2;35;37;24;11;8;18;14;4;9*28;13;30;21;15;10;32*16;22;3;7;29;31;12;1*5;20;23;33;25;19*6;36;27;34;26;17;38","5",""
834,956.90314,945.36426,1285.0648,";;2;35;37;24;11;8;18;14;4;9*28;13;30;21;15;10;32*16;22;3;7;29;31;12;1*5;20;23;33;25;19*6;36;27;34;26;17;38","5",""
835,962.10803,945.36426,1267.4998,";;2;35;37;24;11;8;18;14;4;9*28;13;30;21;15;10;32*16;22;3;7;29;31;12;1*5;20;23;33;25;19*6;36;27;34;26;17;38","5",""
836,976.11615,945.36426,1440.8508,";;2;35;37;24;11;8;18;14;4;9*28;13;30;21;15;10;32*16;22;3;7;29;31;12;1*5;20;23;33;25;19*6;36;27;34;26;17;38","5",""
837,977.84265,945.36426,1323.5714,";;2;35;37;24;11;8;18;14;4;9*28;13;30;21;15;10;32*16;22;3;7;29;31;12;1*5;20;23;33;25;19*6;36;27;34;26;17;38","5",""
838,973.02765,945.36426,1479.6309,";;2;35;37;24;11;8;18;14;4;9*28;13;30;21;15;10;32*16;22;3;7;29;31;12;1*5;20;23;33;25;19*6;36;27;34;26;17;38","5",""
839,965.2756,945.36426,1355.6561,";;2;35;37;24;11;8;18;14;4;9*28;13;30;21;15;10;32*16;22;3;7;29;31;12;1*5;20;23;33;25;19*6;36;27;34;26;17;38","5",""
840,971.44653,945.36426,1366.2103,";;2;35;37;24;11;8;18;14;4;9*28;13;30;21;15;10;32*16;22;3;7;29;31;12;1*5;20;23;33;25;19*6;36;27;34;26;17;38","5",""
841,961.9882,945.36426,1267.4833,";;2;35;37;24;11;8;18;14;4;9*28;13;30;21;15;10;32*16;22;3;7;29;31;12;1*5;20;23;33;25;19*6;36;27;34;26;17;38","5",""
842,957.4525,945.36426,1317.2039,";;2;35;37;24;11;8;18;14;4;9*28;13;30;21;15;10;32*16;22;3;7;29;31;12;1*5;20;23;33;25;19*6;36;27;34;26;17;38","5",""
843,958.9704,945.36426,1267.5029,";;2;35;37;24;11;8;18;14;4;9*28;13;30;21;15;10;32*16;22;3;7;29;31;12;1*5;20;23;33;25;19*6;36;27;34;26;17;38","5",""
844,959.4615,945.36426,1267.0103,";;2;35;37;24;11;8;18;14;4;9*28;13;30;21;15;10;32*16;22;3;7;29;31;12;1*5;20;23;33;25;19*6;36;27;34;26;17;38","5",""
845,956.37866,945.36426,1359.9888,";;2;35;37;24;11;8;18;14;4;9*28;13;30;21;15;10;32*16;22;3;7;29;31;12;1*5;20;23;33;25;19*6;36;27;34;26;17;38","5",""
846,979.01263,945.36426,1524.265,";;2;35;37;24;11;8;18;14;4;9*28;13;30;21;15;10;32*16;22;3;7;29;31;12;1*5;20;23;33;25;19*6;36;27;34;26;17;38","5",""
847,969.2223,945.36426,1432.9923,";;2;35;37;24;11;8;18;14;4;9*28;13;30;21;15;10;32*16;22;3;7;29;31;12;1*5;20;23;33;25;19*6;36;27;34;26;17;38","5",""
848,1005.8512,945.36426,1372.4895,";;2;35;37;24;11;8;18;14;4;9*28;13;30;21;15;10;32*16;22;3;7;29;31;12;1*5;20;23;33;25;19*6;36;27;34;26;17;38","5",""
849,963.2287,945.36426,1419.0338,";;2;35;37;24;11;8;18;14;4;9*28;13;30;21;15;10;32*16;22;3;7;29;31;12;1*5;20;23;33;25;19*6;36;27;34;26;17;38","5",""
850,978.9285,945.36426,1440.8508,";;2;35;37;24;11;8;18;14;4;9*28;13;30;21;15;10;32*16;22;3;7;29;31;12;1*5;20;23;33;25;19*6;36;27;34;26;17;38","5",""
851,965.3303,945.36426,1255.2554,";;2;35;37;24;11;8;18;14;4;9*28;13;30;21;15;10;32*16;22;3;7;29;31;12;1*5;20;23;33;25;19*6;36;27;34;26;17;38","5",""
852,993.2674,945.36426,1385.4384,";;2;35;37;24;11;8;18;14;4;9*28;13;30;21;15;10;32*16;22;3;7;29;31;12;1*5;20;23;33;25;19*6;36;27;34;26;17;38","5",""
853,962.56384,945.36426,1255.9788,";;2;35;37;24;11;8;18;14;4;9*28;13;30;21;15;10;32*16;22;3;7;29;31;12;1*5;20;23;33;25;19*6;36;27;34;26;17;38","5",""
854,948.0941,945.36426,1122.6824,";;2;35;37;24;11;8;18;14;4;9*28;13;30;21;15;10;32*16;22;3;7;29;31;12;1*5;20;23;33;25;19*6;36;27;34;26;17;38","5",""
855,964.07904,945.36426,1263.7096,";;2;35;37;24;11;8;18;14;4;9*28;13;30;21;15;10;32*16;22;3;7;29;31;12;1*5;20;23;33;25;19*6;36;27;34;26;17;38","5",""
856,970.97284,945.36426,1261.477,";;2;35;37;24;11;8;18;14;4;9*28;13;30;21;15;10;32*16;22;3;7;29;31;12;1*5;20;23;33;25;19*6;36;27;34;26;17;38","5",""
857,970.284,945.36426,1310.6064,";;2;35;37;24;11;8;18;14;4;9*28;13;30;21;15;10;32*16;22;3;7;29;31;12;1*5;20;23;33;25;19*6;36;27;34;26;17;38","5",""
858,971.8361,945.36426,1355.6561,";;2;35;37;24;11;8;18;14;4;9*28;13;30;21;15;10;32*16;22;3;7;29;31;12;1*5;20;23;33;25;19*6;36;27;34;26;17;38","5",""
859,978.2174,945.36426,1491.2937,";;2;35;37;24;11;8;18;14;4;9*28;13;30;21;15;10;32*16;22;3;7;29;31;12;1*5;20;23;33;25;19*6;36;27;34;26;17;38","5",""
860,968.66016,945.36426,1241.9758,";;2;35;37;24;11;8;18;14;4;9*28;13;30;21;15;10;32*16;22;3;7;29;31;12;1*5;20;23;33;25;19*6;36;27;34;26;17;38","5",""
861,969.68195,945.36426,1301.7277,";;2;35;37;24;11;8;18;14;4;9*28;13;30;21;15;10;32*16;22;3;7;29;31;12;1*5;20;23;33;25;19*6;36;27;34;26;17;38","5",""
862,987.16833,945.36426,1299.4908,";;2;35;37;24;11;8;18;14;4;9*28;13;30;21;15;10;32*16;22;3;7;29;31;12;1*5;20;23;33;25;19*6;36;27;34;26;17;38","5",""
863,975.0829,945.36426,1337.0577,";;2;35;37;24;11;8;18;14;4;9*28;13;30;21;15;10;32*16;22;3;7;29;31;12;1*5;20;23;34;25;19*6;36;27;33;26;17;38","5",""
864,973.6793,945.36426,1316.4147,";;2;35;37;24;11;8;18;14;4;9*28;13;30;21;15;10;32*16;22;3;7;29;31;12;1*5;20;23;33;25;19*6;36;27;34;26;17;38","5",""
865,962.0965,945.36426,1381.8179,";;2;35;37;24;11;8;18;14;4;9*28;13;30;21;15;10;32*16;22;3;7;29;31;12;1*5;20;23;33;25;19*6;36;27;34;26;17;38","5",""
866,967.23364,945.36426,1296.0964,";;2;35;37;24;11;8;18;14;4;9*28;13;30;21;15;10;32*16;22;3;7;29;31;12;1*5;20;23;33;25;19*6;36;27;34;26;17;38","5",""
867,970.6688,945.36426,1303.484,";;2;35;37;24;11;8;18;14;4;9*28;13;30;21;15;10;32*16;22;3;7;29;31;12;1*5;20;23;33;25;19*6;36;27;34;26;17;38","5",""
868,982.2058,945.36426,1512.4697,";;2;35;37;24;11;8;18;14;4;9*28;13;30;21;15;10;32*16;22;3;7;29;31;12;1*5;20;23;33;25;19*6;36;27;34;26;17;38","5",""
869,962.6541,945.36426,1255.2554,";;2;35;37;24;11;8;18;14;4;9*28;13;30;21;15;10;32*16;22;3;7;29;31;12;1*5;20;23;33;25;19*6;36;27;34;26;17;38","5",""
870,976.1082,945.36426,1340.1925,";;2;35;37;24;11;8;18;14;4;9*28;13;30;21;15;10;32*16;22;3;7;29;31;12;1*5;20;23;33;25;19*6;36;27;34;26;17;38","5",""
871,951.89514,945.36426,1238.9845,";;2;35;37;24;11;8;18;14;4;9*28;13;30;21;15;10;32*16;22;3;7;29;31;12;1*5;20;23;33;25;19*6;36;27;34;26;17;38","5",""
872,961.88165,945.36426,1419.0338,";;2;35;37;24;11;8;18;14;4;9*28;13;30;21;15;10;32*16;22;3;7;29;31;12;1*5;20;23;33;25;19*6;36;27;34;26;17;38","5",""
873,964.36633,945.36426,1279.0768,";;2;35;37;24;11;8;18;14;4;9*28;13;30;21;15;10;32*16;22;3;7;29;31;12;1*5;20;23;33;25;19*6;36;27;34;26;17;38","5",""
874,970.43243,945.36426,1362.887,";;2;35;37;24;11;8;18;14;4;9*28;13;30;21;15;10;32*16;22;3;7;29;31;12;1*5;20;23;33;25;19*6;36;27;34;26;17;38","5",""
875,962.63354,945.36426,1403.569,";;2;35;37;24;11;8;18;14;4;9*28;13;30;21;15;10;32*16;22;3;7;29;31;12;1*5;20;23;33;25;19*6;36;27;34;26;17;38","5",""
876,979.8728,945.36426,1491.2937,";;2;35;37;24;11;8;18;14;4;9*28;13;30;21;15;10;32*16;22;3;7;29;31;12;1*5;20;23;33;25;19*6;36;27;34;26;17;38","5",""
877,968.55884,945.36426,1331.2523,";;2;35;37;24;11;8;18;14;4;9*28;13;30;21;15;10;32*16;22;3;7;29;31;12;1*5;20;23;33;25;19*6;36;27;34;26;17;38","5",""
878,981.21375,945.36426,1518.5939,";;2;35;37;24;11;8;18;14;4;9*28;13;30;21;15;10;32*16;22;3;7;29;31;12;1*5;20;23;33;25;19*6;36;27;34;26;17;38","5",""
879,962.3182,945.36426,1366.2103,";;2;35;37;24;11;8;18;14;4;9*28;13;30;21;15;10;32*16;22;3;7;29;31;12;1*5;20;23;33;25;19*6;36;27;34;26;17;38","5",""
880,957.8437,945.36426,1243.7147,";;2;35;37;24;11;8;18;14;4*3;28;13;30;21;15*10;32;16;22;9;7;29;31;12;1*5;20;23;33;25;19*6;36;27;34;26;17;38","5",""
881,974.83276,945.36426,1391.381,";;2;35;37;24;11;8;18;14;4;9*28;13;30;21;15;10;32*16;22;3;7;29;31;12;1*5;20;23;33;25;19*6;36;27;34;26;17;38","5",""
882,966.0597,945.36426,1255.2554,";;2;35;37;24;11;8;18;14;4;9*28;13;30;21;15;10;32*16;22;3;7;29;31;12;1*5;20;23;33;25;19*6;36;27;34;26;17;38","5",""
883,964.30945,945.36426,1317.3798,";;2;35;37;24;11;8;18;14;4;9*28;13;30;21;15;10;32*16;22;3;7;29;31;12;1*5;20;23;33;25;19*6;36;27;34;26;17;38","5",""
884,973.00116,945.36426,1370.5592,";;2;35;37;24;11;8;18;14;4;9*28;13;30;21;15;10;32*16;22;3;7;29;31;12;1*5;20;23;33;25;19*6;36;27;34;26;17;38","5",""
885,967.8603,945.36426,1432.9923,";;2;35;37;24;11;8;18;14;4;9*28;13;30;21;15;10;32*16;22;3;7;29;31;12;1*5;20;23;33;25;19*6;36;27;34;26;17;38","5",""
886,979.8872,945.36426,1327.4885,";;2;35;37;24;11;8;18;14;4;9*3;13;30;21;15;10;32*16;22;28;7;29;31;12;1*5;20;23;33;25;19*6;36;27;34;26;17;38","5",""
887,970.55664,945.36426,1390.4355,";;2;35;37;24;11;8;18;14;4;9*28;13;30;21;15;10;32*16;22;3;7;29;31;12;1*5;20;23;33;25;19*6;36;27;34;26;17;38","5",""
888,966.2177,945.36426,1357.9598,";;2;35;37;24;11;8;18;14;4;9*28;13;30;21;15;10;32*16;22;3;7;29;31;12;1*5;20;23;33;25;19*6;36;27;34;26;17;38","5",""
889,978.06146,945.36426,1381.8179,";;2;35;37;24;11;8;18;14;4;9*28;13;30;21;15;10;32*16;22;3;7;29;31;12;1*5;20;23;33;25;19*6;36;27;34;26;17;38","5",""
890,977.8868,945.36426,1479.6309,";;2;35;37;24;11;8;18;14;4;9*28;13;30;21;15;10;32*16;22;3;7;29;31;12;1*5;20;23;33;25;19*6;36;27;34;26;17;38","5",""
891,965.13873,945.36426,1281.6934,";;2;35;37;24;11;8;18;14;4;9*28;13;30;21;15;10;32*16;22;3;7;12;31;29;1*5;20;23;33;25;19*6;36;27;34;26;17;38","5",""
892,964.5257,945.36426,1265.9471,";;2;35;37;24;11;8;18;14;4;9*28;13;30;21;15;10;32*16;22;3;7;29;31;12;1*5;20;23;33;25;19*6;36;27;34;26;17;38","5",""
893,961.885,945.36426,1337.0577,";;2;35;37;24;11;8;18;14;4;9*28;13;30;21;15;10;32*16;22;3;7;29;31;12;1*5;20;23;33;25;19*6;36;27;34;26;17;38","5",""
894,961.6965,945.36426,1374.8118,";;2;35;37;24;11;8;18;14;4;9*28;13;30;21;15;10;32*16;22;3;7;29;31;12;1*5;20;23;33;25;19*36;6;27;34;26;17;38","5",""
895,970.3722,945.36426,1258.5048,";;2;35;37;24;11;8;18;14;4;9*28;13;30;21;15;10;32*16;22;3;7;29;31;12;1*5;20;23;33;25;19*6;36;27;34;26;17;38","5",""
896,968.6792,945.36426,1353.9525,";;2;35;37;24;11;8;18;14;4;9*28;13;30;21;15;10;32*16;22;3;7;29;31;12;1*5;20;23;33;25;19*6;36;27;34;26;17;38","5",""
897,978.2182,945.36426,1415.4133,";;2;35;37;24;11;8;18;14;4;9*28;13;30;21;15;10;32*16;22;3;7;29;31;12;1*5;20;23;33;25;19*6;36;27;34;26;17;38","5",""
898,966.4721,945.36426,1518.5939,";;4;35;37;24;11;8;18;14;2;9*28;13;30;21;15;10;32*16;22;3;7;29;31;12;1*5;20;23;33;25;19*6;36;27;34;26;17;38","5",""
899,975.50946,945.36426,1351.9104,";;2;35;37;24;11;8;18;14;4;9*28;13;30;21;15;10;32*16;22;3;7;29;31;12;1*5;20;23;33;25;19*6;36;27;34;26;17;38","5",""
900,961.3918,945.36426,1355.7675,";;2;35;37;24;11;8;18;14;4;9*28;13;30;21;15;10;32*16;22;3;7;29;31;12;1*5;20;23;33;25;19*6;36;27;34;26;17;38","5",""
901,972.5032,945.36426,1331.2523,";;2;35;37;24;11;8;18;14;4;9*28;13;30;21;15;10;32*16;22;3;7;29;31;12;1*5;20;23;33;25;19*6;36;27;34;26;17;38","5",""
902,966.0327,945.36426,1425.2108,";;2;35;37;24;11;8;18;14;4;9*28;13;30;21;15;10;32*16;22;3;7;29;31;12;1*5;20;23;33;25;19*6;36;27;34;26;17;38","5",""
903,972.5571,945.36426,1518.5939,";;2;35;37;24;11;8;18;14;4;9*28;13;30;21;15;10;32*16;22;3;7;29;31;12;1*5;20;23;33;25;19*6;36;27;34;26;17;38","5",""
904,971.0368,945.36426,1310.1367,";;2;35;37;24;11;8;18;14;4;9*28;13;30;21;15;10;32*16;22;3;7;29;31;12;1*5;20;23;33;25;19*6;36;27;34;26;17;38","5",""
905,962.51245,945.36426,1204.036,";;2;35;37;24;11;8;18;14;4;9*28;13;30;21;15;10;32*16;22;3;7;29;31;12;1*5;20;23;33;25;19*6;36;27;34;26;17;38","5",""
906,965.8247,945.36426,1303.484,";;2;35;37;24;11;8;18;14;4;9*28;13;30;21;15;10;32*16;22;3;7;29;31;12;1*5;20;23;33;25;19*6;36;27;34;26;17;38","5",""
907,966.0443,945.36426,1260.9413,";;2;35;37;24;11;8;18;14;4;9*28;13;30;21;15;10;32*16;22;3;7;29;31;12;1*5;20;23;33;25;19*6;36;27;34;26;17;38","5",""
908,966.24976,945.36426,1323.5714,";;2;35;37;24;11;8;18;14;4;9*28;13;30;21;15;10;32*16;22;3;7;29;31;12;1*5;20;23;33;25;19*6;36;27;34;26;17;38","5",""
909,981.38776,945.36426,1524.265,";;2;35;37;24;11;8;18;14;4;9*28;13;30;21;15;10;32*16;22;3;7;29;31;12;1*5;20;23;33;25;19*6;36;27;34;26;17;38","5",""
910,988.1864,945.36426,1518.5939,";;2;35;37;24;11;8;18;14;4;9*28;13;30;21;15;10;32*16;22;3;7;29;31;12;1*5;20;23;33;25;19*6;36;27;34;26;17;38","5",""
911,977.02655,945.36426,1270.0366,";;2;35;37;24;11;8;18;14;4;9*28;13;30;21;15;10;32*16;22;3;7;29;31;12;1*5;20;23;33;25;19*6;36;27;34;26;17;38","5",""
912,977.3822,945.36426,1416.187,";;2;35;37;24;11;8;18;14;4;9*28;13;30;21;15;10;32*16;22;3;7;29;31;12;1*5;20;23;33;25;19*6;36;27;34;26;17;38","5",""
913,962.3829,945.36426,1317.3798,";;2;35;37;24;11;8;18;14;4;9*28;13;30;21;15;10;32*16;22;3;7;29;31;12;1*5;20;23;33;25;19*6;36;27;34;26;17;38","5",""
914,960.7668,945.36426,1195.0117,";;2;35;37;24;11;8;18;14;4;9*28;13;30;21;15;10;32*16;22;3;7;29;31;12;1*5;20;23;33;25;19*6;36;27;34;26;17;38","5",""
915,964.05,945.36426,1323.5714,";;2;35;37;24;11;8;18;14;4;9*28;13;30;21;15;10;32*16;22;3;7;29;31;12;1*5;20;23;33;25;19*6;36;27;34;26;17;38","5",""
916,966.5386,945.36426,1518.5939,";;2;35;37;24;11;8;18;14;4;9*28;13;30;21;15;10;32*16;22;3;7;29;31;12;1*5;20;23;33;25;19*6;36;27;34;26;17;38","5",""
917,976.867,945.36426,1391.381,";;2;35;37;24;11;8;18;14;4;9*28;13;30;21;15;10;32*16;22;3;7;29;31;12;1*5;20;23;33;25;19*6;36;27;34;26;17;38","5",""
918,979.7248,945.36426,1314.6366,";;2;35;37;24;11;8;18;14;4;9*28;13;30;21;15;10;32*16;22;3;7;29;31;12;1*5;20;23;33;25;19*6;36;27;34;26;17;38","5",""
919,976.0987,945.36426,1262.6642,";;2;35;37;24;11;8;18;14;4;9*28;13;30;21;15;10;32*16;22;3;7;29;31;12;1*5;20;23;33;25;19*6;36;27;34;26;17;38","5",""
920,955.20404,945.36426,1267.4998,";;2;35;37;24;11;8;18;14;4;9*28;13;30;21;15;10;32*16;22;3;7;29;31;12;1*5;20;23;33;25;19*6;36;27;34;26;17;38","5",""
921,969.544,945.36426,1390.4355,";;2;35;37;24;11;8;18;14;4;9*28;13;30;21;15;10;32*16;22;3;7;29;31;12;1*5;20;23;33;25;19*6;36;27;34;26;17;38","5",""
922,975.4613,945.36426,1301.7277,";;2;35;37;24;11;8;18;14;4;9*28;13;30;21;15;10;32*16;22;3;7;29;31;12;1*5;20;23;33;25;19*6;36;27;34;26;17;38","5",""
923,966.93713,945.36426,1310.1367,";;2;35;37;24;11;8;18;14;4;9*28;13;30;21;15;10;32*16;22;3;7;29;31;12;1*5;20;23;33;25;19*6;36;27;34;26;17;38","5",""
924,964.8254,945.36426,1479.6309,";;2;35;37;24;11;8;18;14;4;9*28;13;30;21;15;10;32*16;22;3;7;29;31;12;1*5;20;23;33;25;19*6;36;27;34;26;17;38","5",""
925,969.75726,945.36426,1276.0233,";;2;35;37;24;11;8;18;14;4;9*28;13;30;21;15;10;32*16;22;3;7;29;31;12;1*5;20;23;33;25;19*6;36;27;34;26;17;38","5",""
926,951.1164,945.36426,1101.5673,";;2;35;37;24;11;8;18;14;4;9*28;13;30;21;15;10;32*16;22;3;7;29;31;12;1*5;20;23;33;25;19*6;36;27;34;26;17;38","5",""
927,981.1067,945.36426,1372.4895,";;2;35;37;24;11;8;18;14;4;9*28;13;30;21;15;10;32*16;22;3;7;29;31;12;1*5;20;23;33;25;19*6;36;27;34;26;17;38","5",""
928,966.00946,945.36426,1213.312,";;2;35;37;24;11;8;18;14;4;9*28;13;30;21;15;10;32*16;22;3;7;29;31;12;1*5;20;23;33;25;19*6;36;27;34;26;17;38","5",""
929,965.7058,945.36426,1337.0577,";;2;35;37;24;11;8;18;14;4;9*28;13;30;21;15;10;32*16;22;3;7;29;31;12;1*5;20;23;33;25;19*6;36;27;34;26;17;38","5",""
930,970.363,945.36426,1370.3214,";;2;35;37;24;11;8;18;14;4;9*28;13;30;21;15;10;32*16;22;3;7;29;31;12;1*5;20;23;33;25;19*6;36;27;34;26;17;38","5",""
931,982.3204,945.36426,1331.2523,";;2;35;37;24;11;8;18;14;4;9*28;13;30;21;15;10;32*16;22;3;7;29;31;12;1*5;20;23;33;25;19*6;36;27;34;26;17;38","5",""
932,960.4603,945.36426,1283.6252,";;2;35;37;24;11;8;18;14;4;9*28;13;30;21;15;10;32*16;22;3;7;29;31;12;1*5;20;23;33;25;19*6;36;27;34;26;17;38","5",""
933,961.7618,945.36426,1322.9912,";;2;35;37;24;11;8;18;14;4;9*28;13;30;21;15;10;32*16;22;3;7;29;31;12;1*5;20;23;33;25;19*6;36;27;34;26;17;38","5",""
934,968.5421,945.36426,1370.3107,";;2;35;37;24;11;8;18;14;4;9*28;13;30;21;15;10;32*16;22;3;7;29;31;12;1*5;20;23;33;25;19*6;36;27;34;26;17;38","5",""
935,970.5402,945.36426,1350.4136,";;2;35;37;24;11;8;18;14;4;9*28;13;30;21;15;10;32*16;22;3;7;29;31;12;1*5;20;23;33;25;19*6;36;27;34;26;17;38","5",""
936,960.2893,945.36426,1307.9758,";;2;35;37;24;11;8;18;14;4;9*28;13;30;21;15;10;32*16;22;3;7;29;31;12;1*5;20;23;33;25;19*6;36;27;34;26;17;38","5",""
937,989.6013,945.36426,1425.7368,";;2;35;37;24;11;8;18;14;4;9*28;13;30;21;15;10;32*16;22;3;7;29;31;12;1*5;20;23;33;25;19*6;36;27;34;26;17;38","5",""
938,973.18896,945.36426,1374.8118,";;2;35;37;24;11;8;18;14;4;9*28;13;30;21;15;10;32*16;22;3;7;29;31;12;1*5;20;23;33;25;19*6;36;27;34;26;17;38","5",""
939,979.34576,945.36426,1333.4033,";;2;35;37;24;11;8;18;14;4;9*28;13;30;21;15;10;32*16;22;3;7;29;31;12;1*5;20;23;33;25;19*6;36;27;34;26;17;38","5",""
940,973.9299,945.36426,1362.887,";;2;35;37;24;11;8;18;14;4;9*28;13;30;21;15;10;32*16;22;3;7;29;31;12;1*5;20;23;33;25;19*6;36;27;34;26;17;38","5",""
941,995.30273,945.36426,1386.7859,";;2;35;37;24;11;8;18;14;4;9*28;13;30;21;15;10;32*16;22;3;7;29;31;12;1*5;20;23;33;25;19*6;36;27;34;26;17;38","5",""
942,996.8253,945.36426,1385.4384,";;2;35;37;24;11;8;18;14;4;9*28;13;30;21;15;10;32*16;22;3;7;29;31;12;1*5;20;23;33;25;19*6;36;27;34;26;17;38","5",""
943,968.514,945.36426,1350.4136,";;2;35;37;24;11;8;18;14;4;9*28;13;30;21;15;10;32*16;22;3;7;29;31;12;1*5;20;23;33;25;19*6;36;27;34;26;17;38","5",""
944,967.063,945.36426,1300.4296,";;2;35;37;24;11;8;18;14;4;9*28;13;30;21;15;10;32*16;22;3;7;29;31;12;1*5;20;23;33;25;19*6;36;27;34;26;17;38","5",""
945,976.9087,945.36426,1310.6064,";;2;35;37;24;11;8;18;14;4;9*28;13;30;21;15;10;32*16;22;3;7;29;31;12;1*5;20;23;33;25;19*6;36;27;34;26;17;38","5",""
946,980.26013,945.36426,1390.4355,";;2;35;37;24;11;8;18;14;4;9*28;13;30;21;15;10;32*16;22;3;7;29;31;12;1*5;20;23;33;25;19*6;36;27;34;26;17;38","5",""
947,965.8313,945.36426,1425.2108,";;2;35;37;24;11;8;18;14;4;9*28;13;30;21;15;10;32*16;22;3;7;29;31;12;1*5;20;23;33;25;19*6;36;27;34;26;17;38","5",""
948,968.85834,945.36426,1314.6366,";;2;35;37;24;11;8;18;14;4;9*28;13;30;21;15;10;32*16;22;3;7;29;31;12;1*5;20;23;33;25;19*6;36;27;34;26;17;38","5",""
949,964.0239,945.36426,1366.2103,";;2;35;37;24;11;8;18;14;4;9*28;13;30;21;15;10;32*16;22;3;7;29;31;12;1*5;20;23;33;25;19*6;36;27;34;26;17;38","5",""
950,964.1612,945.36426,1286.795,";;2;35;37;24;11;8;18;14;4;9*28;13;30;21;15;10;32*16;22;3;7;29;31;12;1*5;20;23;33;25;19*6;36;27;34;26;17;38","5",""
951,962.5669,945.36426,1355.7675,";;2;35;37;24;11;8;18;14;4;9*28;13;30;21;15;10;32*16;22;3;7;29;31;12;1*5;20;23;33;25;19*6;36;27;34;26;17;38","5",""
952,967.6478,945.36426,1355.7675,";;2;35;37;24;11;8;18;14;4;9;21*13;30;28;15;10;32*16;22;3;7;29;31;12;1*5;20;23;33;25;19*6;36;27;34;26;17;38","5",""
953,978.962,945.36426,1403.569,";;2;35;37;24;11;8;18;14;4;9*28;13;30;21;15;10;32*16;22;3;7;29;31;12;1*5;20;23;33;25;19*6;36;27;34;26;17;38","5",""
954,973.24493,945.36426,1357.9598,";;2;35;37;24;11;8;18;14;4;9*28;13;30;21;15;10;32*16;22;3;7;29;31;12;1*5;20;23;33;25;19*6;36;27;34;26;17;38","5",""
955,979.2067,945.36426,1524.265,";;2;35;37;24;11;8;18;14;4;9*28;13;30;21;15;10;32*16;22;3;7;29;31;12;1*5;20;23;33;25;19*6;36;27;34;26;17;38","5",""
956,976.0056,945.36426,1487.3911,";;2;35;37;24;11;8;18;14;4;9*28;13;30;21;15;10;32*16;22;3;7;29;31;12;1*5;20;23;33;25;19*6;36;27;34;26;17;38","5",""
957,983.4997,945.36426,1518.5939,";;2;35;37;24;11;8;18;14;4;9*28;13;30;21;15;10;32*16;22;3;7;29;31;12;1*5;20;23;33;25;19*6;36;27;34;26;17;38","5",""
958,969.9261,945.36426,1317.3798,";;2;35;37;24;11;8;18;14;4;9*28;13;30;21;15;10;32*16;22;3;7;29;31;12;1*5;20;23;33;25;19*6;36;27;34;26;17;38","5",""
959,984.0658,945.36426,1415.4133,";;2;35;37;24;11;8;18;14;4;9*28;13;30;21;15;10;32*16;22;3;7;29;31;12;1*5;20;23;33;25;19*6;36;27;34;26;17;38","5",""
960,974.0114,945.36426,1388.4341,";;2;35;37;24;11;8;18;14;4;9*28;13;30;21;15;10;32*16;22;3;7;29;31;12;1*5;20;23;33;25;19*6;36;27;34;26;17;38","5",""
961,955.9684,945.36426,1196.1981,";;2;35;37;24;11;8;18;14;4;9*28;13;30;21;15;10;32*16;22;3;7;29;31;12;1*5;20;23;33;25;19*6;36;27;34;26;17;38","5",""
962,970.3082,945.36426,1279.1827,";;2;35;37;24;11;8;18;14;4;9*28;13;30;21;15;10;32*16;22;3;7;29;31;12;1*5;20;23;33;25;19*6;36;27;34;26;17;38","5",""
963,972.2492,945.36426,1417.5271,";;2;35;37;24;11;8;18;14;4;9*28;13;30;21;15;10;32*16;22;3;7;29;31;12;1*5;20;23;33;25;19*6;36;27;34;26;17;38","5",""
964,986.4361,945.36426,1276.0233,";;2;35;37;24;11;8;18;14;4;9*28;13;30;21;15;10;32*16;22;3;7;29;31;12;1*5;20;23;33;25;19*6;36;27;34;26;17;38","5",""
965,968.5327,945.36426,1293.4727,";;2;35;37;24;11;8;18;14;4;9*28;13;30;21;15;29;32*16;22;3;7;10;31;12;1*5;20;23;33;25;19*6;36;27;34;26;17;38","5",""
966,980.99554,945.36426,1372.4895,";;2;35;37;24;11;8;18;14;4;9*28;13;30;21;15;10;32*16;22;3;7;29;31;12;1*5;20;23;33;25;19*6;36;27;34;26;17;38","5",""
967,977.42725,945.36426,1301.7909,";;2;35;37;24;11;8;18;14;4;9*28;13;30;21;15;10;32*16;22;3;7;29;31;12;1*5;20;23;33;25;19*6;36;27;34;26;17;38","5",""
968,966.74396,945.36426,1388.4341,";;2;35;37;24;11;8;18;14;4;9*28;13;30;21;15;10;32*16;22;3;7;29;31;12;1*5;20;23;33;25;19*6;36;27;34;26;17;38","5",""
969,964.4659,945.36426,1296.0964,";;2;35;37;24;11;8;18;14;4;9*28;13;30;21;15;10;32*16;22;3;7;29;31;12;1*5;20;23;33;25;19*6;36;27;34;26;17;38","5",""
970,966.0636,945.36426,1403.569,";;2;35;37;24;30;8;18;14;4;9*28;13;11;21;15*10;32;16;22;3;7*29;31;12;1;5;20;23;33*25;19;6;36;27*34;26;17;38","6",""
971,961.0937,945.36426,1370.3214,";;2;35;37;24;11;8;18;14;4;9*28;13;30;21;15;10;32*16;22;3;7;29;31;12;1*5;20;23;33;25;19*6;36;27;34;26;17;38","5",""
972,968.7611,945.36426,1355.7675,";;2;35;37;24;11;8;18;14;4;9*28;13;30;21;15;10;32*16;22;3;7;29;31;12;1*5;20;23;33;25;19*6;36;27;34;26;17;38","5",""
973,969.8836,945.36426,1288.2667,";;2;35;37;24;11;8;18;14;4;9*28;13;30;21;15;10;32*16;22;3;7;29;31;12;1*5;20;23;33;25;19*6;36;27;34;26;17;38","5",""
974,966.64813,945.36426,1340.1925,";;2;35;37;24;11;8;18;14;4;9*28;13;30;21;15;10;32*16;22;3;7;29;31;12;1*5;20;23;33;25;19*6;36;27;34;26;17;38","5",""
975,966.9949,945.36426,1388.4341,";;2;35;37;24;11;8;18;14;4;9*28;13;30;21;15;10;32*16;22;3;7;29;31;12;1*5;20;23;33;25;19*6;36;27;34;26;17;38","5",""
976,962.6472,945.36426,1285.7301,";;2;35;37;24;11;8;18;14;4;9*28;13;30;21;15;10;32*16;22;3;7;29;31;12;1*5;20;23;33;25;19*6;36;27;34;26;17;38","5",""
977,969.31586,945.36426,1279.1827,";;2;35;37;24;11;8;18;14;4;9*28;13;30;21;15;10;32*16;22;3;7;29;31;12;1*5;20;23;33;25;19*6;36;27;34;26;17;38","5",""
978,974.4853,945.36426,1381.4937,";;2;35;37;24;11;8;18;14;4;9*28;13;30;21;15;10;32*16;22;3;7;29;31;12;1*5;20;23;33;25;19*6;36;27;34;26;17;38","5",""
979,965.2072,945.36426,1272.6871,";;2;35;37;24;11;8;18;14;4;9*28;13;30;21;15;10;32*16;22;3;7;29;31;12;1*5;20;23;33;25;19*6;36;27;34;26;17;38","5",""
980,962.668,945.36426,1236.0264,";;2;35;37;24;11;8;18;14;4;9*28;13;30;21;15;10;32*16;22;3;7;29;31;12;1*5;20;23;33;25;19*6;36;27;34;26;17;38","5",""
981,974.7807,945.36426,1390.4355,";;2;35;37;24;11;8;18;14;4;9*28;13;30;21;15;10;32*16;22;3;7;29;31;12;1*5;20;23;33;25;19*6;36;27;34;26;17;38","5",""
982,960.34454,945.36426,1243.8176,";;2;35;37;24;11;8;18;14;4;9*28;13;30;21;15;10;32*16;22;3;7;29;31;12;1*5;20;23;33;25;19*6;36;27;34;26;17;38","5",""
983,971.3262,945.36426,1417.5271,";;2;35;37;24;11;8;18;14;4;9*28;13;30;21;15;10;32*16;22;3;7;29;31;12;1*5;20;23;33;25;19*6;36;27;34;26;17;38","5",""
984,971.1005,945.36426,1390.4355,";;2;35;37;24;11;8;18;14;4;9*28;13;30;21;15;10;32*16;22;3;7;29;31;12;1*5;20;23;33;25;19*6;36;27;34;26;17;38","5",""
985,969.7897,945.36426,1257.7177,";;2;35;37;24;11;8;18;14;4;9*28;13;30;21;15;10;32*16;22;3;7;29;31;12;1*5;20;23;33;25;19*6;36;27;34;26;17;38","5",""
986,964.17194,945.36426,1296.6102,";;2;35;37;24;11;8;18;14;4;9;22*13;30;21;15;10;32;16*28;3;7;29;31*12;1;5;20;23;33;25*19;6;36;27;34;26;17*38","6",""
987,982.81085,945.36426,1324.5282,";;2;35;37;24;11;8;18;14;4;9*28;13;30;21;15;10;32*16;22;3;7;29;31;12;1*5;20;23;33;25;19*6;36;27;34;26;17;38","5",""
988,965.2763,945.36426,1432.9923,";;2;35;37;24;11;8;18;14;4;9*28;13;30;21;15;10;32*16;22;3;7;29;31;12;1*5;20;23;33;25;19*6;36;27;34;26;17;38","5",""
989,975.678,945.36426,1372.4895,";;2;35;37;24;11;8;18;14;4;9*28;13;30;21;15;10;32*16;22;3;7;29;31;12;1*5;20;23;33;25;19*6;36;27;34;26;17;38","5",""
990,958.02313,945.36426,1189.8624,";;2;35;37;24;11;8;18;14;4;9*28;13;30;21;15;10;32*16;22;3;7;29;31;12;1*5;20;23;33;25;19*6;36;27;34;26;17;38","5",""
991,956.58344,945.36426,1274.9393,";;2;35;37;24;11;8;18;14;4;9*28;13;30;21;15;10;32*16;22;3;7;29;31;12;1*5;20;23;33;25;19*6;36;27;34;26;17;38","5",""
992,964.10876,945.36426,1323.8696,";;2;35;37;24;11;8;18;14;4;9*28;13;30;21;15;10;32*16;22;3;7;29;31;12;1*5;20;23;33;25;19*6;36;27;34;26;17;38","5",""
993,965.6177,945.36426,1370.3214,";;2;35;37;24;11;8;18;14;4;9*28;13;30;21;15;10;32*16;22;3;7;29;31;12;1*5;20;23;33;25;19*6;36;27;34;26;17;38","5",""
994,965.2491,945.36426,1302.592,";;2;35;37;24;11;8;18;14;4;9*28;13;30;21;15;10;32*16;22;3;7;29;31;12;1*5;20;23;33;25;19*6;36;27;34;26;17;38","5",""
995,974.2926,945.36426,1491.2937,";;2;35;37;24;11;8;18;14;4;9*28;13;30;21;15;10;32*16;22;3;7;29;31;12;1*5;20;23;33;25;19*6;36;27;34;26;17;38","5",""
996,966.71674,945.36426,1419.332,";;2;35;37;24;11;8;18;14;4;9*28;13;30;21;15;10;32*16;22;3;7;29;31;12;1*5;20;23;33;25;19*6;36;27;34;26;17;38","5",""
997,951.603,945.36426,1235.017,";;2;35;37;24;11;8;18;14;4;9*28;13;30;21;15;10;32*16;22;3;7;29;31;12;1*5;20;23;33;25;19*6;36;27;34;26;17;38","5",""
998,969.60803,945.36426,1303.484,";;2;35;37;24;11;8;18;14;4;9*28;13;30;21;15;10;32*16;22;3;7;29;31;12;1*5;20;23;33;25;19*6;36;27;34;26;17;38","5",""
999,961.27313,945.36426,1243.8176,";;2;35;37;24;11;8;18;14;4;9*28;13;30;21;15;10;32*16;22;3;7;29;31;12;1*5;20;23;33;25;19*6;36;27;34;26;17;38","5",""
1000,972.3846,945.36426,1416.775,";;2;35;37;24;11;8;18;14;4;9*28;13;30;21;15;10;32*16;22;3;7;29;31;12;1*5;20;23;33;25;19*6;36;27;34;26;17;38","5",""
1001,983.61505,945.36426,1370.3107,";;2;35;37;24;11;8;18;14;4;9*28;13;30;21;15;10;32*16;22;3;7;29;31;12;1*5;20;23;33;25;19*6;36;27;34;26;17;38","5",""
1002,961.1962,945.36426,1300.4296,";;2;35;37;24;11;8;18;14;4;9*28;13;30;21;15;10;32*16;22;3;7;29;31;12;1*5;20;23;33;25;19*6;36;27;34;26;17;38","5",""
1003,960.39825,945.36426,1518.8921,";;2;35;37;24;11;8;18;14;4;9*28;13;30;21;15;10;32*16;22;3;7;29;31;12;1*5;20;23;33;25;19*6;36;27;34;26;17;38","5",""
1004,969.93,945.36426,1237.2473,";;2;35;37;24;11;8;18;14;4;9*28;13;30;21;15;10;32*16;22;3;7;29;31;12;1*5;20;23;33;25;19*6;36;27;34;26;17;38","5",""
1005,980.932,945.36426,1391.6791,";;2;35;37;24;11;8;18;14;4;9*28;13;30;21;15;10;32*16;22;3;7;29;31;12;1*5;20;23;33;25;19*6;36;27;34;26;17;38","5",""
1006,961.06177,945.36426,1370.3107,";;2;35;37;24;11;8;18;14;4;9*28;13;30;21;15;10;32*16;22;3;7;29;31;12;1*5;20;23;33;25;19*6;36;27;34;26;17;38","5",""
1007,970.0266,945.36426,1296.4003,";;2;35;37;24;11;8;18;14;4;9*28;13;30;21;15;10;32*16;22;3;7;29;31;12;1*5;20;23;33;25;19*6;36;27;34;26;17;38","5",""
1008,988.7279,945.36426,1416.4768,";;2;35;37;24;11;8;18;14;4;9*28;13;30;21;15;10;32*16;22;3;7;29;31;12;1*5;20;23;33;25;19*6;36;27;34;26;17;38","5",""
1009,968.9216,945.36426,1286.4641,";;2;35;37;24;11;8;18;14;4;9*28;13;30;21;15;10;32*16;22;3;7;29;31;12;1*5;20;23;33;25;19*6;36;27;34;26;17;38","5",""
1010,979.6012,945.36426,1363.9994,";;2;35;37;24;11;8;18;14;4;9*28;13;30;21;15;10;32*16;22;3;7;29;31;12;1*5;20;23;33;25;19*6;36;27;34;26;17;38","5",""
1011,968.4903,945.36426,1381.8179,";;2;35;37;24;11;8;18;14;4;9*28;13;30;21;15;10;32*16;22;3;7;29;31;12;1*5;20;23;33;25;19*6;36;27;34;26;17;38","5",""
1012,972.7981,945.36426,1416.4852,";;2;35;37;24;11;8;18;14;4;9*28;13;30;21;15;10;32*16;22;3;7;29;31;12;1*5;20;23;33;25;19*6;36;27;34;26;17;38","5",""
1013,971.2114,945.36426,1300.4296,";;2;35;37;24;11;8;18;14;4;9*28;13;30;21;15;10;32*16;22;3;7;29;31;12;1*5;20;23;33;25;19*6;36;27;34;26;17;38","5",""
1014,978.40454,945.36426,1524.265,";;2;35;37;24;11;8;18;14;4;9*28;13;30;21;15;10;32*16;22;3;7;29;31;12;1*5;20;23;33;25;19*6;36;27;34;26;17;38","5",""
1015,963.75696,945.36426,1220.2357,";;2;35;37;24;11;8;18;14;4;9*28;13;30;21;15;10;32*16;22;3;7;29;31;12;1*5;20;23;33;25;19*6;36;27;34;26;17;38","5",""
1016,960.41693,945.36426,1337.0577,";;2;35;37;24;11;8;18;14;4;9*28;13;30;21;15;10;32*16;22;3;7;29;31;12;1*5;20;23;33;25;19*6;36;27;34;26;17;38","5",""
1017,980.3671,945.36426,1432.9923,";;2;35;37;24;11;8;18;14;4;9*28;13;30;21;15;10;32*16;22;3;7;29;31;12;1*5;20;23;33;25;19*6;36;27;34;26;17;38","5",""
1018,970.34906,945.36426,1385.7366,";;2;35;37;24;11;8;18;14;4;9*28;13;30;21;15;10;32*16;22;3;7;29;31;12;1*5;20;23;33;25;19*6;36;27;34;26;17;38","5",""
1019,968.8269,945.36426,1370.8574,";;2;35;37;24;11;8;18;14;4;9*28;13;30;21;15;10;32*16;22;3;7;29;31;12;1*5;20;23;33;25;19*6;36;27;34;26;17;38","5",""
1020,969.3984,945.36426,1286.3546,";;2;35;37;24;11;8;18;14;4;9*28;13;30;21;15;10;32*16;22;3;7;29;31;12;1*5;20;23;33;25;19*6;36;27;34;26;17;38","5",""
1021,961.7413,945.36426,1212.5157,";;2;35;37;24;11;8;18;14;4;9*28;13;30;21;15;10;32*16;22;3;7;29;31;12;1*5;20;23;33;25;19*6;36;27;34;26;17;38","5",""
1022,977.81274,945.36426,1415.4133,";;2;35;37;24;11;8;18;14;4;9*28;13;30;21;15;10;32*16;22;3;7;29;31;12;1*5;20;23;33;25;19*6;36;27;34;26;17;38","5",""
1023,972.6462,945.36426,1316.2646,";;2;35;37;24;11;8;18;14;4;9*28;13;30;21;15;10;32*16;22;3;7;29;31;12;1*5;20;23;33;25;19*6;36;27;34;26;17;38","5",""
1024,976.2589,945.36426,1289.3201,";;2;35;37;24;11;8;18;14;4;9*28;13;30;21;15;10;32*16;22;3;7;29;31;12;1*5;20;23;33;25;19*6;36;27;34;26;17;38","5",""
1025,971.1708,945.36426,1385.4384,";;2;35;37;24;11;8;18;14;4;9*28;13;30;21;15;10;32*16;22;3;7;29;31;12;1*5;20;23;33;25;19*6;36;27;34;26;17;38","5",""
1026,982.8111,945.36426,1388.4341,";;2;35;37;24;11;8;18;14;4;9*28;13;30;21;15;10;32*16;22;3;7;29;31;12;1*5;20;23;33;25;19*6;36;27;34;26;17;38","5",""
1027,977.95013,945.36426,1415.4133,";;2;35;37;24;11;8;18;14;4;9*28;13;30;21;15;10;32*16;22;3;7;29;31;12;1*5;20;23;33;25;19*6;36;27;34;26;17;38","5",""
1028,972.9037,945.36426,1432.9923,";;2;35;37;24;11;8;18;14;4;9*28;13;30;21;15;10;32*16;22;3;7;29;31;12;1*5;20;23;33;25;19*6;36;27;34;26;17;38","5",""
1029,980.1071,945.36426,1432.9923,";;2;35;37;24;11;8;18;14;4;9*28;13;30;21;15;10;32*16;22;3;7;29;31;12;1*5;20;23;33;25;19*6;36;27;34;26;17;38","5",""
1030,967.32495,945.36426,1479.6309,";;2;35;37;24;11;8;18;14;4;9*28;13;30;21;15;10;32*16;22;3;7;29;31;12;1*5;20;23;33;25;19*6;36;27;34;26;17;38","5",""
1031,965.1641,945.36426,1190.3345,";;2;35;37;24;11;8;18;14;4;9*28;13;30;21;15;10;32*16;22;3;7;29;31;12;1*5;20;23;33;25;19*6;36;27;34;26;17;38","5",""
1032,970.62036,945.36426,1302.3639,";;2;35;37;24;11;8;18;14;4;9*28;13;30;21;15;10;32*16;22;3;7;29;31;12;1*5;20;23;33;25;19*6;36;27;34;26;17;38","5",""
1033,963.137,945.36426,1250.3077,";;2;35;37;24;11;8;18;14;4;9*28;13;30;21;15;10;32*16;22;3;7;29;31;12;1*5;20;23;33;25;19*6;36;27;34;26;17;38","5",""
1034,972.13196,945.36426,1425.7368,";;2;35;37;24;11;8;18;14;4;9*28;13;30;21;15;10;32*16;22;3;7;29;31;12;1*5;20;23;33;25;19*6;36;27;34;26;17;38","5",""
1035,969.5935,945.36426,1286.795,";;2;35;37;24;11;8;18;14;4;9*28;13;30;21;15;10;32*16;22;3;7;29;31;12;1*5;20;23;33;25;19*6;36;27;34;26;17;38","5",""
1036,963.4894,945.36426,1314.6366,";;2;35;37;24;11;8;18;14;4;9*28;13;30;21;15;10;32*16;22;3;7;29;31;12;1*5;20;23;33;25;19*6;36;27;34;26;17;38","5",""
1037,973.25287,945.36426,1329.4408,";;2;35;37;24;11;8;18;14;4;9*28;13;30;21;15;10;32*16;22;3;7;29;31;12;1*5;20;23;33;25;19*6;36;27;34;26;17;38","5",""
1038,967.74225,945.36426,1355.6561,";;2;35;37;24;11;8;18;14;4;9*28;13;30;21;15;10;32*16;22;3;7;29;31;12;1*5;20;23;33;25;19*6;36;27;34;26;17;38","5",""
1039,983.56464,945.36426,1416.187,";;2;35;37;24;11;8;18;14;4;9*28;13;30;21;15;10;32*16;22;3;7;29;31;12;1*5;20;23;33;25;19*6;36;27;34;26;17;38","5",""
1040,973.8596,945.36426,1331.2523,";;2;35;37;24;11;8;18;14;4;9*28;13;30;21;15;10;32*16;22;3;7;29;31;12;1*5;20;23;33;25;19*6;36;27;34;26;17;38","5",""
1041,975.46533,945.36426,1274.7975,";;2;35;37;24;11;8;18;14;4;9*28;13;30;21;15;10;32*16;22;3;7;29;31;12;1*5;20;23;33;25;19*6;36;27;34;26;17;38","5",""
1042,969.0043,945.36426,1273.2815,";;2;35;37;24;11;8;18;14;4;9*28;13;30;21;15;10;32*16;22;3;7;29;31;12;1*5;20;23;33;25;19*6;36;27;34;26;17;38","5",""
1043,957.4389,945.36426,1273.3414,";;2;35;37;24;11;8;18;14;4;9*28;13;30;21;15;10;32*16;22;3;7;29;31;12;1*5;20;23;33;25;19*6;36;27;34;26;17;38","5",""
1044,976.3465,945.36426,1327.3477,";;2;35;37;24;11;8;18;14;4;9*28;13;30;21;15;10;32*16;22;3;7;29;31;12;1*5;20;23;33;25;19*6;36;27;34;26;17;38","5",""
1045,962.7961,945.36426,1341.7202,";;2;35;37;24;11;8;18;14;4;9*28;13;30;21;15;10;32*16;22;3;7;29;31;12;1*5;20;23;33;25;19*6;36;27;34;26;17;38","5",""
1046,963.259,945.36426,1286.0565,";;2;35;37;24;11;8;18;14;4;9*28;13;30;21;15;10;32*16;22;3;7;29;31;12;1*5;20;23;33;25;19*6;36;27;34;26;17;38","5",""
1047,960.0704,945.36426,1281.1874,";;2;35;37;24;11;8;18;14;4;9*28;13;30;21;15;10;32*16;22;3;7;29;31;12;1*5;20;23;33;25;19*6;36;27;34;26;17;38","5",""
1048,966.2427,945.36426,1353.9525,";;2;35;37;24;11;8;18;14;4;9*28;13;30;21;15;10;32*16;22;3;7;29;31;12;1*5;20;23;33;25;19*6;36;27;34;26;17;38","5",""
1049,985.344,945.36426,1333.4033,";;2;35;37;24;11;8;18;14;4;9*28;13;30;21;15;10;32*16;22;3;7;29;31;12;1*5;20;23;33;25;19*6;36;27;34;26;17;38","5",""
1050,970.7004,945.36426,1247.3223,";;2;35;37;24;11;8;18;14;4;9*28;13;30;21;15;10;32*16;22;3;7;29;31;12;1*5;20;23;33;25;19*6;36;27;34;26;17;38","5",""
1051,981.5346,945.36426,1385.4384,";;2;35;37;24;11;8;18;14;4;9*28;13;30;21;15;10;32*16;22;3;7;29;31;12;1*5;20;23;33;25;19*6;36;27;34;26;17;38","5",""
1052,980.18005,945.36426,1479.6309,";;2;35;37;24;11;8;18;14;4;9*28;13;30;21;15;10;32*16;22;3;7;29;31;12;1*5;20;23;33;25;19*6;36;27;34;26;17;38","5",""
1053,970.3567,945.36426,1372.1522,";;2;35;37;24;11;8;18;14;4;9*28;13;30;21;15;10;32*16;22;3;7;29;31;12;1*5;20;23;33;25;19*6;36;27;34;26;17;38","5",""
1054,976.47076,945.36426,1381.8179,";;2;35;37;24;11;8;18;14;4;9*28;13;30;21;15;10;32*16;22;3;7;29;31;12;1*5;20;23;33;25;19*6;36;27;34;26;17;38","5",""
1055,962.4762,945.36426,1491.2937,";;2;35;37;24;11;8;18;14;4;9*28;13;30;21;15;10;32*16;22;3;7;29;31;12;1*5;20;23;33;25;19*6;36;27;34;26;17;38","5",""
1056,960.98193,945.36426,1386.7859,";;2;35;37;24;11;8;18;14;4;9*28;13;30;21;15;10;32*16;22;3;7;29;31;12;1*5;20;23;33;25;19*6;36;27;34;26;17;38","5",""
1057,963.9871,945.36426,1296.0964,";;2;35;37;24;11;8;18;14;4;9*28;13;30;21;15;10;32*16;22;3;7;29;31;12;1*5;20;23;33;25;19*6;36;27;34;26;17;38","5",""
1058,959.5779,945.36426,1353.9525,";;2;35;37;24;11;8;18;14;4;9*28;13;30;21;15;10;32*16;22;3;7;29;31;12;1*5;20;23;33;25;19*6;36;27;34;26;17;38","5",""
1059,972.92615,945.36426,1351.9104,";;2;35;37;24;11;8;18;14;4;9*28;13;30;21;15;10;32*16;22;3;7;29;31;12;1*5;20;23;33;25;19*6;36;27;34;26;17;38","5",""
1060,973.3818,945.36426,1273.5796,";;2;35;37;24;11;8;18;14;4;9*28;13;30;21;15;10;32*16;22;3;7;29;31;12;1*5;20;23;33;25;19*6;36;27;34;26;17;38","5",""
1061,978.3353,945.36426,1491.2937,";;2;35;37;24;11;8;18;14;4;9*28;13;30;21;15;10;32*16;22;3;7;29;31;12;1*5;20;23;33;25;19*6;36;27;34;26;17;38","5",""
1062,953.87976,945.36426,1284.1687,";;2;35;37;24;11;8;18;14;4;9*28;13;30;21;15;10;32*16;22;3;7;29;31;12;1*5;20;23;33;25;19*6;36;27;34;26;17;38","5",""
1063,967.4894,945.36426,1327.3477,";;2;35;37;24;11;8;18;14;4;9*28;13;30;21;15;10;32*16;22;3;7;29;31;12;1*5;20;23;33;25;19*6;36;27;34;26;17;38","5",""
1064,989.818,945.36426,1385.4384,";;2;35;37;24;11;8;18;14;4;9*28;13;30;21;15;10;32*16;22;3;7;29;31;12;1*5;20;23;33;25;19*6;36;27;34;26;17;38","5",""
1065,962.1241,945.36426,1166.7994,";;2;35;37;24;11;8;18;14;4;9*28;13;30;21;15;10;32*16;22;3;7;29;31;12;1*5;20;23;33;25;19*6;36;27;34;26;17;38","5",""
1066,959.22217,945.36426,1175.575,";;2;35;37;24;11;8;18;14;4;9*28;13;30;21;15;10;32*16;22;3;7;29;31;12;1*5;20;23;33;25;19*6;36;27;34;26;17;38","5",""
1067,971.97095,945.36426,1487.3911,";;2;35;37;24;11;8;18;14;4;9*28;13;30;21;15;10;32*16;22;3;7;29;31;12;1*5;20;23;33;25;19*6;36;27;34;26;17;38","5",""
1068,985.738,945.36426,1388.4341,";;2;35;37;24;11;8;18;14;4;9*28;13;30;21;15;10;32*16;22;3;7;29;31;12;1*5;20;23;33;25;19*6;36;27;34;26;17;38","5",""
1069,965.4698,945.36426,1365.6924,";;2;35;37;24;11;8;18;14;4;9*28;13;30;21;15;10;32*16;22;3;7;29;31;12;1*5;20;23;33;25;19*6;36;27;34;26;17;38","5",""
1070,965.2012,945.36426,1440.8508,";;2;35;37;24;11;8;18;14;4;9*28;13;30;21;15;10;32*16;22;3;7;29;31;12;1*5;20;23;33;25;19*6;36;27;34;26;17;38","5",""
1071,966.9232,945.36426,1196.1981,";;2;35;37;24;11;8;18;14;4;9*28;13;30;21;15;10;32*16;22;3;7;29;31;12;1*5;20;23;33;25;19*6;36;27;34;26;17;38","5",""
1072,968.2684,945.36426,1327.3477,";;2;35;37;24;11;8;18;14;4;9*28;13;30;21;15;10;32*16;22;3;7;29;20*12;1;5;31;23;33;25;19*6;36;27;34;26;17;38","5",""
1073,972.56714,945.36426,1323.8696,";;2;35;37;24;11;8;18;14;4;9*28;13;30;21;15;10;32*16;22;3;7;29;31;12;1*5;20;23;33;25;19*6;36;27;34;26;17;38","5",""
1074,964.3021,945.36426,1363.1852,";;2;35;37;24;11;8;18;14;4;9*28;13;30;21;15;10;32*16;22;3;7;29;31;12;1*5;20;23;33;25;19*6;36;27;34;26;17;38","5",""
1075,970.5454,945.36426,1325.5404,";;2;35;37;24;11;8;18;14;4;9*28;13;30;21;15;10;32*16;22;3;7;29;31;12;1*5;20;23;33;25;19*6;36;27;34;26;17;38","5",""
1076,966.9479,945.36426,1285.9364,";;2;35;37;24;11;8;18;14;4;9*28;13;30;21;15;10;32*16;22;3;7;29;31;12;1*5;20;23;33;25;19*6;36;27;34;26;17;38","5",""
1077,983.5929,945.36426,1284.3015,";;2;35;37;24;11;8;18;14;4;9*28;13;30;21;15;10;32*16;22;3;7;29;31;12;1*5;20;23;33;25;19*6;36;27;34;26;17;38","5",""
1078,955.9623,945.36426,1310.0913,";;2;35;37;24;11;8;18;14;4;9*28;13;30;21;15;5;32*16;22;3;7;29;31;12;1*10;20;23;33;25;19*6;36;27;34;26;17;38","5",""
1079,960.64233,945.36426,1415.4133,";;2;35;37;24;11;8;18;14;4;9*28;13;30;21;15;10;32*16;22;3;7;29;31;12;1*5;20;23;33;25;19*6;36;27;34;26;17;38","5",""
1080,969.0379,945.36426,1342.1187,";;2;35;37;24;11;8;18;14;4;9*28;13;30;21;15;10;32*16;22;3;7;29;31;12;1*5;20;23;33;25;19*6;36;27;34;26;17;38","5",""
1081,970.7695,945.36426,1425.7368,";;2;35;37;24;11;8;18;14;4;9*28;13;30;21;15;10;32*16;22;3;7;29;31;12;1*5;20;23;33;25;19*6;36;27;34;26;17;38","5",""
1082,971.159,945.36426,1355.6561,";;2;35;37;24;11;8;18;14;4;9*28;13;30;21;15;10;32*16;22;3;7;29;31;12;1*5;20;23;33;25;19*6;36;27;34;26;17;38","5",""
1083,980.2427,945.36426,1365.6924,";;2;35;37;24;11;8;18;14;4;9*28;13;30;21;15;10;32*16;22;3;7;29;31;12;1*5;20;23;33;25;19*6;36;27;34;26;17;38","5",""
1084,965.62115,945.36426,1349.6243,";;2;35;37;24;11;8;18;14;4;9*28;13;30;20;15;10;32*16;22;3;7;29;31;12;1*5;21;23;33;25;19*6;36;27;34;26;17;38","5",""
1085,964.54626,945.36426,1260.9413,";;2;35;37;24;11;8;18;14;4;9*28;13;30;21;15;10;32*16;22;3;7;29;31;12;1*5;20;23;33;25;19*6;36;27;34;26;17;38","5",""
1086,983.539,945.36426,1381.8179,";;2;35;37;24;11;8;18;14;4;9*28;13;30;21;15;10;32*16;22;3;7;29;31;12;1*5;20;23;33;25;19*6;36;27;34;26;17;38","5",""
1087,975.02844,945.36426,1425.2108,";;2;35;37;24;11;8;18;14;4;9*28;13;30;21;15;10;32*16;22;3;7;29;31;12;1*5;20;23;33;25;19*6;36;27;34;26;17;38","5",""
1088,979.65393,945.36426,1390.4355,";;2;35;37;24;11;8;18;14;4;9*28;13;30;21;15;10;32*16;22;3;7;29;31;12;1*5;20;23;33;25;19*6;36;27;34;26;17;38","5",""
1089,978.87634,945.36426,1403.569,";;2;35;37;24;11;8;18;14;4;9*28;13;30;21;15;10;32*16;22;3;7;29;31;12;1*5;20;23;33;25;19*6;36;27;34;26;17;38","5",""
1090,960.4375,945.36426,1233.4205,";;2;35;37;24;11;8;18;14;4;9*28;13;30;21;15;10;32*16;22;3;7;29;31;12;1*5;20;23;33;25;19*6;36;27;34;26;17;38","5",""
1091,968.99304,945.36426,1360.5142,";;2;35;37;24;11;8;18;14;4;9*28;13;30;21;15;10;32*16;22;3;7;29;31;12;1*5;20;23;33;25;19*6;36;27;34;26;17;38","5",""
1092,964.76624,945.36426,1297.466,";;2;35;37;24;11;8;18;14;4;9*28;13;30;21;15;10;32*16;22;3;7;29;31;12;1*5;20;23;33;25;19*6;36;27;34;26;17;38","5",""
1093,961.3998,945.36426,1279.1827,";;2;35;37;24;11;8;18;14;4;9*28;13;30;21;15;10;32*16;22;3;7;29;31;12;1*5;20;23;33;25;19*6;36;27;34;26;17;38","5",""
1094,972.581,945.36426,1303.484,";;2;35;37;24;11;8;18;14;4;9*28;13;30;21;15;10;32*16;22;3;7;29;31;12;1*5;20;23;33;25;19*6;36;27;34;26;17;38","5",""
1095,968.2488,945.36426,1298.0004,";;2;35;37;24;11;8;18*23;4;9;28;13;30;21;15*10;32;16;22;3;7*29;31;12;1;5;20;14;33;25*19;6;36;27;34;26;17*38","6",""
1096,960.178,945.36426,1301.7277,";;2;35;37;24;11;8;18;14;4;9*28;13;30;21;15;10;32*16;22;3;7;29;31;12;1*5;20;23;33;25;19*6;36;27;34;26;17;38","5",""
1097,970.9024,945.36426,1281.1874,";;2;35;37;24;11;8;18;14;4;9*28;13;30;21;15;10;32*16;22;3;7;29;31;12;1*5;20;23;33;25;19*6;36;27;34;26;17;38","5",""
1098,968.12366,945.36426,1351.9104,";;2;35;37;24;11;8;18;14;4;9*28;13;30;21;15;10;32*16;22;3;7;29;31;12;1*5;20;23;33;25;19*6;36;27;34;26;17;38","5",""
1099,992.7255,945.36426,1417.5271,";;2;35;37;24;11;8;18;14;4;9*28;13;30;21;15;10;32*16;22;3;7;29;31;12;1*5;20;23;33;25;19*6;36;27;34;26;17;38","5",""
1100,994.5912,945.36426,1416.187,";;2;35;37;24;11;8;18;14;4;9*28;13;30;21;15;10;32*16;22;3;7;29;31;12;1*5;20;23;33;25;19*6;36;27;34;26;17;38","5",""
1101,962.806,945.36426,1491.2937,";;2;35;37;24;11;8;18;14;4;9*28;13;30;21;15;10;32*16;22;3;7;29;31;12;1*5;20;23;33;25;19*6;36;27;34;26;17;38","5",""
1102,965.11414,945.36426,1228.7787,";;2;35;37;24;11;8;18;14;4;9*28;13;30;21;15;10;32*16;22;3;7;29;31;12;1*5;20;23;33;25;19*6;36;27;34;26;17;38","5",""
1103,971.5324,945.36426,1416.187,";;2;35;37;24;11;8;18;14;4;9*28;13;30;21;15;10;32*16;22;3;7;29;31;12;1*5;20;23;33;25;19*6;36;27;34;26;17;38","5",""
1104,979.3406,945.36426,1327.4885,";;2;35;37;24;11;8;18;14;4;9*28;13;30;21;15;10;32*16;22;3;7;29;31;12;1*5;20;23;33;25;19*6;36;27;34;26;17;38","5",""
1105,971.4503,945.36426,1324.5282,";;2;35;37;24;11;8;18;14;4;9*28;13;30;21;15;10;32*16;22;3;7;29;31;12;1*5;20;23;33;25;19*6;36;27;34;26;17;38","5",""
1106,985.30475,945.36426,1487.3911,";;2;35;37;24;11;8;18;14;4;9*28;13;30;21;15;10;32*16;22;3;7;29;31;12;1*5;20;23;33;25;19*6;36;27;34;26;17;38","5",""
1107,976.6079,945.36426,1301.7277,";;2;35;37;24;11;8;18;14;4;9*28;13;30;21;15;10;32*16;22;3;7;29;31;12;1*5;20;23;33;25;19*6;36;27;34;26;17;38","5",""
1108,953.67865,945.36426,1238.1902,";;2;35;37;24;11;8;18;14;4;9*28;13;30;21;15;10;32*16;22;3;7;29;31;12;1*5;20;23;33;25;19*6;36;27;34;26;17;38","5",""
1109,965.9941,945.36426,1444.0874,";;36;35;37;24;11;8*18;14;4;9;28;13;30;21;15*10;32;16;22;3;7*29;31;12;1;5;20;23;33*25;19;6;2;27;34;26*17;38","6",""
1110,971.60767,945.36426,1491.2937,";;2;35;37;24;11;8;18;14;4;9*28;13;30;21;15;10;32*16;22;3;7;29;31;12;1*5;20;23;33;25;19*6;36;27;34;26;17;38","5",""
1111,978.1941,945.36426,1359.9888,";;2;35;37;24;11;8;18;14;4;9*28;13;30;21;15;10;32*16;22;3;7;29;31;12;1*5;20;23;33;25;19*6;36;27;34;26;17;38","5",""
1112,958.6741,945.36426,1313.2019,";;2;35;37;24;11;8;18;14;4;9*28;13;30;21;15;10;32*16;22;3;7;29;31;12;1*5;20;23;33;25;19*6;36;27;34;26;17;38","5",""
1113,968.62836,945.36426,1356.5265,";;2;35;37;24;11;8;18;14;4;9*28;13;30;21;15;10;32*16;22;3;7;29;31;12;1*5;20;23;33;25;19*6;36;27;34;26;17;38","5",""
1114,960.70435,945.36426,1386.3088,";;2;35;37;24;11;8;18;14;4;9*28;13;30;21;15;10;32*16;22;3;7;29;31;12;1*5;20;23;33;25;19*6;36;27;34;26;17;38","5",""
1115,962.87555,945.36426,1316.2646,";;2;35;37;24;11;8;18;14;4;9*28;13;30;21;15;10;32*16;22;3;7;29;31;12;1*5;20;23;33;25;19*6;36;27;34;26;17;38","5",""
1116,976.14557,945.36426,1525.1354,";;2;35;37;24;11;8;18;14;4;9*28;13;30;21;15;10;32*16;22;3;7;29;31;12;1*5;20;23;33;25;19*6;36;27;34;26;17;38","5",""
1117,976.9321,945.36426,1444.0874,";;2;35;37;24;11;8;18;14;4;9*28;13;30;21;15;10;32*16;22;3;7;29;31;12;1*5;20;23;33;25;19*6;36;27;34;26;17;38","5",""
1118,975.53534,945.36426,1366.2103,";;2;35;37;24;11;8;18;14;4;9*28;13;30;21;15;10;32*16;22;3;7;29;31;12;1*5;20;23;33;25;19*6;36;27;34;26;17;38","5",""
1119,967.2068,945.36426,1307.41,";;2;35;37;24;11;8;18;14;4;9*28;13;30;21;15;10;32*16;22;3;17;29;31;12;1*5;20;23;33;25;19*6;36;27;34;26*7;38","6",""
1120,973.52814,945.36426,1388.4341,";;2;35;37;24;11;8;18;14;4;9*28;13;30;21;15;10;32*16;22;3;7;29;31;12;1*5;20;23;33;25;19*6;36;27;34;26;17;38","5",""
1121,974.87994,945.36426,1310.6064,";;2;35;37;24;11;8;18;14;4;9*28;13;30;21;15;10;32*16;22;3;7;29;31;12;1*5;20;23;33;25;19*6;36;27;34;26;17;38","5",""
1122,963.72943,945.36426,1285.0648,";;2;35;37;24;11;8;18;14;4;9*28;13;30;21;15;10;32*16;22;3;7;29;31;12;1*5;20;23;33;25;19*6;36;27;34;26;17;38","5",""
1123,968.303,945.36426,1492.1642,";;2;35;37;24;11;8;18;14;4;9*28;13;30;21;15;10;32*16;22;3;7;29;31;12;1*5;20;23;33;25;19*6;36;27;34;26;17;38","5",""
1124,968.909,945.36426,1416.187,";;2;35;37;24;11;8;18;14;4;9*28;13;30;21;15;10;32*16;22;3;7;29;31;12;1*5;20;23;33;25;19*6;36;27;34;26;17;38","5",""
1125,961.0291,945.36426,1215.6306,";;2;35;37;24;11;8;18;14;4;9*28;13;30;21;15;10;32*16;22;3;7;29;31;12;1*5;20;23;33;25;19*6;36;27;34;26;17;38","5",""
1126,950.973,945.36426,1140.9614,";;2;35;37;24;11;8;18;14;4;9*28;13;30;21;15;10;32*16;22;3;7;29;31;12;1*5;20;23;33;25;19*6;36;27;34;26;17;38","5",""
1127,966.29663,945.36426,1331.2523,";;2;35;37;24;11;8;18;14;4;9*28;13;30;21;15;10;32*16;22;3;7;29;31;12;1*5;20;23;33;25;19*6;36;27;34;26;17;38","5",""
1128,981.77515,945.36426,1258.5048,";;2;35;37;24;11;8;18;14;4;9*28;13;30;21;15;10;32*16;22;3;7;29;31;12;1*5;20;23;33;25;19*6;36;27;34;26;17;38","5",""
1129,969.21313,945.36426,1362.887,";;2;35;37;24;11;8;18;14;4;9*28;13;30;21;15;10;32*16;22;3;7;29;31;12;1*5;20;23;33;25;19*6;36;27;34;26;17;38","5",""
1130,972.8039,945.36426,1360.5142,";;2;35;37;24;11;8;18;14;4;9*28;13;30;21;15;10;32*16;22;3;7;29;31;12;1*5;20;23;33;25;19*6;36;27;34;26;17;38","5",""
1131,968.1179,945.36426,1417.3473,";;2;35;37;24;11;8;18;14;4;9*28;13;30;21;15;10;32*16;22;3;7;29;31;12;1*5;20;23;33;25;19*6;36;27;34;26;17;38","5",""
1132,951.8781,945.36426,1273.4957,";;2;35;37;24;11;8;18;14;4;9*28;13;30;21;15;10;32*16;22;3;7;29;31;12;1*5;20;23;33;25;19*6;36;27;34;26;17;38","5",""
1133,967.78625,945.36426,1391.381,";;2;35;37;24;11;8;18;14;4;9*28;13;30;21;15;10;32*16;22;3;1;29;31;12;7*5;20;23;33;25;19*6;36;27;34;26;17;38","5",""
1134,968.5785,945.36426,1332.1228,";;2;35;37;24;11;8;18;14;4;9*28;13;30;21;15;10;32*16;22;3;7;29;31;12;1*5;20;23;33;25;19*6;36;27;34;26;17;38","5",""
1135,970.7886,945.36426,1386.7859,";;2;35;37;24;11;8;18;14;4;9*28;13;30;21;15;10;32*16;22;3;7;29;31;12;1*5;20;23;33;25;19*6;36;27;34;26;17;38","5",""
1136,967.0411,945.36426,1220.2357,";;2;35;37;24;11;8;18;14;4;9*28;13;30;21;15;10;32*16;22;3;7;29;31;12;1*5;20;23;33;25;19*6;36;27;34;26;17;38","5",""
1137,971.2495,945.36426,1292.2676,";;2;35;37;24;11;8;18;14;4;9*28;13;30;21;15;10;32*16;22;3;7;29;31;12;1*5;20;23;33;25;19*6;36;27;34;26;17;38","5",""
1138,976.801,945.36426,1488.2615,";;2;35;37;24;11;8;18;14;4;9*28;13;30;21;15;10;32*16;22;3;7;29;31;12;1*5;20;23;33;25;19*6;36;27;34;26;17;38","5",""
1139,966.6591,945.36426,1322.9912,";;2;35;37;24;11;8;18;14;4;9*28;13;30;21;15;10;32*16;22;3;7;29;31;12;1*5;20;23;33;25;19*6;36;27;34;26;17;38","5",""
1140,976.52405,945.36426,1349.6243,";;2;35;37;24;11;8;18;14;4;9*28;13;30;21;15;10;32*16;22;3;7;29;31;12;1*5;20;23;33;25;19*6;36;27;34;26;17;38","5",""
1141,985.5407,945.36426,1488.2615,";;2;35;37;24;11;8;18;14;4;9*28;13;30;21;15;10;32*16;22;3;7;29;31;12;1*5;20;23;33;25;19*6;36;27;34;26;17;38","5",""
1142,984.62225,945.36426,1357.9598,";;2;35;37;24;11;8;18;14;4;9*28;13;30;21;15;10;32*16;22;3;7;29;31;12;1*5;20;23;33;25;19*6;36;27;34;26;17;38","5",""
1143,959.7129,945.36426,1270.1581,";;2;35;37;24;11;8;18;14;4;9*28;13;30;21;15;10;32*16;22;3;7;29;31;12;1*5;20;23;33;25;19*6;36;27;34;26;17;38","5",""
1144,975.43005,945.36426,1419.0338,";;2;35;37;24;11;8;18;14;4;9*28;13;30;21;15;10;32*16;22;3;7;29;31;12;1*5;20;23;33;25;19*6;36;27;34;26;17;38","5",""
1145,976.8134,945.36426,1525.817,";;2;35;37;24;11;8;18;14;4;9*28;13;30;21;15;10;32*16;22;3;7;29;31;12;1*5;20;23;33;25;19*6;36;27;34;26;17;38","5",""
1146,962.45703,945.36426,1415.4133,";;2;35;37;24;11;8;18;14;4;9*28;13;30;21;15;10;32*16;22;3;7;29;31;12;1*5;20;23;33;25;19*6;36;27;34;26;17;38","5",""
1147,963.2239,945.36426,1327.3477,";;2;35;37;24;11;8;18;14;4;9*28;13;30;21;15;10;32*16;22;3;7;29;31;12;1*5;20;23;33;25;19*6;36;27;34;26;17;38","5",""
1148,984.2654,945.36426,1432.9923,";;2;35;37;24;11;8;18;14;4;9*28;13;30;21;15;10;32*16;22;3;7;29;31;12;1*5;20;23;33;25;19*6;36;27;34;26;17;38","5",""
1149,960.29706,945.36426,1390.4355,";;2;35;37;24;11;8;18;14;4;9*28;13;30;21;15;10;32*16;22;3;7;29;31;12;1*5;20;23;33;25;19*6;36;27;34;26;17;38","5",""
1150,964.6778,945.36426,1303.484,";;2;35;37;24;11;8;18;14;4;9*28;13;30;21;15;10;32*16;22;3;7;29;31;12;1*5;20;23;33;25;19*6;36;27;34;26;17;38","5",""
1151,962.0636,945.36426,1417.8253,";;2;35;37;24;11;8;18;14;4;9*28;13;30;21;15;10;32*16;22;3;7;29;31;12;1*5;20;23;33;25;19*6;36;27;34;26;17;38","5",""
1152,970.2302,945.36426,1310.0913,";;2;35;37;24;11;8;18;14;4;9*28;13;30;21;15;10;32*16;33;3;7;29;31*12;1;5;20;23;22;25;19*6;36;27;34;26;17;38","5",""
1153,967.2047,945.36426,1386.7859,";;2;35;37;24;11;8;18;14;4;9*28;13;30;21;15;10;32*16;22;3;7;29;31;12;1*5;20;23;33;25;19*6;36;27;34;26;17;38","5",""
1154,972.44135,945.36426,1310.1367,";;19;35;37;24;11;8;18;14;4;9*28;13;30;21;15;10;32*16;22;3;7;29;31;12;1*5;20;23;33;25;2*6;36;27;34;26;17;38","5",""
1155,973.9604,945.36426,1444.0874,";;2;35;37;24;11;8;18;14;4;9*28;13;30;21;15;10;32*16;22;3;7;29;31;12;1*5;20;23;33;25;19*6;36;27;34;26;17;38","5",""
1156,975.9857,945.36426,1298.0004,";;2;35;37;24;11;8;18;14;4;9*28;13;30;21;15;10;32*16;22;3;7;29;31;12;1*5;20;23;33;25;19*6;36;27;34;26;17;38","5",""
1157,973.1023,945.36426,1518.5939,";;2;35;37;24;11;8;18;14;4;9*28;13;30;21;15;31;32;16;22*3;7;29;10;12;1*5;20;23;33;25;19*6;36;27;34;26;17;38","5",""
1158,958.7555,945.36426,1374.8118,";;2;35;37;24;11;8;18;14;4;9*28;13;30;21;15;10;32*16;22;3;7;29;31;12;1*5;20;23;33;25;19*6;36;27;34;26;17;38","5",""
1159,977.57623,945.36426,1374.8118,";;2;36;37;24;11;8*18;14;4;9;28;13;30;21;15*10;32;16;22;3;7*29;31;12;1;5;20;23;33*25;19;6;35;27;34;26*17;38","6",""
1160,959.2684,945.36426,1220.1584,";;2;35;37;24;11;8;18;14;4;9*28;13;30;21;15;10;32*16;22;3;7;29;31;12;1*5;20;23;33;25;19*6;36;27;34;26;17;38","5",""
1161,966.44354,945.36426,1273.2815,";;2;35;37;24;11;8;18;14;4;9*28;13;30;21;15;10;32*16;22;3;7;29;31;12;1*5;20;23;33;25;19*6;36;27;34;26;17;38","5",""
1162,980.34076,945.36426,1519.4644,";;2;35;37;24;11;8;18;14;4;9*28;13;30;21;15;10;32*16;22;3;7;29;31;12;1*5;20;23;33;25;19*6;36;27;34;26;17;38","5",""
1163,972.5365,945.36426,1243.6093,";;2;35;37;24;11;8;18;14;4;9*28;13;30;21;15;10;32*16;22;3;7;29;31;12;1*5;20;23;33;25;19*6;36;27;34;26;17;38","5",""
1164,962.6378,945.36426,1292.8584,";;2;35;37;24;11;8;18;14;4;9*28;13;30;21;15;10;32*16;22;3;7;29;31;12;1*5;20;23;33;25;19*6;36;27;34;26;17;38","5",""
1165,960.93915,945.36426,1274.9393,";;2;35;37;24;11;8;18;14;4;9*28;13;30;21;15;10;32*16;22;3;7;29;31;12;1*5;20;23;33;25;19*6;36;27;34;26;17;38","5",""
1166,974.52344,945.36426,1340.0631,";;2;35;37;24;11;8;18;14;4;9*28;13;30;21;15;10;32*16;22;3;7;29;31;12;1*5;20;23;33;25;19*6;36;27;34;26;17;38","5",""
1167,978.7898,945.36426,1340.1925,";;2;35;37;24;11;8;18;14;4;9*28;13;30;21;15;10;32*16;22;3;7;29;31;12;1*5;20;23;33;25;19*6;36;27;34;26;17;38","5",""
1168,988.3131,945.36426,1518.5939,";;2;35;37;24;11;8;18;14;4;9*28;13;30;21;15;10;32*16;22;3;7;29;31;12;1*5;20;23;33;25;19*6;36;27;34;26;17;38","5",""
1169,974.7481,945.36426,1371.1919,";;2;35;37;24;11;8;18;14;4;9*28;13;30;21;15;10;32*16;22;3;7;29;31;12;1*5;20;23;33;25;19*6;36;27;34;26;17;38","5",""
1170,978.0726,945.36426,1525.1354,";;2;35;37;24;11;8;18;14;4;9*28;13;30;21;15;10;32*16;22;3;7;29;31;12;1*5;20;23;33;25;19*6;36;27;34;26;17;38","5",""
1171,958.5633,945.36426,1267.0103,";;2;35;37;24;11;8;18;14;4;9*28;13;30;21;15;10;32*16;22;3;7;29;31;12;1*5;20;23;33;25;19*6;36;27;34;26;17;38","5",""
1172,974.28674,945.36426,1385.4384,";;2;35;37;24;11;8;18;14;4;9*28;13;30;21;15;10;32*16;22;3;7;29;31;12;1*5;20;23;33;25;19*6;36;27;34;26;17;38","5",""
1173,966.2302,945.36426,1332.1228,";;2;35;37;24;11;8;18;14;4;9*28;13;30;21;15;10;32*16;22;3;7;29;31;12;1*5;20;23;33;25;19*6;36;27;34;26;17;38","5",""
1174,954.0295,945.36426,1235.017,";;2;35;37;24;11;8;18;14;4;9*28;13;30;21;15;10;32*16;22;3;7;29;31;12;1*5;20;23;33;25;19*6;36;27;34;26;17;38","5",""
1175,981.7658,945.36426,1307.9758,";;2;35;37;24;11;8;18;14;4;9*28;13;30;21;15;10;32*16;22;3;7;29;31;12;1*5;20;23;33;25;19*6;36;27;34;26;17;38","5",""
1176,967.29486,945.36426,1315.5071,";;2;35;37;24;11;8;18;14;4;9*28;13;30;21;15;10;32*16;22;3;7;29;31;12;1*5;20;23;33;25;19*6;36;27;34;26;17;38","5",""
1177,969.22705,945.36426,1403.569,";;2;35;37;24;11;8;18;14;4;9*28;13;30;21;15;10;32*16;22;3;7;29;31;12;1*5;20;23;33;25;19*6;36;27;34;26;17;38","5",""
1178,969.73224,945.36426,1254.4568,";;2;35;37;24;11;8;18;14;4;9*28;13;30;21;15;10;32*16;22;3;7;29;31;12;1*5;20;23;33;25;19*6;36;27;34;26;17;38","5",""
1179,969.8226,945.36426,1285.7301,";;2;35;37;24;11;8;18;14;4;9*28;13;30;21;15;10;32*16;22;3;7;29;31;12*6;5;20;23;33*25;19;1;36;27;34;26;17;38","5",""
1180,965.5798,945.36426,1267.4833,";;2;35;37;24;11;8;18;14;4;9*28;13;30;21;15;10;32*16;22;3;7;29;31;12;1*5;20;23;33;25;19*6;36;27;34;26;17;38","5",""
1181,964.7625,945.36426,1340.0631,";;2;35;37;24;11;8;18;14;4;9*28;13;30;21;15;10;32*16;22;3;7;29;31;12;1*5;20;23;33;25;19*6;36;27;34;26;17;38","5",""
1182,974.28314,945.36426,1400.8604,";;2;35;37;24;11;8;18;14;4;9*28;13;30;21;15;10;32*16;22;3;7;29;31;12;1*5;20;23;33;25;19*6;36;27;34;26;17;38","5",""
1183,978.39795,945.36426,1432.9923,";;2;35;37;24;11;8;18;14;4;9*28;13;30;21;15;10;32*16;22;3;7;29;31;12;1*5;20;23;33;25;19*6;36;27;34;26;17;38","5",""
1184,967.1902,945.36426,1301.9851,";;2;35;37;24;11;8;18;14;4;9*28;13;30;21;15;10;32*16;22;3;7;29;31;12;1*5;20;23;33;25;19*6;36;27;34;26;17;38","5",""
1185,969.95013,945.36426,1360.5142,";;2;35;37;24;11;8;18;14;4;9*28;13;30;21;15;10;32*16;22;3;7;29;31;12;1*5;20;23;33;25;19*6;36;27;34;26;17;38","5",""
1186,952.5486,945.36426,1273.3414,";;2;35;37;24;11;8;18;14;4;9*28;13;30;21;15;10;32*16;22;3;7;29;31;12;1*5;20;23;33;25;19*6;36;27;34;26;17;38","5",""
1187,977.21967,945.36426,1389.3046,";;2;35;37;24;11;8;18;14;4;9*28;13;30;21;15;10;32*16;22;3;7;29;31;12;1*5;20;23;33;25;19*6;36;27;34;26;17;38","5",""
1188,979.3985,945.36426,1419.9043,";;2;35;37;24;11;8;18;14;4;9*28;13;30;21;15;10;32*16;22;3;7;29;31;12;1*5;20;23;33;25;19*6;36;27;34;26;17;38","5",""
1189,1001.1108,945.36426,1385.4384,";;2;35;37;24;11;8;18;14;4;9*28;13;30;21;15;10;32*16;22;3;7;29;31;12;1*5;20;23;33;25;19*6;36;27;34;26;17;38","5",""
1190,969.1964,945.36426,1355.7675,";;2;35;37;24;11;8;18;14;4;9*28;13;30;21;15;10;32*16;22;3;7;29;31;12;1*5;20;23;33;25;19*6;36;27;34;26;17;38","5",""
1191,959.5529,945.36426,1268.3733,";;2;35;37;24;11;8;18;14;4;9*28;13;30;21;15;10;32*16;22;3;7;29;31;12;1*5;20;23;33;25;19*6;36;27;34;26;17;38","5",""
1192,963.16284,945.36426,1393.6241,";;2;35;37;24;11;8;18;14;4;9*28;13;30;21;15;10;32*16;22;3;7;29;31;12;1*5;20;23;33;25;19*6;36;27;34;26;17;38","5",""
1193,981.4779,945.36426,1357.9598,";;2;35;37;24;11;8;18;14;4;9*28;13;30;21;15;10;32*16;22;3;7;29;31;12;1*5;20;23;33;25;19*6;36;27;34;26;17;38","5",""
1194,961.8508,945.36426,1295.0596,";;2;35;37;24;11;8;18;14;4;9*28;13;30;21;15;10;32*16;22;3;7;29;31;12;1*5;20;23;33;25;19*6;36;27;34;26;17;38","5",""
1195,979.46875,945.36426,1524.265,";;2;35;37;24;11;8;18;14;4;9*28;13;30;21;15;10;32*16;22;3;7;29;31;12;1*5;20;23;33;25;19*6;36;27;34;26;17;38","5",""
1196,980.3768,945.36426,1440.8508,";;2;35;37;24;11;8;18;14;4;9*28;13;30;21;15;10;32*16;22;3;7;29;31;12;1*5;20;23;33;25;19*6;36;27;34;26;17;38","5",""
1197,961.2629,945.36426,1359.9888,";;2;35;37;24;11;8;18;14;4;9*28;13;30;21;15;10;32*16;22;3;38;29;31;12;1;5*20;23;33;25;19;6*36;27;34;26;17;7","5",""
1198,970.5811,945.36426,1491.2937,";;2;35;37;24;11;8;18;14;4;9*28;13;30;21;15;10;32*16;22;3;7;29;31;12;1*5;20;23;33;25;19*6;36;27;34;26;17;38","5",""
1199,963.5792,945.36426,1298.0004,";;2;35;37;24;11;8;18;14;4;9*28;13;30;21;15;10;32*16;22;3;7;29;31;12;1*5;20;23;33;25;19*6;36;27;34;26;17;38","5",""
1200,964.9152,945.36426,1487.3911,";;2;35;37;24;11;8;18;14;4;9*28;13;30;21;15;10;32*16;22;3;7;29;31;12;1*5;20;23;33;25;19*6;36;27;34;26;17;38","5",""
1201,963.9659,945.36426,1351.3076,";;2;35;37;24;11;8;18;14;4;9*28;13;30;21;15;10;32*16;22;3;7;29;31;12;1*5;20;23;33;25;19*6;36;27;34;26;17;38","5",""
1202,966.8945,945.36426,1315.5071,";;2;35;37;24;11;8;18;14;4;9*28;13;30;21;15;10;32*16;22;3;7;29;31;12;1*5;20;23;33;25;19*6;36;27;34;26;17;38","5",""
1203,967.1674,945.36426,1331.2523,";;2;35;37;24;11;8;18;14;4;9*28;13;30;21;15;10;32*16;22;3;7;29;31;12;1*5;20;23;33;25;19*6;36;27;34;26;17;38","5",""
1204,962.5902,945.36426,1258.5881,";;2;35;37;24;11;8;18;14;4;9*28;13;30;21;15;10;32*16;22;3;7;29;31;12;1*5;20;23;33;25;19*6;36;27;34;26;17;38","5",""
1205,993.24615,945.36426,1390.4355,";;2;35;37;24;11;8;18;14;4;9*28;13;30;21;15;10;32*16;22;3;7;29;31;12;1*5;20;23;33;25;19*6;36;27;34;26;17;38","5",""
1206,964.45154,945.36426,1230.3213,";;2;35;37;24;11;8;18;14;4;9*28;13;30;21;15;10;32*16;22;3;7;29;31;12;1*5;20;23;33;25;19*6;36;27;34;26;17;38","5",""
1207,955.95935,945.36426,1382.6884,";;2;35;37;24;11;8;18;14;4;9*28;13;30;21;15;10;32*16;22;3;7;29;31;12;1*5;20;23;33;25;19*6;36;27;34;26;17;38","5",""
1208,972.00226,945.36426,1296.9669,";;2;35;37;24;11;8;18;14;4;9*28;13;30;21;15;10;32*16;22;3;7;29;31;12;1*5;20;23;33;25;19*6;36;27;34;26;17;38","5",""
1209,960.00397,945.36426,1255.0352,";;2;35;37;24;11;8;18;14;4;9*28;13;30;21;15;10;32*16;22;3;7;29;31;12;1*5;20;23;33;25;19*6;36;27;34;26;17;38","5",""
1210,956.59485,945.36426,1239.1544,";;2;35;37;24;11;8;18;14;4;9*28;13;30;21;15;10;32*16;22;3;7;29;31;12;1*5;20;23;33;25;19*6;36;27;34;26;17;38","5",""
1211,988.83154,945.36426,1355.7675,";;2;35;37;24;11;8;18;14;4;9*28;13;30;21;15;10;32*16;22;3;7;29;31;12;1*5;20;23;33;25;19*6;36;27;34;26;17;38","5",""
1212,979.50214,945.36426,1354.8229,";;2;35;37;24;11;8;18;14;4;9*28;13;30;21;15;10;32*16;22;3;7;29;31;12;1*5;20;23;33;25;19*6;36;27;34;26;17;38","5",""
1213,981.1258,945.36426,1525.1354,";;2;35;37;24;11;8;18;14;4;9*28;13;30;21;15;10;32*16;22;3;7;29;31;12;1*5;20;23;33;25;19*6;36;27;34;26;17;38","5",""
1214,975.04865,945.36426,1317.285,";;2;35;37;24;11;8;18;14;4;9*28;13;30;21;15;10;32*16;22;3;7;29;31;12;1*5;20;23;33;25;19*6;36;27;34;26;17;38","5",""
1215,996.14276,945.36426,1371.1919,";;2;35;37;24;11;8;18;14;4;9*28;13;30;21;15;10;32*16;22;3;7;29;31;12;1*5;20;23;33;25;19*6;36;27;34;26;17;38","5",""
1216,977.5859,945.36426,1426.6072,";;2;35;37;24;11;8;18;14;4;9*28;13;30;21;15;10;32*16;22;3;7;29;31;12;1*5;20;23;33;25;19*6;36;27;34;26;17;38","5",""
1217,971.8027,945.36426,1285.0648,";;2;35;37;24;11;8;18;14;4;9*28;13;30;21;15;10;32*16;22;3;7;29;31;12;1*5;20;23;33;25;19*6;36;27;34;26;17;38","5",""
1218,963.71204,945.36426,1217.5635,";;2;35;37;24;11;8;18;14;4;9*28;13;30;21;15;10;32*16;22;3;7;29;31;12;1*5;20;23;33;25;19*6;36;27;34;26;17;38","5",""
1219,966.9654,945.36426,1291.9879,";;2;35;37;24;11;8;18;14;4;9*28;13;30;21;15;10;32*16;22;3;7;29;31;12;1*5;20;23;33;25;19*6;36;27;34;26;17;38","5",""
1220,956.69635,945.36426,1341.063,";;2;35;37;24;11;8;18;14;4;9*28;13;30;21;15;10;32*16;22;3;7;29;31;12;1*5;20;23;33;25;19*6;36;27;34;26;17;38","5",""
1221,978.2145,945.36426,1425.7368,";;2;35;37;24;11;8;18;14;4;9*28;13;30;21;15;10;32*16;22;3;7;29;31;12;1*5;20;23;33;25;19*6;36;27;34;26;17;38","5",""
1222,963.238,945.36426,1194.7482,";;2;35;37;24;11;8;18;14;4;9*28;13;30;21;15;10;32*16;22;3;7;29;31;12;1*5;20;23;33;25;19*6;36;27;34;26;17;38","5",""
1223,970.35876,945.36426,1362.887,";;2;35;37;24;11;8;18;14;4;9*28;13;30;21;15;10;32*16;22;3;7;29;31;12;1*5;20;23;33;25;19*6;36;27;34;26;17;38","5",""
1224,977.7704,945.36426,1433.8627,";;2;35;37;24;11;8;18;14;4;9*28;13;30;21;15;10;32*16;22;3;7;29;31;12;1*5;20;23;33;25;19*6;36;27;34;26;17;38","5",""
1225,973.0175,945.36426,1355.7675,";;2;35;37;24;11;8;18;14;4;9*28;13;30;21;15;10;32*16;22;3;7;29;31;12;1*5;20;23;33;25;19*6;36;27;34;26;17;38","5",""
1226,979.24945,945.36426,1390.4355,";;2;35;37;24;11;8;18;14;4;9*28;13;30;21;15;10;32*16;22;3;7;29;31;12;1*5;20;23;33;25;19*6;36;27;34;26;17;38","5",""
1227,966.9265,945.36426,1358.6194,";;2;35;37;24;11;8;18;14;4;9*28;13;30;21;15;10;32*16;22;3;7;29;31;12;1*5;20;23;33;25;19*6;36;27;34;26;17;38","5",""
1228,963.7321,945.36426,1300.3612,";;2;35;37;24;11;8;18;14;4;9*28;13;30;21;15;10;32*16;22;3;7;29;31;12;1*5;20;23;33;25;19*6;36;27;34;26;17;38","5",""
1229,976.6161,945.36426,1342.5906,";;2;35;37;24;11;8;18;14;4;9*28;13;30;21;15;10;32*16;22;3;7;29;31;12;1*5;20;23;33;25;19*6;36;27;34;26;17;38","5",""
1230,967.8248,945.36426,1333.4033,";;2;35;37;24;11;8;18;14;4;9*28;13;30;21;15;10;32*16;22;3;7;29;31;12;1*5;20;23;33;25;19*6;36;27;34;26;17;38","5",""
1231,963.76636,945.36426,1189.4325,";;2;35;37;24;11;8;18;14;4;9*28;5;30;21;15;10;32*16;22;3;7;29;31;12;1*13;20;23;33;25;19*6;36;27;34;26;17;38","5",""
1232,970.9163,945.36426,1400.8604,";;2;35;37;24;11;8;18;14;4;9*28;13;30;21;15;10;32*16;22;3;7;29;31;12;1*5;20;23;33;25;19*6;36;27;34;26;17;38","5",""
1233,982.1937,945.36426,1371.4297,";;2;35;37;24;11;8;18;14;4;9*28;13;30;21;15;10;32*16;22;3;7;29;31;12;1*5;20;23;33;25;19*6;36;27;34;26;17;38","5",""
1234,979.52893,945.36426,1302.6005,";;2;35;37;24;11;8;18;14;4;9*28;13;30;21;15;10;32*16;22;3;7;29;31;12;1*5;20;23;33;25;19*6;36;27;34;26;17;38","5",""
1235,975.36365,945.36426,1360.5142,";;2;35;37;24;11;8;18;14;4;9*28;13;30;21;15;10;32*16;22;3;7;29;31;12;1*5;20;23;33;25;19*6;36;27;34;26;17;38","5",""
1236,962.20044,945.36426,1415.4133,";;2;35;37;24;11;8;18;14;4;9*28;13;30;21;15;10;32*16;22;3;7;29;31;12;1*5;20;23;33;25;19*6;36;27;34;26;17;38","5",""
1237,955.2431,945.36426,1292.8584,";;2;35;37;24;11;8;18;14;4;9*28;13;30;21;15;10;32*16;22;3;7;29;31;12;1*5;20;23;33;25;19*6;36;27;34;26;17;38","5",""
1238,963.4641,945.36426,1309.4856,";;2;35;37;24;11;8;18;14;4;9*28;13;30;21;15;10;32*16;22;3;7;29;31;12;1*5;20;23;33;25;19*6;36;27;34;26;17;38","5",""
1239,973.3044,945.36426,1415.4133,";;2;35;37;24;11;8;18;14;4;9*28;13;30;21;15;10;32*16;22;3;7;29;31;12;1*5;20;23;33;25;19*6;36;27;34;26;17;38","5",""
1240,961.93365,945.36426,1351.9104,";;2;35;37;24;11;8;18;14;4;9*28;13;30;21;15;10;32*16;22;3;7;29;31;12;1*5;20;23;33;25;19*6;36;27;34;26;17;38","5",""
1241,967.5338,945.36426,1310.6064,";;2;35;37;24;11;8;18;14;4;9*28;13;30;21;15;10;32*16;22;3;7;29;31;12;1*5;20;23;33;25;19*6;36;27;34;26;17;38","5",""
1242,970.78204,945.36426,1337.9281,";;2;35;37;24;11;8;18;14;4;9*28;13;30;21;15;10;32*16;22;3;7;29;31;12;1*5;20;23;33;25;19*6;36;27;34;26;17;38","5",""
1243,976.70544,945.36426,1351.9104,";;2;35;37;24;11;8;18;14;4;9*28;13;30;21;15;10;32*16;22;3;7;29;31;12;1*5;20;23;33;25;19*6;36;27;34;26;17;38","5",""
1244,959.3248,945.36426,1349.6243,";;2;35;37;24;11;8;18;14;4;9*28;13;30;21;15;10;32*16;22;3;7;29;31;12;1*5;20;23;33;25;19*6;36;27;34;26;17;38","5",""
1245,965.30414,945.36426,1340.1925,";;2;35;37;24;11;8;18;14;4;9*28;13;30;21;15;10;32*16;22;3;7;29;31;12;1*5;20;23;33;25;19*6;36;27;34;26;17;38","5",""
1246,966.03357,945.36426,1263.7096,";;2;35;37;24;11;8;18;14;4;9*28;13;30;21;15;10;32*16;22;3;7;29;31;12;1*5;20;23;33;25;19*6;36;27;34;26;17;38","5",""
1247,973.9437,945.36426,1316.2646,";;2;35;37;24;11;8;18;14;4;9*28;13;30;21;15;10;32*16;22;3;7;29;31;12;1*5;20;23;33;25;19*6;36;27;34;26;17;38","5",""
1248,974.31714,945.36426,1323.5714,";;2;35;37;24;11;8;18;14;4;9*28;13;30;21;15;10;32*16;22;3;7;29;31;12;1*5;20;23;33;25;19*6;36;27;34;26;17;38","5",""
1249,978.7361,945.36426,1417.5271,";;2;35;37;24;11;8;18;14;4;9*28;13;30;21;15;10;32*16;22;3;7;29;31;12;1*5;20;23;33;25;19*6;36;27;34;26;17;38","5",""
1250,962.2643,945.36426,1251.4291,";;2;35;37;24;11;8;18;14;4;9*28;13;30;21;15;10;32*16;22;3;7;29;31;12;1*5;20;23;33;25;19*6;36;27;34;26;17;38","5",""
1251,980.9172,945.36426,1391.381,";;2;35;37;24;11;8;18;14;4;9*28;13;30;21;15;10;32*16;22;3;7;29;31;12;1*5;20;23;33;25;19*6;36;27;34;26;17;38","5",""
1252,966.5215,945.36426,1285.0648,";;2;35;37;24;11;8;18;14;4;9*28;13;30;21;15;10;32*16;22;3;7;29;31;12;1*5;20;23;33;25;19*6;36;27;34;26;17;38","5",""
1253,956.4153,945.36426,1276.8938,";;2;35;37;24;11;8;18;14;4;9*28;13;30;21;15;10;32*16;22;3;7;29;31;12;1*5;20;23;33;25;19*6;36;27;34;26;17;38","5",""
1254,969.44727,945.36426,1425.2108,";;2;35;37;24;11;8;18;14;4;9*28;13;30;21;15;10;32*16;22;3;7;29;31;12;1*5;20;23;33;25;19*6;36;27;34;26;17;38","5",""
1255,958.8457,945.36426,1323.5714,";;2;35;37;24;11;8;18;14;4;9*28;13;30;21;15;10;32*16;22;3;7;29;31;12;1*5;20;23;33;25;19*6;36;27;34;26;17;38","5",""
1256,967.17505,945.36426,1340.0631,";;2;35;37;24;11;8;18;14;4;9*28;13;30;21;15;10;32*16;22;3;7;29;31;12;1*5;20;23;33;25;19*6;36;27;34;26;17;38","5",""
1257,957.2954,945.36426,1525.1354,";;2;35;37;24;11;8;18;14;4;9*28;13;30;21;15;10;32*16;22;3;7;29;31;12;1*5;20;23;33;25;19*6;36;27;34;26;17;38","5",""
1258,972.00806,945.36426,1371.1919,";;2;35;37;24;11;8;18;14;4;9*28;13;30;21;15;10;32*16;22;3;7;29;31;12;1*5;20;23;33;25;19*6;36;27;34;26;17;38","5",""
1259,973.779,945.36426,1284.3015,";;2;35;37;24;11;8;18;14;4;9*28;13;30;21;15;10;32*16;22;3;7;29;31;12;1*5;20;23;33;25;19*6;36;27;34;26;17;38","5",""
1260,979.81995,945.36426,1479.0371,";;2;35;37;24;11;8;18;14;4;9*28;13;30;21;15;10;32*16;22;3;7;29;31;12;1*5;20;23;33;25;19*6;36;27;34;26;17;38","5",""
1261,965.675,945.36426,1440.8508,";;2;35;37;24;11;8;18;12;4;9*28;13;30;21;15;10;32*16;22;3;7;29;31;14;1*5;20;23;33;25;19*6;36;27;34;26;17;38","5",""
1262,971.6245,945.36426,1425.7368,";;2;35;37;24;11;8;18;14;4;9*28;13;30;21;15;10;32*16;22;3;7;29;31;12;1*5;20;23;33;25;19*6;36;27;34;26;17;38","5",""
1263,966.04065,945.36426,1388.4341,";;2;35;37;24;11;8;18;14;4;9*28;13;30;21;15;10;32*16;22;3;7;29;31;12;1*5;20;23;33;25;19*6;36;27;34;26;17;38","5",""
1264,976.90643,945.36426,1388.4341,";;2;35;37;24;11;8;18;14;4;9*28;13;30;21;15;10;32*16;22;3;7;29;31;12;1*5;20;23;33;25;19*6;36;27;34;26;17;38","5",""
1265,983.2151,945.36426,1419.9043,";;2;35;37;24;11;8;18;14;4;9*28;13;30;21;15;10;32*16;22;3;7;29;31;12;1*5;20;23;33;25;19*6;36;27;34;26;17;38","5",""
1266,958.8793,945.36426,1211.0892,";;2;35;37;24;11;8;18;14;4;9*28;13;30;21;15;10;32*16;22;3;7;29;31;12;1*5;20;23;33;25;19*6;36;27;34;26;17;38","5",""
1267,968.23016,945.36426,1323.5714,";;2;35;37;24;11;8;18;14;4;9*28;13;30;21;15;10;32*16;22;3;7;29;31;12;1*5;20;23;33;25;19*6;36;27;34;26;17;38","5",""
1268,982.6839,945.36426,1274.1519,";;2;35;37;24;11;8;18;14;4;9*28;13;30;21;15;10;32*16;22;3;7;29;31;12;1*5;20;23;33;25;19*6;36;27;34;26;17;38","5",""
1269,968.9407,945.36426,1350.4136,";;2;35;37;24;11;8;18;14;4;9*28;13;30;21;15;10;32*16;22;3;7;29;31;12;1*5;20;23;33;25;19*6;36;27;34;26;17;38","5",""
1270,952.9487,945.36426,1197.0686,";;2;35;37;24;11;8;18;14;4;9*28;13;30;21;15;10;32*16;22;3;7;29;31;12;1*5;20;23;33;25;19*6;36;27;34;26;17;38","5",""
1271,979.6998,945.36426,1333.4033,";;2;35;37;24;11;8;18;14;4;9*28;13;30;21;15;10;32*16;22;3;7;29;31;12;1*5;20;23;33;25;19*6;36;27;34;26;17;38","5",""
1272,969.1515,945.36426,1380.1342,";;2;35;37;24;11;8;18;14;4;9*28;13;30;21;15;10;32*16;22;3;7;29;31;12;1*5;20;23;33;25;19*6;36;27;34;26;17;38","5",""
1273,962.5627,945.36426,1361.3845,";;2;35;37;24;11;8;18;14;4;9*28;13;30;21;15;10;32*16;22;3;7;29;31;12;1*5;20;23;33;25;19*6;36;27;34;26;17;38","5",""
1274,967.64154,945.36426,1355.7675,";;2;35;37;24;11;8;18;14;4;9*28;13;30;21;15;10;32*16;22;3;7;29;31;12;1*5;20;23;33;25;19*6;36;27;34;26;17;38","5",""
1275,981.674,945.36426,1346.5997,";;2;35;37;24;11;8;18;14;4;9*28;13;30;21;15;10;32*16;22;3;7;29;31;12;1*5;20;23;33;25;19*6;36;27;34;26;17;38","5",""
1276,970.15265,945.36426,1374.8118,";;2;35;37;24;11;8;18;14;4;9*28;13;30;21;15;10;32*16;22;3;7;29;31;12;1*5;20;23;33;25;19*6;36;27;34;26;17;38","5",""
1277,960.37256,945.36426,1280.7476,";;2;35;37;24;11;8;18;14;4;9*28;13;30;21;15;10;32*16;22;3;7;29;31;12;1*5;20;23;33;25;19*6;36;27;34;26;17;38","5",""
1278,979.53827,945.36426,1426.6072,";;2;35;37;24;11;8;18;14;4;9*28;13;30;21;15;10;32*16;22;3;7;29;31;12;1*5;20;23;33;25;19*6;36;27;34;26;17;38","5",""
1279,964.68005,945.36426,1343.146,";;2;35;37;24;11;8;18;14;4;9*28;13;30;21;15;10;32*16;22;3;7;29;31;12;1*5;20;23;33;25;19*6;36;27;34;26;17;38","5",""
1280,982.6046,945.36426,1386.7859,";;2;35;37;24;11;8;18;14;4;9*28;13;30;21;15;10;32*16;22;3;7;29;31;12;1*5;20;23;33;25;19*6;36;27;34;26;17;38","5",""
1281,966.707,945.36426,1353.9525,";;2;35;37;24;11;8;18;14;4;9*28;13;30;21;15;10;32*16;22;3;7;29;31;12;1*5;20;23;33;25;19*6;36;27;34;26;17;38","5",""
1282,971.3122,945.36426,1316.2646,";;2;35;37;24;11;8;18;14;4;9*28;13;30;21;15;10;32*16;22;3;7;29;31;12;1*5;20;23;33;25;19*6;36;27;34;26;17;38","5",""
1283,976.4537,945.36426,1307.9758,";;2;35;37;24;11;8;18;14;4;9*28;13;30;21;15;10;32*16;22;3;7;29;31;12;1*5;20;23;33;25;19*6;36;27;34;26;17;38","5",""
1284,975.4919,945.36426,1403.569,";;2;35;37;24;11;8;18;14;4;9*28;13;30;21;15;10;32*16;22;3;7;29;31;12;1*5;20;23;33;25;19*6;36;27;34;26;17;38","5",""
1285,983.3821,945.36426,1419.6803,";;2;35;37;24;11;8;18;14;4;9*28;13;30;21;15;10;32*16;22;3;7;29;31;12;1*5;20;23;33;25;19*6;36;27;34;26;17;38","5",""
1286,967.7566,945.36426,1353.8156,";;2;35;37;24;11;8;18;14;33*9;28;13;30;21;15;10;32*16;22;3;7;29;31;12;1*5;20;23;4;25;19*6;36;27;34;26;17;38","5",""
1287,962.4347,945.36426,1319.8901,";;2;35;37;24;11;8;18;14;4;9*28;13;30;21;15;10;32*16;22;3;7;29;31;12;1*5;20;23;33;25;19*6;36;27;34;26;17;38","5",""
1288,965.3361,945.36426,1392.2513,";;2;35;37;24;11;8;18;14;4;9*28;13;30;21;15;10;32*16;22;3;7;29;31;12;1*5;20;23;33;25;19*6;36;27;34;26;17;38","5",""
1289,958.0187,945.36426,1243.8176,";;2;35;37;24;11;8;18;14;4;9*28;13;30;21;15;10;32*16;22;3;7;29;31;12;1*5;20;23;33;25;19*6;36;27;34;26;17;38","5",""
1290,951.0079,945.36426,1128.2502,";;2;35;37;24;11;8;18;14;4;9*28;13;30;21;15;10;32*16;22;3;7;29;31;12;1*5;20;23;33;25;19*6;36;27;34;26;17;38","5",""
1291,977.75073,945.36426,1327.3477,";;2;35;37;24;11;8;18;14;4;9*28;13;30;21;15;10;32*16;22;3;7;29;31;12;1*5;20;23;33;25;19*6;36;27;34;26;17;38","5",""
1292,973.7364,945.36426,1518.5939,";;2;35;37;24;11;8;18;14;4;9*28;13;30;21;15;10;32*16;22;3;7;29;31;12;1*5;20;23;33;25;19*6;36;27;34;26;17;38","5",""
1293,969.66876,945.36426,1292.8584,";;2;35;37;24;11;8;18;14;4;9*28;13;30;21;15;10;32*16;22;3;7;29;31;12;1*5;20;23;33;25;19*6;36;27;34;26;17;38","5",""
1294,962.9458,945.36426,1268.3733,";;2;35;37;24;11;8;18;14;4;9*28;13;30;21;15;10;32*16;22;3;7;29;31;12;1*5;20;23;33;25;19*6;36;27;34;26;17;38","5",""
1295,961.80005,945.36426,1300.3612,";;2;35;37;24;11;8;18;14;4;9*28;13;30;21;15;10;32*16;22;3;7;29;31;12;1*5;20;23;33;25;19*6;36;27;34;26;17;38","5",""
1296,963.2452,945.36426,1230.5433,";;2;35;37;24;11;8;18;14;4;9*28;13;30;21;15;10;32*16;22;3;7;29;31;12;1*5;20;23;33;25;19*6;36;27;34;26;17;38","5",""
1297,982.06055,945.36426,1328.3589,";;2;35;37;24;11;8;18;14;4;9*28;13;30;21;15;10;32*16;22;3;7;29;31;12;1*5;20;23;33;25;19*6;36;27;34;26;17;38","5",""
1298,964.28516,945.36426,1341.7202,";;2;35;37;24;11;8;18;14;4;9*28;13;30;21;15;10;32*16;22;3;7;29;31;12;1*5;20;23;33;25;19*6;36;27;34;26;17;38","5",""
1299,970.4305,945.36426,1416.2838,";;2;35;37;24;11;8;18;14;4;9*28;13;30;21;15;10;32*16;22;3;7;29;31;12;1*5;20;23;33;25;19*6;36;27;34;26;17;38","5",""
1300,971.5726,945.36426,1391.381,";;2;35;37;24;11;8;18;14;4;9*28;13;30;21;15;10;32*16;22;3;7;29;31;12;1*5;20;23;33;25;19*6;36;27;34;26;17;38","5",""
1301,971.09283,945.36426,1479.6309,";;2;35;37;24;11;8;18;14;4;9*28;13;30;21;15;10;32*16;22;3;7;29;31;12;1*5;20;23;33;25;19*6;36;27;34;26;17;38","5",""
1302,973.44135,945.36426,1297.466,";;2;35;37;24;11;8;18;14;4;9*28;13;30;21;15;10;32*16;22;3;7;29;31;12;1*5;20;23;33;25;19*6;36;27;34;26;17;38","5",""
1303,960.2447,945.36426,1270.0366,";;2;35;37;24;11;8;18;14;4;9*28;13;30;21;15;10;32*16;22;3;7;29;31;12;1*5;20;23;33;25;19*6;36;27;34;26;17;38","5",""
1304,963.0334,945.36426,1300.4296,";;2;35;37;24;11;8;18;14;4;9*28;13;30;21;15;20;32;16;22*3;7;29;31;12;1*5;10;23;33;25*19;6;36;27;34;26;17*38","6",""
1305,979.8426,945.36426,1479.6309,";;2;35;37;24;11;8;18;14;4;9*28;13;7;21;15*10;32;16;22;3;30;29;31*12;1;5;20;23;33;25*19;6;36;27;34;26;17*38","6",""
1306,975.4372,945.36426,1343.146,";;2;35;37;24;11;8;18;14;4;9*28;13;30;21;15;10;32*16;22;3;7;29;31;12;1*5;20;23;33;25;19*6;36;27;34;26;17;38","5",""
1307,978.98413,945.36426,1291.9879,";;2;35;37;24;11;8;18;14;4;9*28;13;30;21;15;10;32*16;22;3;7;29;31;12;1*5;20;23;33;25;19*6;36;27;34;26;17;38","5",""
1308,962.03625,945.36426,1274.9393,";;2;35;37;24;11;8;18;14;4;9*28;13;30;21;15;10;32*16;22;3;7;29;31;12;1*5;20;23;33;25;19*6;36;27;34;26;17;38","5",""
1309,968.1414,945.36426,1270.0366,";;2;35;37;24;11;8;18;14;4;9*28;13;30;21;15;10;32*16;22;3;7;29;31;12;1*5;20;23;33;25;19*6;36;27;34;26;17;38","5",""
1310,974.12695,945.36426,1346.5997,";;2;35;37;24;11;8;18;14;4;9*28;13;30;21;15;10;32*16;22;3;7;29;31;12;1*5;20;23;33;25;19*6;36;27;34;26;17;38","5",""
1311,964.89453,945.36426,1362.887,";;2;35;37;24;11;8;18;14;4;9*28;13;30;21;15;10;32*16;22;3;7;29;31;12;1*5;20;23;33;25;19*6;36;27;34;26;17;38","5",""
1312,967.66266,945.36426,1400.8604,";;2;35;37;24;11;8;18;14;4;9*28;13;30;21;15;10;32*16;22;3;7;29;31;12;1*5;20;23;33;25;19*6;36;27;34;26;17;38","5",""
1313,967.40546,945.36426,1357.9598,";;2;35;37;24;11;8;18;14;4;9*28;13;30;21;15;10;32*16;22;3;7;29;31;12;1*5;20;23;33;25;19*6;36;27;34;26;17;38","5",""
1314,980.9509,945.36426,1299.4908,";;2;35;37;24;11;8;18;14;4;9*28;13;30;21;15;10;32*16;22;3;7;29;31;12;1*5;20;23;33;25;19*6;36;27;34;26;17;38","5",""
1315,967.7355,945.36426,1416.187,";;2;35;37;24;11;8;18;14;4;9*28;13;30;21;15;10;32*16;22;3;7;29;31;12;1*5;20;23;33;25;19*6;36;27;34;26;17;38","5",""
1316,977.3523,945.36426,1360.5142,";;2;35;37;24;11;8;18;14;4;9*28;13;30;21;15;10;32*16;22;3;7;29;31;12;1*5;20;23;33;25;19*6;36;27;34;26;17;38","5",""
1317,965.10474,945.36426,1273.2815,";;2;35;37;24;11;8;18;14;4;9*28;13;30;21;15;10;32*16;22;3;7;29;31;12;1*5;20;23;33;25;19*6;36;27;34;26;17;38","5",""
1318,971.14154,945.36426,1326.5068,";;2;35;37;24;11;8;18;14;4;9*28;13;30;21;15;10;32*16;22;3;7;29;31;12;1*5;20;23;33;25;19*6;36;27;34;26;17;38","5",""
1319,965.94275,945.36426,1366.2103,";;2;35;37;24;11;8;18;14;4;9*28;13;30;21;15;10;32*16;22;3;7;29;31;12;1*5;20;23;33;25;19*6;36;27;34;26;17;38","5",""
1320,958.7365,945.36426,1220.1584,";;2;35;37;24;11;8;18;14;4;9*28;13;30;21;15;10;32*16;22;3;7;29;31;12;1*5;20;23;33;25;19*6;36;27;34;26;17;38","5",""
1321,968.38885,945.36426,1296.0964,";;2;35;37;24;11;8;18;14;4;9*28;13;30;21;15;10;32*16;22;3;7;29;31;12;1*5;20;23;33;25;19*6;36;27;34;26;17;38","5",""
1322,971.5067,945.36426,1440.8508,";;2;35;37;24;11;8;18;14;4;17*28;13;30;21;15;10;32*16;22;3;7;29;31;12;1*5;20;23;33;25;19*6;36;27;34;26;9;38","5",""
1323,967.6305,945.36426,1362.887,";;2;35;37;24;11;8;18;14;4;9*28;13;30;21;15;10;32*16;22;3;7;29;31;12;1*5;20;23;33;25;19*6;36;27;34;26;17;38","5",""
1324,961.3689,945.36426,1295.0596,";;2;35;37;24;11;8;18;14;4;9*28;13;30;21;15;10;32*16;22;3;7;29;31;12;1*5;20;23;33;25;19*6;36;27;34;26;17;38","5",""
1325,956.0516,945.36426,1166.7994,";;2;35;37;24;11;8;18;14;4;9*28;13;30;21;15;10;32*16;22;3;7;29;31;12;1*5;20;23;33;25;19*6;36;27;34;26;17;38","5",""
1326,979.4561,945.36426,1400.8604,";;2;35;37;24;11;8;18;14;4;9*28;13;30;21;15;10;32*16;22;3;7;29;31;12;1*5;20;23;33;25;19*6;36;27;34;26;17;38","5",""
1327,967.425,945.36426,1415.4133,";;2;35;37;24;11;8;18;14;4;9*28;13;30;3;15*10;32;16;22;21;7;29;31;12;1*5;20;23;33;25;19*6;36;27;34;26;17;38","5",""
1328,964.39764,945.36426,1370.3214,";;2;35;37;24;11;8;18;14;4;9*28;13;30;21;15;10;32*16;22;3;7;29;31;12;1*5;20;23;33;25;19*6;36;27;34;26;17;38","5",""
1329,970.8775,945.36426,1342.1187,";;2;35;37;24;11;8;18;14;4;9*28;13;30;21;15;10;32*16;22;3;7;29;31;12;1*5;20;23;33;25;19*6;36;27;34;26;17;38","5",""
1330,969.1596,945.36426,1238.9845,";;2;35;37;24;11;8;18;14;4;9*28;13;30;21;15;10;32*16;22;3;7;29;31;12;1*5;20;23;33;25;19*6;36;27;34;26;17;38","5",""
1331,988.85455,945.36426,1381.8179,";;2;35;37;24;11;8;18;14;4;9*28;13;30;21;15;10;32*16;22;3;7;29;31;12;1*5;20;23;33;25;19*6;36;27;34;26;17;38","5",""
1332,960.5876,945.36426,1316.2646,";;2;35;37;24;11;8;18;14;4;9*28;13;30;21;15;10;32*16;22;3;7;29;31;12;1*5;20;23;33;25;19*6;36;27;34;26;17;38","5",""
1333,970.18335,945.36426,1263.276,";;2;35;37;24;11;8;18;14;4;9*28;13;30;21;15;10;32*16;22;3;7;29;31;12;1*5;20;23;33;25;19*6;36;27;34;26;17;38","5",""
1334,969.99225,945.36426,1403.569,";;2;35;37;24;11;8;18;14;4;9*28;13;30;21;15;10;32*16;22;3;7;29;31;12;1*5;20;23;33;25;19*6;36;27;34;26;17;38","5",""
1335,981.40015,945.36426,1404.4393,";;2;35;37;24;11;8;18;14;4;9*28;13;30;21;15;10;32*16;22;3;7;29;31;12;1*5;20;23;33;36;19*6;25;27;34;26;17;38","5",""
1336,980.79175,945.36426,1479.6309,";;2;35;37;24;11;8;18;14;4;9*28;13;30;21;15;10;32*16;22;3;7;29;31;12;1*5;20;23;33;25;19*6;36;27;34;26;17;38","5",""
1337,975.63983,945.36426,1391.306,";;2;35;37;24;11;8;18;14;4;9*28;13;30;21;15;10;32*16;22;3;7;29;31;12;1*5;20;23;33;25;19*6;36;27;34;26;17;38","5",""
1338,970.01654,945.36426,1201.395,";;2;35;37;24;11;8;18;14;4;9*28;13;30;21;15;10;32*16;22;3;7;29;31;12;1*5;20;23;33;25;19*6;36;27;34;26;17;38","5",""
1339,970.8178,945.36426,1257.7177,";;2;35;37;24;11;8;18;14;4;9*28;13;30;21;15;10;32*16;22;3;7;29;31;12;1*5;20;23;33;25;19*6;36;27;34;26;17;38","5",""
1340,968.2082,945.36426,1323.5714,";;2;35;37;24;11;8;18;14;4;9*28;13;30;21;15;10;32*16;22;3;7;29;31;12;1*5;20;23;33;25;19*6;36;27;34;26;17;38","5",""
1341,977.8164,945.36426,1355.7675,";;2;35;37;24;11;8;18;14;4;9*28;13;30;21;15;10;32*16;22;3;7;29;31;12;1*5;20;23;33;25;19*6;36;27;34;26;17;38","5",""
1342,984.9099,945.36426,1292.6047,";;2;35;37;24;11;8;18;14;4;9*28;13;30;21;15;10;32*16;22;3;7;29;31;12;1*5;20;23;33;25;19*6;36;27;34;26;17;38","5",""
1343,973.64404,945.36426,1487.3911,";;2;35;37;24;11;8;18;14;4;9*28;13;30;21;15;10;32*16;22;3;7;29;31;12;1*5;20;23;33;25;19*6;36;27;34;26;17;38","5",""
1344,973.1793,945.36426,1440.8508,";;2;35;37;24;11;8;18;14;4;9*28;13;30;21;15;10;32*16;22;3;7;29;31;12;1*5;20;23;33;25;19*6;36;27;34;26;17;38","5",""
1345,984.78845,945.36426,1444.0874,";;2;35;37;24;11;8;18;14;4;9*28;13;30;21;15;10;32*16;22;3;7;29;31;12;1*5;20;23;33;25;19*6;36;27;34;26;17;38","5",""
1346,976.5783,945.36426,1518.5939,";;2;35;37;24;11;8;18;14;4;9*28;13;30;21;15;10;32*16;22;3;7;29;31;12;1*5;20;23;33;25;19*6;36;27;34;26;17;38","5",""
1347,963.9321,945.36426,1301.1147,";;2;35;37;24;11;8;18;14;4;9*28;13;30;21;15;10;32*16;22;3;7;29;31;12;1*5;20;23;33;25;19*6;36;27;34;26;17;38","5",""
1348,977.0371,945.36426,1506.3634,";;2;35;37;24;11;8;18;14;4;9*28;13;30;21;15;10;32*16;22;3;7;29;31;12;1*5;20;23;33;25;19*6;36;27;34;26;17;38","5",""
1349,965.74146,945.36426,1444.0874,";;2;35;37;24;11;8;18;14;4;9*28;13;30;21;15;10;32*16;22;3;7;29;31;12;1*5;20;23;33;25;19*6;36;27;34;26;17;38","5",""
1350,970.7492,945.36426,1372.4895,";;2;35;37;24;11;8;18;14;4;9*28;13;30;21;15;10;32*16;22;3;7;29;31;12;1*5;20;23;33;25;19*6;36;27;34;26;17;38","5",""
1351,966.92163,945.36426,1365.6924,";;2;35;37;24;11;8;18;14;4;9*28;13;30;21;15;10;32*16;22;3;7;29;31;12;1*5;20;23;33;25;19*6;36;27;34;26;17;38","5",""
1352,975.551,945.36426,1416.187,";;2;35;37;24;11;8;18;14;4;9*28;13;30;21;15;10;32*16;22;3;7;29;31;12;1*5;20;23;33;25;19*6;36;27;34;26;17;38","5",""
1353,963.9598,945.36426,1264.5425,";;2;35;37;24;11;8;18;14;4;9*28;13;30;21;15;10;32*16;22;3;7;29;31;12;1*5;20;23;33;25;19*6;36;27;34;26;17;38","5",""
1354,960.015,945.36426,1276.0233,";;2;35;37;24;11;8;18;14;4;9*28;13;30;21;15;10;32*16;22;3;7;29;31;12;1*5;20;23;33;25;19*6;36;27;34;26;17;38","5",""
1355,970.3479,945.36426,1432.9923,";;2;35;37;24;11;8;18;14;4;9*28;13;30;21;15;10;32*16;22;3;7;29;31;12;1*5;20;23;33;25;19*6;36;27;34;26;17;38","5",""
1356,977.84875,945.36426,1355.6561,";;2;35;37;24;11;8;18;14;4;9*28;13;30;21;15;10;32*16;22;3;7;29;31;12;1*5;20;23;33;25;19*6;36;27;34;26;17;38","5",""
1357,975.11017,945.36426,1524.265,";;2;35;37;24;11;8;18;14;4;9*28;13;30;21;15;10;32*16;22;3;7;29;31;12;1*5;20;23;33;25;19*6;36;27;34;26;17;38","5",""
1358,980.51526,945.36426,1365.6924,";;2;35;37;24;11;8;18;14;4;9*28;13;30;21;15;10;32*16;22;3;7;29;31;12;1*5;20;23;33;25;19*6;36;27;34;26;17;38","5",""
1359,965.9303,945.36426,1327.3477,";;2;35;37;24;11;8;18;14;4;9*28;13;30;21;15;10;32*16;22;3;7;29;31;12;1*5;20;23;33;25;19*6;36;27;34;26;17;38","5",""
1360,968.10065,945.36426,1386.7859,";;2;35;37;24;11;8;18;14;4;9*28;13;30;21;15;10;32*16;22;3;7;29;31;12;1*5;20;23;33;25;19*6;36;27;34;26;17;38","5",""
1361,971.46313,945.36426,1391.381,";;2;35;37;24;11;8;18;14;4;9*28;13;30;21;15;10;32*16;22;3;7;29;31;12;1*5;20;23;33;25;19*6;36;27;34;26;17;38","5",""
1362,962.0173,945.36426,1258.5048,";;2;35;37;24;11;8;18;14;4;9*28;13;30;21;15;10;32*16;22;3;7;29;31;12;1*5;20;23;33;25;19*6;36;27;34;26;17;38","5",""
1363,968.65594,945.36426,1385.4384,";;2;35;37;24;11;8;18;14;4;9*28;13;30;21;15;10;32*16;22;3;7;29;31;12;1*5;20;23;33;25;19*6;36;27;34;26;17;38","5",""
1364,978.9464,945.36426,1308.6152,";;2;35;37;24;11;8;18;14;4;9*28;13;30;21;15;10;32*16;22;3;7;29;31;12;1*5;20;23;33;25;19*6;36;27;34;26;17;38","5",""
1365,982.03687,945.36426,1425.2108,";;2;35;37;24;11;8;18;14;4;9*28;13;30;21;15;10;32*16;22;3;7;29;31;12;1*5;20;23;33;25;19*6;36;27;34;26;17;38","5",""
1366,979.1732,945.36426,1305.6436,";;2;35;37;24;11;8;18;14;4;9*28;13;30;21;15;10;32*16;22;3;7;29;31;12;1*5;20;23;33;25;19*6;36;27;34;26;17;38","5",""
1367,977.3389,945.36426,1357.9598,";;2;35;37;24;11;8;18;14;4;9*28;13;30;21;15;10;32*16;22;3;7;29;31;12;1*5;20;23;33;25;19*6;36;27;34;26;17;38","5",""
1368,983.509,945.36426,1417.5271,";;2;35;37;24;11;8;18;14;4;9*28;13;30;21;15;10;32*16;22;3;7;29;31;12;1*5;20;23;33;25;19*6;36;27;34;26;17;38","5",""
1369,969.64545,945.36426,1366.2103,";;2;35;37;24;11;8;18;14;4;9*28;13;30;21;15;10;32*16;22;3;7;29;31;12;1*5;20;23;33;25;19*6;36;27;34;26;17;38","5",""
1370,961.00116,945.36426,1372.4895,";;2;35;37;24;11;8;18;14;4;9*28;13;30;21;15;10;32*16;22;3;7;29;31;12;1*5;20;23;33;25;19*6;36;27;34;26;17;38","5",""
1371,971.0895,945.36426,1374.8118,";;2;35;37;24;11;8;18;14;4;9*28;13;30;21;15;10;32*16;22;3;7;29;31;12;1*5;20;23;33;25;19*6;36;27;34;26;17;38","5",""
1372,964.8211,945.36426,1374.8118,";;2;35;37;24;11;8;18;14;4;9*28;13;30;21;15;10;32*16;22;3;7;29;31;12;1*5;20;23;33;25;19*6;36;27;34;26;17;38","5",""
1373,970.03955,945.36426,1303.484,";;2;35;37;24;11;8;18;14;4;9*28;13;30;21;15;10;32*16;22;3;7;29;31;12;1*5;20;23;33;25;19*6;36;27;34;26;17;38","5",""
1374,983.6116,945.36426,1305.6436,";;2;35;37;24;11;8;18;14;4;9*28;13;30;21;15;10;32*16;22;3;7;29;31;12;1*5;20;23;33;25;19*6;36;27;34;26;17;38","5",""
1375,987.62445,945.36426,1477.3722,";;2;35;37;24;11;8;18;14;4;9*28;13;30;21;15;10;32*16;22;3;7;29;31;12;1*5;20;23;33;25;19*6;36;27;34;26;17;38","5",""
1376,967.2263,945.36426,1293.4727,";;2;35;37;24;11;8;18;14;4;9*28;13;30;21;15;10;32*16;22;3;7;29;31;12;1*5;20;23;33;25;19*6;36;27;34;26;17;38","5",""
1377,984.61725,945.36426,1432.9923,";;2;35;37;24;11;8;18;14;4;9*28;13;30;21;15;10;32*16;22;3;7;29;31;12;1*5;20;23;33;25;19*6;36;27;34;26;17;38","5",""
1378,962.8237,945.36426,1317.3798,";;2;35;37;24;11;8;18;14;4;9*28;13;30;21;15;10;32*16;22;3;7;29;31;12;1*5;20;23;33;25;19*6;36;27;34;26;17;38","5",""
1379,959.9675,945.36426,1444.0874,";;2;35;37;24;11;8;18;14;4;9*28;13;30;21;15;10;32*16;22;3;7;29;31;12;1*5;20;23;33;25;19*6;36;27;34;26;17;38","5",""
1380,963.4545,945.36426,1263.7096,";;2;35;37;24;11;8;18;14;4;9*28;13;30;21;15;10;32*16;22;3;7;29;31;12;1*5;20;23;33;25;19*6;36;27;34;26;17;38","5",""
1381,959,945.36426,1274.796,";;2;35;37;24;11;8;18;14;4;9*28;13;30;21;15;10;32*16;22;3;7;29;31;12;1*5;20;23;33;25;19*6;36;27;34;26;17;38","5",""
1382,972.8465,945.36426,1518.5939,";;2;35;37;24;11;8;18;14;4;9*28;13;30;21;15;10;32*16;22;3;7;29;31;12;1*5;20;23;33;25;19*6;36;27;34;26;17;38","5",""
1383,978.94836,945.36426,1322.978,";;2;35;37;24;11;8;18;14;4;9*28;13;30;21;15;10;32*16;22;3;7;29;31;12;1*5;20;23;33;25;19*6;36;27;34;26;17;38","5",""
1384,953.44275,945.36426,1229.2916,";;2;35;37;24;11;8;18;14;4;9*28;13;30;21;15;10;32*16;22;3;7;29;31;12;1*5;20;23;33;25;19*6;36;27;34;26;17;38","5",""
1385,968.057,945.36426,1366.2103,";;2;35;37;24;11;8;18;14;4;9*28;13;30;21;15;10;32*16;22;3;7;29;31;12;1*5;20;23;33;25;19*6;36;27;34;26;17;38","5",""
1386,978.4933,945.36426,1491.2937,";;2;35;37;24;11;8;18;14;4;9*28;13;30;21;15;10;32*16;22;3;7;29;31;12;1*5;20;23;33;25;19*6;36;27;34;26;17;38","5",""
1387,969.4157,945.36426,1444.0874,";;2;35;37;24;11;8;18;14;4;9*28;13;30;21;15;10;32*16;22;3;7;29;31;12;1*5;20;23;33;25;19*6;36;27;34;26;17;38","5",""
1388,970.40216,945.36426,1310.0913,";;2;35;37;24;11;8;18;14;4;9*28;13;30;21;15;10;32*16;22;3;7;29;31;12;1*5;20;23;33;25;19*6;36;27;34;26;17;38","5",""
1389,962.8157,945.36426,1388.4341,";;2;35;37;24;11;8;18;14;4;9*28;13;30;21;15;10;32*16;22;3;7;29;31;12;1*5;20;23;33;25;19*6;36;27;34;26;17;38","5",""
1390,971.85736,945.36426,1444.0874,";;2;35;37;24;11;8;18;14;4;9*28;13;30;21;15;10;32*16;22;3;7;29;31;12;1*5;20;23;33;25;19*6;36;27;34;26;17;38","5",""
1391,984.31244,945.36426,1432.9923,";;2;35;37;24;11;8;18;14;4;9*28;13;30;21;15;10;32*16;22;3;7;29;31;12;1*5;20;23;33;25;19*6;36;27;34;26;17;38","5",""
1392,963.17163,945.36426,1272.4058,";;2;35;37;24;11;8;18;14;4;9*28;13;30;21;15;10;32*16;22;3;7;29;31;12;1*5;20;23;33;25;19*6;36;27;34;26;17;38","5",""
1393,967.5737,945.36426,1491.2937,";;2;35;37;24;11;8;18;14;4;9*28;13;30;21;15;10;32*16;22;3;7;29;31;12;1*5;20;23;33;25;19*6;36;27;34;26;17;38","5",""
1394,969.29315,945.36426,1400.8604,";;2;35;37;24;11;8;18;14;4;9*28;13;30;21;15;10;32*16;22;3;7;29;31;12;1*5;20;23;33;25;19*6;36;27;34;26;17;38","5",""
1395,970.9967,945.36426,1285.9364,";;2;35;37;24;11;8;18;14;4;9*28;13;30;21;15;10;32*16;22;3;7;29;31;12;1*5;20;23;33;25;19*6;36;27;34;26;17;38","5",""
1396,972.51556,945.36426,1301.7909,";;2;35;37;24;11;8;18;14;4;9*15;13;30;21;28;10;32*16;22;3;7;29;31;12;1*5;20;23;33;25;19*6;36;27;34;26;17;38","5",""
1397,965.7761,945.36426,1353.9525,";;2;35;37;24;11;8;18;14;4;9*28;13;30;21;15;10;32*16;22;3;7;29;31;12;1*5;20;23;33;25;19*6;36;27;34;26;17;38","5",""
1398,969.0747,945.36426,1491.2937,";;2;35;37;24;11;8;18;14;4;9*28;13;30;21;15;10;32*16;22;3;7;29;31;12;1*5;20;23;33;25;19*6;36;27;34;26;17;38","5",""
1399,972.1502,945.36426,1350.4136,";;2;35;37;24;11;8;18;14;4;9*28;13;30;21;15;10;32*16;22;3;7;29;31;12;1*5;20;23;33;25;19*6;36;27;34;26;17;38","5",""
1400,962.73694,945.36426,1386.7859,";;2;35;37;24;11;8;18;14;4;9*28;13;30;21;15;10;32*16;22;3;7;29;31;12;1*5;20;23;33;25;19*6;36;27;34;26;17;38","5",""
1401,975.25073,945.36426,1284.3015,";;2;35;37;24;11;8;18;14;4;9*28;13;30;21;15;10;32*16;22;3;7;29;31;12;1*5;20;23;33;25;19*6;36;27;34;26;17;38","5",""
1402,955.9084,945.36426,1279.8215,";;2;35;37;24;11;8;18;14;4;9*28;13;30;21;15;10;32*16;22;3;7;29;31;12;1*5;20;23;33;25;19*6;36;27;34;26;17;38","5",""
1403,961.1616,945.36426,1374.8118,";;2;35;37;24;11;8;18;14;4;9*28;13;30;21;15;10;32*16;22;3;7;29;31;12;1*5;20;23;33;25;19*6;36;27;34;26;17;38","5",""
1404,961.29913,945.36426,1280.7476,";;2;35;37;24;11;8;18;14;4;9*28;13;30;21;15;10;32*16;22;3;7;29;31;12;1*5;20;23;33;25;19*6;36;27;34;26;17;38","5",""
1405,964.0355,945.36426,1479.6309,";;2;35;37;24;11;8;18;14;4;9*28;13;30;21;15;10;32*16;22;3;7;29;31;12;1*5;20;23;33;25;19*6;36;27;34;26;17;38","5",""
1406,970.65857,945.36426,1316.4147,";;2;35;37;24;11;8;18;14;4;9*28;13;30;21;15;10;32*16;22;3;7;29;31;12;1*5;20;23;33;25;19*6;36;27;34;26;17;38","5",""
1407,971.6449,945.36426,1327.3477,";;2;35;37;24;11;8;18;14;4;9*28;13;30;21;15;10;32*16;22;3;7;29;31;12;1*5;20;23;33;25;19*6;36;27;34;26;17;38","5",""
1408,986.24756,945.36426,1524.265,";;2;35;37;24;11;8;18;14;4;9*28;13;30;21;15;10;32*16;22;3;7;29;31;12;1*5;20;23;33;25;19*6;36;27;34;26;17;38","5",""
1409,967.63007,945.36426,1351.9104,";;2;35;37;24;11;8;18;14;4;9*28;13;30;21;15;10;32*16;22;3;7;29;31;12;1*5;20;23;33;25;19*6;36;27;34;26;17;38","5",""
1410,972.08826,945.36426,1302.6005,";;2;35;37;24;11;8;18;14;4;9*28;13;30;21;15;10;32*16;22;3;7;29;31;12;1*5;20;23;33;25;19*6;36;27;34;26;17;38","5",""
1411,963.031,945.36426,1416.4768,";;2;35;37;24;11;8;18;14;4;9*28;13;30;21;26;10;32;16;22*3;7;29;31;12;1*5;20;23;33;25;19*6;36;27;34;15;17*38","6",""
1412,961.9305,945.36426,1204.036,";;2;35;37;24;11;8;18;14;4;9*28;13;30;21;15;10;32*16;22;3;7;29;31;12;1*5;20;23;33;25;19*6;36;27;34;26;17;38","5",""
1413,964.71924,945.36426,1267.4998,";;2;35;37;24;11;8;18;14;4;9*28;13;30;21;15;10;32*16;22;3;7;29;31;12;1*5;20;23;33;25;19*6;36;27;34;26;17;38","5",""
1414,967.08307,945.36426,1280.7476,";;2;35;37;24;11;8;18;14;4;9*28;13;30;21;15;10;32*16;22;3;7;29;31;12;1*5;20;23;33;25;19*6;36;27;34;26;17;38","5",""
1415,977.0291,945.36426,1425.2108,";;2;35;37;24;11;8;18;14;4;9*28;13;30;21;15;10;32*16;22;3;7;29;31;12;1*5;20;23;33;25;19*6;36;27;34;26;17;38","5",""
1416,974.3057,945.36426,1314.6366,";;2;35;37;24;11;8;18;14;4;9*28;13;30;21;15;10;32*16;22;3;7;29;31;12;1*5;20;23;33;25;19*6;36;27;34;26;17;38","5",""
1417,984.1141,945.36426,1524.265,";;2;35;37;24;11;8;18;14;4;9*28;13;30;21;15;10;32*16;22;3;7;29;31;12;1*5;20;23;33;25;19*6;36;27;34;26;17;38","5",""
1418,966.6929,945.36426,1281.6934,";;2;35;37;24;11;8;18;14;4;9*28;13;30;21;15;10;32*16;22;3;7;29;31;12;1*5;20;23;33;25;19*6;36;27;34;26;17;38","5",""
1419,968.05994,945.36426,1317.2039,";;2;35;37;24;11;8;18;14;4;9*28;13;30;21;15;10;32*16;22;3;7;29;31;12;1*5;20;23;33;25;19*6;36;27;34;26;17;38","5",""
1420,961.762,945.36426,1341.7202,";;2;35;37;24;11;8;18;14;4;9*28;13;30;21;15;10;32*16;22;3;7;29;31;12;1*5;20;23;33;25;19*6;36;27;34;26;17;38","5",""
1421,971.11346,945.36426,1350.4136,";;2;35;37;24;11;8;18;14;4;9*28;13;30;21;15;10;32*16;22;3;7;29;31;12;1*5;20;23;33;25;19*6;36;27;34;26;17;38","5",""
1422,974.23975,945.36426,1317.3798,";;2;35;37;24;11;8;18;14;4;9*28;13;30;21;15;10;32*16;22;3;7;29;31;12;1*5;20;23;33;25;19*6;36;27;34;26;17;38","5",""
1423,975.6948,945.36426,1518.5939,";;2;35;37;24;11;8;18;14;4;9*28;13;30;21;15;10;32*16;22;3;7;29;31;12;1*5;20;23;33;25;19*6;36;27;34;26;17;38","5",""
1424,975.99084,945.36426,1360.5142,";;2;35;37;24;11;8;18;14;4;9*28;13;30;21;15;10;32*16;22;3;7;29;31;12;1*5;20;23;33;25;19*6;36;27;34;26;17;38","5",""
1425,967.4129,945.36426,1355.7675,";;2;35;37;24;11;8;18;14;4;9*28;13;30;21;15;10;32*16;22;3;7;29;31;12;1*5;20;23;33;25;19*6;36;27;34;26;17;38","5",""
1426,973.4395,945.36426,1355.6561,";;2;35;37;24;11;8;18;14;4;9*28;13;30;21;15;10;32*16;22;3;7;29;31;12;1*5;20;23;33;25;19*6;36;27;34;26;17;38","5",""
1427,971.1625,945.36426,1518.5939,";;2;35;37;24;11;8;18;14;4;9*28;13;30;21;15;10;32*16;22;3;7;29;31;12;1*5;20;23;33;25;19*6;36;27;34;26;17;38","5",""
1428,980.89044,945.36426,1365.6924,";;2;35;37;24;11;8;18;14;4;9*28;13;30;21;15;10;32*16;22;3;7;29;31;12;1*5;20;23;33;25;19*6;36;27;34;26;17;38","5",""
1429,964.82153,945.36426,1385.4384,";;2;35;37;24;11;8;18;14;4;9*28;13;30;21;15;10;32*16;22;3;7;29;31;12;1*5;20;23;33;25;19*6;36;27;34;26;17;38","5",""
1430,997.2047,945.36426,1518.5939,";;2;35;37;24;11;8;18;14;4;9*28;13;30;21;15;10;32*16;22;3;7;29;31;12;1*5;20;23;33;25;19*6;36;27;34;26;17;38","5",""
1431,961.0104,945.36426,1365.6924,";;2;35;37;24;11;8;18;14;4;9*28;13;30;21;15;10;32*16;22;3;7;29;31;12;1*5;20;23;33;25;19*6;36;27;34;26;17;38","5",""
1432,965.55963,945.36426,1250.3077,";;2;35;37;24;11;8;18;14;4;9*28;13;30;21;15;10;32*16;22;3;7;29;31;12;1*5;20;23;33;25;19*6;36;27;34;26;17;38","5",""
1433,963.4571,945.36426,1189.8624,";;2;35;37;24;11;8;18;14;4;9*28;13;30;21;15;10;32*16;22;3;7;29;31;12;1*5;20;23;33;25;19*6;36;27;34;26;17;38","5",""
1434,966.265,945.36426,1365.6924,";;2;35;37;24;11;8;18;14;4;9*28;13;30;21;15;10;32*16;22;3;7;29;31;12;1*5;20;23;33;25;19*6;36;27;34;26;17;38","5",""
1435,966.11523,945.36426,1241.8329,";;2;35;37;24;11;8;18;14;4;9*28;13;30;21;15;10;32*16;22;3;7;29;31;12;1*5;20;23;33;25;19*6;36;27;34;26;17;38","5",""
1436,972.2354,945.36426,1425.2108,";;2;35;37;24;11;8;18;14;4;9*28;13;30;21;15;10;32*16;22;3;7;29;31;12;1*5;20;23;33;25;19*6;36;27;34;26;17;38","5",""
1437,986.69025,945.36426,1357.9598,";;2;35;37;24;11;8;18;14;4;9*28;13;30;21;15;10;32*16;22;3;7;29;31;12;1*5;20;23;33;25;19*6;36;27;34;26;17;38","5",""
1438,978.4503,945.36426,1385.4384,";;2;35;37;24;11;8;18;14;4;9*28;13;30;21;15;10;32*16;22;3;7;29;31;12;1*5;20;23;33;25;19*6;36;27;34;26;17;38","5",""
1439,970.4919,945.36426,1263.276,";;2;35;37;24;11;8;18;14;4;9*28;13;30;21;15;10;32*16;22;3;7;29;31;12;1*5;20;23;33;25;19*6;36;27;34;26;17;38","5",""
1440,966.5158,945.36426,1403.569,";;2;35;37;24;11;8;18;14;4;9*28;13;30;21;15;10;32*16;22;3;7;29;31;12;1*5;20;23;33;25;19*6;36;27;34;26;17;38","5",""
1441,957.65,945.36426,1359.9888,";;2;35;37;24;11;8;18;14;4;9*28;13;30;21;15;10;32*16;22;3;7;29;31;12;1*5;20;23;33;25;19*6;36;27;34;26;17;38","5",""
1442,970.8929,945.36426,1491.2937,";;2;35;37;24;11;8;18;14;4;9*28;13;30;21;15;10;32*16;22;3;7;29;31;12;1*5;20;23;33;25;19*6;36;38;34;26;17;27","5",""
1443,981.4791,945.36426,1400.8604,";;2;35;37;24;11;8;18;14;4;9*28;13;30;21;15;10;32*16;22;3;7;29;31*23;1;5;20;12;33;25*19;6;36;27;34;26;17*38","6",""
1444,970.1502,945.36426,1301.7909,";;2;35;37;24;11;8;18;14;4;9*28;13;30;21;15;10;32*16;22;3;7;29;31;12;1*5;20;23;33;25;19*6;36;27;34;26;17;38","5",""
1445,963.1252,945.36426,1253.0121,";;2;35;37;24;11;8;18;14;4;9*28;13;30;21;15;10;32*16;22;3;7;29;31;12;1*5;20;23;33;25;19*6;36;27;34;26;17;38","5",""
1446,982.56537,945.36426,1390.4355,";;2;35;37;24;11;8;18;14;4;9*28;13;30;21;15;10;32*16;22;3;7;29;31;12;1*5;20;23;33;25;19*6;36;27;34;26;17;38","5",""
1447,982.9682,945.36426,1355.6561,";;2;35;37;24;11;8;18;14;4;9*28;13;30;21;15;10;32*16;22;3;7;29;31;12;1*5;20;23;33;25;19*6;36;27;34;26;17;38","5",""
1448,973.4578,945.36426,1491.2937,";;2;35;37;24;11;8;18;14;4;9*28;13;30;21;15;10;32*16;22;3;7;29;31;12;1*5;20;23;33;25;19*6;36;27;34;26;17;38","5",""
1449,967.18475,945.36426,1251.4291,";;2;35;37;24;11;8;18;14;4;9*28;13;30;21;15;10;32*16;22;3;7;29;31;12;1*5;20;23;33;25;19*6;36;27;34;26;17;38","5",""
1450,955.00665,945.36426,1200.0262,";;2;35;37;24;11;8;18;14;4;9*28;13;30;21;15;10;32*16;22;3;7;29;31;12;1*5;20;23;33;25;19*6;36;27;34;26;17;38","5",""
1451,970.11633,945.36426,1337.0577,";;2;35;37;24;11;8;18;14;4;9*28;13;30;21;15;10;32*16;22;3;7;29;31;12;1*5;20;23;33;25;19*6;36;27;34;26;17;38","5",""
1452,964.5061,945.36426,1479.6309,";;2;35;37;24;11;8;18;14;4;9*28;13;30;21;15;10;32*16;22;3;7;29;31;12;1*5;20;23;33;25;19*6;36;27;34;26;17;38","5",""
1453,976.10077,945.36426,1285.7301,";;2;35;37;24;11;8;18;14;4;9*28;13;30;21;15;10;32*16;22;3;7;29;31;12;1*5;20;23;33;25;19*6;36;27;34;26;17;38","5",""
1454,968.8423,945.36426,1337.0577,";;2;35;37;24;11;8;18;14;4;9*28;13;30;21;15;10;32*16;22;3;7;29;31;12;1*5;20;23;33;25;19*6;36;27;34;26;17;38","5",""
1455,976.67737,945.36426,1360.5142,";;2;35;37;24;11;8;18;14;4;9*28;13;30;21;15;10;32*16;22;3;7;29;31;12;1*5;20;23;33;25;19*6;36;27;34;26;17;38","5",""
1456,961.2457,945.36426,1235.7577,";;2;35;37;24;11;8;18;14;4;9*28;13;30;21;15;10;32*16;22;3;7;29;31;12;1*5;20;23;33;25;19*6;36;27;34;26;17;38","5",""
1457,964.93146,945.36426,1170.1571,";;2;35;37;24;11;8;18;14;4;9*28;13;30;21;15;10;32*16;22;3;7;29;31;12;1*5;20;23;33;25;19*6;36;27;34;26;17;38","5",""
1458,963.4203,945.36426,1350.4136,";;2;35;37;24;11;8;18;14;4;9*28;13;30;21;15;10;32*16;22;3;7;29;31;12;1*5;20;23;33;25;19*6;36;27;34;26;17;38","5",""
1459,974.7344,945.36426,1491.2937,";;2;35;37;24;11;8;18;14;4;9*28;13;30;21;15;10;32*16;22;3;7;29;31;12;1*5;20;23;33;25;19*6;36;27;34;26;17;38","5",""
1460,972.2434,945.36426,1432.9923,";;2;35;37;24;11;8;18;14;4;9*28;13;30;21;15;10;32*16;22;3;7;29;31;12;1*5;20;23;33;25;19*6;36;27;34;26;17;38","5",""
1461,972.7014,945.36426,1390.4355,";;2;35;37;24;11;8;18;14;4;9*28;13;30;21;15;10;32*16;22;3;7;29;31;12;1*5;20;23;33;25;19*6;36;27;34;26;17;38","5",""
1462,960.0011,945.36426,1222.2136,";;2;35;37;24;11;12;18;14;4;9*28;13;30;21;15;10;32*16;22;3;7;29;31*8;1;5;20;23;33;25*19;6;36;27;34;26;17*38","6",""
1463,976.1884,945.36426,1349.6243,";;2;35;37;24;11;8;18;14;4;9*28;13;30;21;15;10;32*16;22;3;7;29;31;12;1*5;20;23;33;25;19*6;36;27;34;26;17;38","5",""
1464,970.8567,945.36426,1518.5939,";;2;35;37;24;11;8;18;14;4;9*28;13;30;21;15;10;32*16;22;3;7;29;31;12;1*5;20;23;33;25;19*6;36;27;34;26;17;38","5",""
1465,980.3678,945.36426,1487.3911,";;2;35;37;24;11;8;18;14;4;9*28;13;30;21;15;10;32*16;22;3;7;29;31;12;1*5;20;23;33;25;19*6;36;27;34;26;17;38","5",""
1466,972.71423,945.36426,1310.1367,";;2;35;37;24;11;8;18;14;4;9*28;13;30;21;15;10;32*16;22;3;7;29;31;12;1*5;20;23;33;25;19*6;36;27;34;26;17;38","5",""
1467,968.8257,945.36426,1440.8508,";;2;35;37;24;11;8;18;14;4;9*28;13;30;21;15;10;32*16;22;3;7;29;31;12;1*5;20;23;33;25;19*6;36;27;34;26;17;38","5",""
1468,970.4041,945.36426,1341.7202,";;2;35;37;24;11;8;18;14;4;9*28;13;30;21;15;10;32*16;22;3;7;29;31;12;1*5;20;23;33;25;19*6;36;27;34;26;17;38","5",""
1469,975.5215,945.36426,1355.7675,";;2;35;37;24;11;8;18;14;4;9*28;13;30;21;15;10;32*16;22;3;7;29;31;12;1*5;20;23;33;25;19*6;36;27;34;26;17;38","5",""
1470,964.2844,945.36426,1288.2667,";;2;35;37;24;11;8;18;14;4;9*28;13;30;21;15;10;32*16;22;3;7;29;31;12;1*5;20;23;33;25;19*6;36;27;34;26;17;38","5",""
1471,987.3144,945.36426,1524.265,";;2;35;37;24;11;8;18;14;4;9*28;13;30;21;15;10;32*16;22;3;7;29;31;12;1*5;20;23;33;25;19*6;36;27;34;26;17;38","5",""
1472,968.55994,945.36426,1444.0874,";;2;35;37;24;11;8;18;14;4;9*28;13;30;21;15;10;32*16;22;3;7;29;31;12;1*5;20;23;33;25;19*6;36;27;34;26;17;38","5",""
1473,973.9098,945.36426,1460.0662,";;2;35;37;24;11;8;18;14;4;9*28;13;30;21;15;10;32*16;22;3;7;29;31;12;1*5;20;23;33;25;19*6;36;27;34;26;17;38","5",""
1474,979.68365,945.36426,1425.2108,";;2;35;37;24;11;8;18;14;4;9*28;13;30;21;15;10;32*16;22;3;7;29;31;12;1*5;20;23;33;25;19*6;36;27;34;26;17;38","5",""
1475,983.6742,945.36426,1425.7368,";;2;35;37;24;11;8;18;14;4;9*28;13;30;21;15;10;32*16;22;3;7;29;31;12;1*5;20;23;33;25;19*6;36;27;34;26;17;38","5",""
1476,971.3613,945.36426,1370.3107,";;2;35;37;24;11;8;18;14*7;9;28;13;30;21;15*10;32;16;22;3;4;29;31;12;1*5;20;23;33;25;19*6;36;27;34;26;17;38","5",""
1477,971.0719,945.36426,1350.4136,";;2;35;37;24;11;8;18;14;4;9*28;13;30;21;15;10;32*16;22;3;7;29;31;12;1*5;20;23;33;25;19*6;36;27;34;26;17;38","5",""
1478,962.18335,945.36426,1274.9393,";;2;35;37;24;11;8;18;14;4;9*28;13;30;21;15;10;32*16;22;3;7;29;31;12;1*5;20;23;33;25;19*6;36;27;34;26;17;38","5",""
1479,973.2502,945.36426,1491.2937,";;2;35;37;24;11;8;18;14;4;9*28;13;30;21;15;10;32*16;22;3;7;29;31;12;1*5;20;23;33;25;19*6;36;27;34;26;17;38","5",""
1480,966.0806,945.36426,1196.2483,";;2;35;37;24;11;8;18;14;4;9*28;13;30;21;15;10;32*16;22;3;7;29;31;12;1*5;20;23;33;25;19*6;36;27;34;26;17;38","5",""
1481,981.6582,945.36426,1355.6561,";;2;35;37;24;11;8;18;14;4;9*28;13;30;21;15;10;32*16;22;3;7;29;31;12;1*5;20;23;33;25;19*6;36;27;34;26;17;38","5",""
1482,963.2873,945.36426,1342.1187,";;2;35;37;24;11;8;18;14;4;9*28;13;30;21;15;10;32*16;22;3;7;29;31;12;1*5;20;23;33;25;19*6;36;27;34;26;17;38","5",""
1483,974.7486,945.36426,1362.887,";;2;35;37;24;11;8;18;14;4;9*28;13;30;21;15;10;32*16;22;3;7;29;31;12;1*5;20;23;33;25;19*6;36;27;34;26;17;38","5",""
1484,979.24866,945.36426,1440.8508,";;2;35;37;24;11;8;5;14*4;9;28;13;30;21;15;10*32;16;22;3;7;29;31;12;1*18;20;23;33;25;19*6;36;27;34;26;17;38","5",""
1485,976.24493,945.36426,1360.5142,";;2;35;37;24;11;8;18;14;4;9*28;13;30;21;15;10;32*16;22;3;7;29;31;12;1*5;20;23;33;25;19*6;36;27;34;26;17;38","5",""
1486,956.771,945.36426,1370.3214,";;2;35;37;24;11;8;18;14;4;9*28;13;30;21;15;10;32*16;22;3;7;29;31;12;1*5;20;23;33;25;19*6;36;27;34;26;17;38","5",""
1487,952.57587,945.36426,1214.7603,";;2;35;37;24;11;8;18;14;4;9*28;13;30;21;15;10;32*16;22;3;7;29;31;12;1*5;20;23;33;25;19*6;36;27;34;26;17;38","5",""
1488,977.3621,945.36426,1317.2039,";;2;35;37;24;11;8;18;14;4;9*28;13;30;21;15;10;32*16;22;3;7;29;31;12;1*5;20;23;33;25;19*6;36;27;34;26;17;38","5",""
1489,964.0527,945.36426,1353.9525,";;2;35;37;24;11;8;18;14;4;9*28;13;30;21;15;10;32*16;22;3;7;29;31;12;1*5;20;23;33;25;19*6;36;27;34;26;17;38","5",""
1490,973.1383,945.36426,1295.0596,";;2;35;37;24;11;8;18;14;4;9*28;13;30;21;15;10;32*16;22;3;7;29;31;12;1*5;20;23;33;25;19*6;36;27;34;26;17;38","5",""
1491,963.1893,945.36426,1327.3477,";;2;35;37;24;11;8;18;14;4;9*28;13;30;21;15;10;32*16;22;3;7;29;31;12;1*5;20;23;33;25;19*6;36;27;34;26;17;38","5",""
1492,970.9003,945.36426,1366.2103,";;2;35;37;24;11;8;18;14;4;9*28;13;30;21;15;10;32*16;22;3;7;29;31;12;1*5;20;23;33;25;19*6;36;27;34;26;17;38","5",""
1493,984.11615,945.36426,1417.5271,";;2;35;37;24;11;8;18;14;4;9*28;13;30;21;15;10;32*16;22;3;7;29;31;12;1*5;20;23;33;25;19*6;36;27;34;26;17;38","5",""
1494,960.07513,945.36426,1286.4641,";;2;35;37;24;11;8;18;14;4;9*28;13;30;21;15;10;32*16;22;3;7;29;31;12;1*5;20;23;33;25;19*6;36;27;34;26;17;38","5",""
1495,979.05096,945.36426,1524.417,";;2;35;37;24;11;8;18;14;4;9*28;13;30;21;15;10;32*16;22;3;7;29;31;12;1*5;20;23;33;25;19*6;36;27;34;26;17;38","5",""
1496,969.1676,945.36426,1196.1981,";;2;35;37;24;11;8;18;14;4;9*28;13;30;21;15;10;32*16;22;3;7;29;31;12;1*5;20;23;33;25;19*6;36;27;34;26;17;38","5",""
1497,967.6269,945.36426,1359.9888,";;2;35;37;24;11;8;18;14;4;9*28;13;30;21;15;10;32*16;22;3;7;29;31;12;1*5;20;23;33;25;19*6;36;27;34;26;17;38","5",""
1498,980.4849,945.36426,1417.5271,";;2;35;37;24;11;8;18;14;4;9*28;13;30;21;15;10;32*16;22;3;7;29;31;12;1*5;20;23;33;25;19*6;36;27;34;26;17;38","5",""
1499,967.0054,945.36426,1341.7202,";;2;35;37;24;11;8;18;14;4;9*28;13;30;21;15;10;32*16;22;3;7;29;31;12;1*5;20;23;33;25;19*6;36;27;34;26;17;38","5",""
1500,965.9478,945.36426,1279.0768,";;2;35;37;24;11;8;18;14;4;9*28;13;30;21;15;10;32*16;22;3;7;29;31;12;1*5;20;23;33;25;19*6;36;27;34;26;17;38","5",""
1501,982.6625,945.36426,1324.5282,";;2;35;37;24;11;8;18;14;4;9*28;13;30;21;15;10;32*16;22;3;7;29;31;12;1*5;20;23;33;25;19*6;36;27;34;26;17;38","5",""
1502,965.2497,945.36426,1524.265,";;2;35;37;24;11;8;18;14;4;9*28;13;30;21;15;10;32*16;22;3;7;29;31;12;1*5;20;23;33;25;19*6;36;27;34;26;17;38","5",""
1503,968.63025,945.36426,1416.187,";;2;35;37;24;11;8;18;14;4;9*28;13;30;21;15;10;32*16;22;3;7;29;31;12;1*5;20;23;33;25;19*6;36;27;34;26;17;38","5",""
1504,978.1135,945.36426,1341.7202,";;2;35;37;24;11;8;18;14;4;9*28;13;30;21;15;10;32*16;22;3;7;29;31;12;1*5;20;23;33;25;19*6;36;27;34;26;17;38","5",""
1505,966.5198,945.36426,1218.325,";;2;35;37;24;11;8;18;14;4;9*28;13;30;21;15;10;32*16;22;3;7;29;31;12;1*5;20;23;33;25;19*6;36;27;34;26;17;38","5",""
1506,971.55695,945.36426,1310.1367,";;2;35;37;24;11;8;18;14;4;9*28;13;30;21;15;10;32*16;22;3;7;29;31;12;1*5;20;23;33;25;19*6;36;27;34;26;17;38","5",""
1507,976.4503,945.36426,1425.7368,";;2;35;37;24;11;8;18;14;4;9*28;13;30;21;15;10;32*16;22;3;7;29;31;12;1*5;20;23;33;25;19*6;36;27;34;26;17;38","5",""
1508,978.3971,945.36426,1355.7675,";;2;35;37;24;11;8;18;14;4;9*28;13;30;21;15;10;32*16;22;3;7;29;31;12;1*5;20;23;33;25;19*6;36;27;34;26;17;38","5",""
1509,964.43677,945.36426,1327.3477,";;2;35;37;24;11;8;18;14;4;9*28;13;30;21;15;10;32*16;22;3;7;29;31;12;1*5;20;23;33;25;19*6;36;27;34;26;17;38","5",""
1510,964.075,945.36426,1241.9773,";;2;35;37;24;11;8;18;14;4;9*28;13;30;21;15;10;32*16;22;3;7;29;31;12;1*5;20;23;33;25;19*6;36;27;34;26;17;38","5",""
1511,957.4394,945.36426,1242.9723,";;2;35;37;24;11;8;18;14;4;9*28;13;30;21;15;10;32*16;22;3;7;29;31;12;1*5;20;23;33;25;19*6;36;27;34;26;17;38","5",""
1512,970.8111,945.36426,1300.2848,";;2;35;37;24;11;8;18;14;4;9*28;13;30;21;15;10;32*16;22;3;7;29;31;12;1*5;20;23;33;25;19*6;36;27;34;26;17;38","5",""
1513,968.33795,945.36426,1295.0596,";;2;35;37;24;11;8;18;14;4;9*28;13;30;21;15;10;32*16;22;3;7;29;31;12;1*5;20;23;33;25;19*6;36;27;34;26;17;38","5",""
1514,959.5011,945.36426,1403.569,";;2;35;37;24;11;8;18;14;4;9*28;13;30;21;15;10;32*16;22;3;7;29;31;12;1*5;20;23;33;25;19*6;36;27;34;26;17;38","5",""
1515,967.4868,945.36426,1324.5282,";;2;35;37;24;11;8;18;14;4;9*28;13;30;21;15;10;32*16;22;3;7;29;31;12;1*5;20;23;33;25;19*6;36;27;34;26;17;38","5",""
1516,966.5025,945.36426,1403.569,";;2;35;37;24;11;8;18;14;4;9*28;13;30;21;15;10;32*16;22;3;7;29;31;12;1*5;20;23;33;25;19*6;36;27;34;26;17;38","5",""
1517,956.1307,945.36426,1267.4938,";;2;35;37;24;11;8;18;14;4;9*28;13;30;21;15;10;32*16;22;3;7;29;31;12;1*5;20;23;33;25;19*6;36;27;34;26;17;38","5",""
1518,958.24603,945.36426,1166.1132,";;2;35;37;24;11;8;18;14;4;9*28;13;30;21;15;10;32*16;22;3;7;29;31;12;1*5;20;23;33;25;19*6;36;27;34;26;17;38","5",""
1519,968.15936,945.36426,1385.4384,";;2;35;37;24;11;8;18;14;4;9*28;13;30;21;15;10;32*16;22;3;7;29;31;12;1*5;20;23;33;25;19*6;36;27;34;26;17;38","5",""
1520,971.0461,945.36426,1518.5939,";;2;35;37;24;11;8;18;14;4;9*28;13;30;21;15;10;32*16;22;3;7;29;31;12;1*5;20;23;33;25;19*6;36;27;34;26;17;38","5",""
1521,955.64026,945.36426,1242.9723,";;2;35;37;24;11;8;18;14;4;9*28;13;30;21;15;10;32*16;22;3;7;29;31;12;1*5;20;23;33;25;19*6;36;27;34;26;17;38","5",""
1522,958.1996,945.36426,1251.8314,";;2;35;37;24;11;8;18;14;4;9*28;13;30;21;15;10;32*16;22;3;7;29;31;12;1*5;20;23;33;25;19*6;36;27;34;26;17;38","5",""
1523,964.2636,945.36426,1307.9758,";;2;35;37;24;11;8;18;14;4;9*28;13;30;21;15;10;32*16;22;3;7;29;31;12;1*5;20;23;33;25;19*6;36;27;34;26;17;38","5",""
1524,968.6568,945.36426,1317.3798,";;2;35;37;24;11;8;18;14;4;9*28;13;30;21;15;10;32*16;22;3;7;29;31;12;1*5;20;23;33;25;19*6;36;27;34;26;17;38","5",""
1525,968.10046,945.36426,1385.4384,";;2;35;37;24;11;8;18;14;4;9*28;13;30;21;15;10;32*16;22;3;7;29;31;12;1*5;20;23;33;25;19*6;36;27;34;26;17;38","5",""
1526,958.9515,945.36426,1215.393,";;2;35;37;24;11;8;18;14;4;9*28;13;30;21;15;10;32*16;22;3;7;29;31;12;1*5;20;23;33;25;19*6;36;27;34;26;17;38","5",""
1527,967.0965,945.36426,1296.0964,";;2;35;37;24;11;8;18;14;4;9*28;13;30;21;15;10;32*16;22;3;7;29;31;12;1*5;20;23;33;25;19*6;36;27;34;26;17;38","5",""
1528,966.5787,945.36426,1319.8901,";;2;35;37;24;11;8;18;14;4;9*28;13;30;21;15;10;32*16;22;3;7;29;31;12;1*5;20;23;33;25;19*6;36;27;34;26;17;38","5",""
1529,971.24554,945.36426,1317.2039,";;2;35;37;24;11;8;18;14;4;9*28;13;30;21;15;10;32*16;22;3;7;29;31;12;1*5;20;23;33;25;19*6;36;27;34;26;17;38","5",""
1530,953.7752,945.36426,1274.7975,";;2;35;37;24;11;8;18;14;4;9*28;13;30;21;15;10;32*16;22;3;7;29;31;12;1*5;20;23;33;25;19*6;36;27;34;26;17;38","5",""
1531,968.1711,945.36426,1289.2322,";;2;35;37;24;11;8;16;14;4;9*28;13;30;21;15;10;32*18;22;3;7;29;31;12;1*5;20;23;33;25;19*6;36;27;34;26;17;38","5",""
1532,969.2404,945.36426,1487.3911,";;2;35;37;24;11;8;18;14;4;9*28;13;30;21;15;10;32*16;22;3;7;29;31;12;1*5;20;23;33;25;19*6;36;27;34;26;17;38","5",""
1533,970.58704,945.36426,1416.187,";;2;35;37;24;11;8;18;14;4;9*28;13;30;21;15;10;32*16;22;3;7;29;31;12;1*5;20;23;33;25;19*6;36;27;34;26;17;38","5",""
1534,977.38226,945.36426,1327.4885,";;2;35;37;24;11;8;18;14;4;9*28;13;30;21;15;10;32*16;22;3;7;29;31;12;1*5;20;23;33;25;19*6;36;27;34;26;17;38","5",""
1535,965.5123,945.36426,1296.0964,";;2;35;37;24;11;8;18;14;4;9*28;13;30;21;15;10;32*16;22;3;7;29;31;12;1*5;20;23;33;25;19*6;36;27;34;26;17;38","5",""
1536,963.07306,945.36426,1310.0913,";;2;35;37;24;11;8;18;14;4;9*28;13;30;21;15;10;32*16;22;3;7;29;31;12;1*5;20;23;33;25;19*6;36;27;34;26;17;38","5",""
1537,966.557,945.36426,1416.4768,";;2;35;37;24;11;8;18;14;4;9*28;13;30;21;15;10;32*16;22;3;7;29;31;12;1*5;20;23;33;25;19*6;36;27;34;26;17;38","5",""
1538,980.87256,945.36426,1425.7368,";;2;35;37;24;11;8;18;14;4;9*28;13;30;21;15;10;32*16;22;3;7;29;31;12;1*5;20;23;33;25;19*6;36;27;34;26;17;38","5",""
1539,967.70026,945.36426,1313.2019,";;2;35;37;24;11;8;18;14;4;9*28;13;30;21;15;10;32*16;22;3;7;29;31;12;1*5;20;23;33;25;19*6;36;27;34;26;17;38","5",""
1540,962.97626,945.36426,1300.2848,";;2;35;37;24;11;8;18;14;4;9*28;13;30;21;15;10;32*16;22;3;7;29;31;12;1*5;20;23;33;25;19*6;36;27;34;26;17;38","5",""
1541,960.88275,945.36426,1362.887,";;2;35;37;24;11;8;18;14;4;9*28;13;30;21;15;10;32*16;22;3;7;29;31;12;1*5;20;23;33;25;19*6;36;27;34;26;17;38","5",""
1542,966.3541,945.36426,1374.8118,";;2;35;37;24;11;8;18;14;4;9*28;13;30;21;15;10;32*16;22;3;7;29;31;12;1*5;20;23;33;25;19*6;36;27;34;26;17;38","5",""
1543,966.9447,945.36426,1416.4768,";;2;35;37;24;11;8;18;14;4;9*28;13;30;21;15;10;32*16;22;3;7;29;31;12;1*5;20;23;33;25;19*6;36;27;34;26;17;38","5",""
1544,973.97406,945.36426,1440.8508,";;2;35;37;24;11;8;18;14;4;9*28;13;30;21;15;10;32*16;22;3;7;29;31;12;1*5;20;23;33;25;19*6;36;27;34;26;17;38","5",""
1545,972.9102,945.36426,1302.6005,";;2;35;37;24;11;8;18;14;4;9*28;13;30;21;15;10;32*16;22;3;7;29;31;12;1*5;20;23;33;25;19*6;36;27;34;26;17;38","5",""
1546,971.9943,945.36426,1274.7975,";;2;35;37;24;11;8;18;14;4;9*28;13;30;21;15;10;32*16;22;3;7;29;31;12;1*5;20;23;33;25;19*6;36;27;34;26;17;38","5",""
1547,976.5849,945.36426,1301.7277,";;2;35;37;24;11;8;18;14;4;9*28;13;30;21;15;10;32*16;22;3;7;29;31;12;1*5;20;23;33;25;19*6;36;27;34;26;17;38","5",""
1548,964.8968,945.36426,1327.4885,";;2;35;37;24;11;8;18;14;4;9*28;13;30;21;15;10;32*16;22;3;7;29;31;12;1*5;20;23;33;25;19*6;36;27;34;26;17;38","5",""
1549,978.53,945.36426,1403.569,";;2;35;37;24;11;8;18;14;4;9*28;13;30;21;15;10;32*16;22;3;7;29;31;12;1*5;20;23;33;25;19*6;36;27;34;26;17;38","5",""
1550,970.0204,945.36426,1326.5068,";;2;35;37;24;11;8;18;14;4;9*28;13;30;21;15;10;32*16;22;3;7;29;31;12;1*5;20;23;33;25;19*6;36;27;34;26;17;38","5",""
1551,971.2634,945.36426,1385.4384,";;2;35;37;24;11;8;18;14;4;9*28;13;30;21;15;10;32*16;22;3;7;29;31;12;1*5;20;23;33;25;19*6;36;27;34;26;17;38","5",""
1552,964.8267,945.36426,1350.4136,";;2;35;37;24;11;8;18;14;4;9*28;13;30;21;15;10;32*16;22;3;7;29;31;12;1*5;20;23;33;25;19*6;36;27;34;26;17;38","5",""
1553,969.9625,945.36426,1274.796,";;2;35;37;24;11;8;18;14;4;9*28;13;30;21;15;10;32*16;22;3;7;29;31;12;1*5;20;23;33;25;19*6;36;27;34;26;17;38","5",""
1554,962.949,945.36426,1322.9912,";;2;35;37;24;11;8;18;14;4;9*28;13;30;21;15;10;32*16;22;3;7;29;31;12;1*5;20;23;33;25;19*6;36;27;34;26;17;38","5",""
1555,971.46967,945.36426,1250.8722,";;2;35;37;24;11;8;18;14;4;9*28;13;30;21;15;10;32*16;22;3;7;29;31;12;1*5;20;23;33;25;19*6;36;27;34;26;17;38","5",""
1556,967.2137,945.36426,1511.059,";;2;35;37;24;11;8;18;14;4;9*28;13;30;21;15;10;32*16;22;3;7;29;31;12;1*5;20;23;33;25;19*6;36;27;34;26;17;38","5",""
1557,972.21155,945.36426,1524.265,";;2;35;37;24;11;8;18;14;4;9*28;13;30;21;15;10;32*16;22;3;7;29;31;12;1*5;20;23;33;25;19*6;36;27;34;26;17;38","5",""
1558,967.1852,945.36426,1491.2937,";;2;35;37;24;11;8;18;14;4;9*28;13;30;21;15;10;32*16;22;3;7;29;31;12;1*5;20;23;33;25;19*6;36;27;34;26;17;38","5",""
1559,959.5863,945.36426,1333.4033,";;2;35;37;24;11;8;18;14;4;9*28;13;30;21;15;10;32*16;22;3;7;29;31;12;1*5;20;23;33;25;19*6;36;27;34;26;17;38","5",""
1560,969.24603,945.36426,1425.7368,";;2;35;37;24;11;8;18;14;4;9*28;13;30;21;15;10;32*16;22;3;7;29;31;12;1*5;20;23;33;25;19*6;36;27;34;26;17;38","5",""
1561,960.06696,945.36426,1403.569,";;2;35;37;24;11;8;18;14;4;9*28;13;30;21;15;10;32*16;22;3;7;29;31;12;1*5;20;23;33;25;19*6;36;27;34;26;17;38","5",""
1562,966.62396,945.36426,1333.4033,";;2;35;37;24;11;8;18;14;4;9*28;13;30;21;15;10;32*16;22;3;7;29;31;12;1*5;20;23;33;25;19*6;36;27;34;26;17;38","5",""
1563,958.207,945.36426,1324.5282,";;2;35;37;24;11;8;18;14;4;9*28;13;30;21;15;10;32*16;22;3;7;29;31;12;1*5;20;23;33;25;19*6;36;27;34;26;17;38","5",""
1564,980.4256,945.36426,1417.5271,";;2;35;37;24;11;8;18;14;4;9*28;13;30;21;15;10;32*16;22;3;7;29;31;12;1*5;20;23;33;25;19*6;36;27;34;26;17;38","5",""
1565,969.9391,945.36426,1357.9598,";;2;35;37;24;11;8;18;14;4;9*28;13;30;21;15;10;32*16;22;3;7;29;31;12;1*5;20;23;33;25;19*6;36;27;34;26;17;38","5",""
1566,955.38,945.36426,1191.3209,";;2;35;37;24;11;8;18;14;4;9*28;13;30;21;15;10;32*16;22;3;7;29;31;12;1*5;20;23;33;25;19*6;36;27;34;26;17;38","5",""
1567,978.65265,945.36426,1386.7859,";;2;35;37;24;11;8;18;14;4;9*28;13;30;21;15;10;32*16;22;3;7;29;31;12;1*5;20;23;33;25;19*6;36;27;34;26;17;38","5",""
1568,978.35736,945.36426,1370.3107,";;2;35;37;24;11;8;18;14;4;9*28;13;30;21;15;10;32*16;22;3;7;29;31;34;1*5;20;23;33;25;19*6;36;27;12;26;17;38","5",""
1569,976.06134,945.36426,1281.1874,";;2;35;37;24;11;8;18;14;4;9*28;13;30;21;15;10;32*16;22;3;7;29;31;12;1*5;20;23;33;25;19*6;36;27;34;26;17;38","5",""
1570,972.7086,945.36426,1337.0577,";;2;35;37;24;11;8;18;14;4;9*28;13;30;21;15;10;32*16;22;3;7;29;31;12;1*5;20;23;33;25;19*6;36;27;34;26;17;38","5",""
1571,977.2287,945.36426,1298.0004,";;2;35;37;24;11;8;18;14;4;9*28;13;30;21;15;10;32*16;22;3;7;29;31;12;1*5;20;23;33;25;19*6;36;27;34;26;17;38","5",""
1572,973.3351,945.36426,1417.5271,";;2;35;37;24;11;8;18;14;4;9*28;13;30;21;15;10;32*16;22;3;7;29;31;12;1*5;20;23;33;25;19*6;36;27;34;26;17;38","5",""
1573,982.8095,945.36426,1415.4133,";;2;35;37;24;11;8;18;14;4;9*28;13;30;21;15;10;32*16;22;3;7;29;31;12;1*5;20;23;33;25;19*6;36;27;34;26;17;38","5",""
1574,962.7166,945.36426,1308.6152,";;2;35;37;24;11;8;18;14;4;9*28;13;30;21;15;10;32*16;22;3;7;29;31;12;1*5;20;23;33;25;19*6;36;27;34;26;17;38","5",""
1575,966.7555,945.36426,1408.7378,";;2;35;37;24;11;8;18;14;4;9*28;13;30;21;15;10;32*16;22;3;7;29;31;12;1*5;20;23;33;25;19*6;36;27;34;26;17;38","5",""
1576,976.04846,945.36426,1417.5271,";;2;35;37;24;11;8;18;14;4;9*28;13;30;21;15;10;32*16;22;3;7;29;31;12;1*5;20;23;33;25;19*6;36;27;34;26;17;38","5",""
1577,958.8209,945.36426,1391.381,";;2;35;37;24;11;8;18;14;4;9*28;13;30;21;15;10;32*16;22;3;7;29;31;12;1*5;20;23;33;25;19*6;36;27;34;26;17;38","5",""
1578,974.688,945.36426,1403.569,";;2;35;37;24;11;8;18;14;4;9*28;13;30;21;15;10;32*16;22;3;7;29;31;12;1*5;20;23;33;25;19*6;36;27;34;26;17;38","5",""
1579,986.6424,945.36426,1491.2937,";;2;35;37;24;11;8;18;14;4;9*28;13;30;21;15;10;32*16;22;3;7;29;31;12;1*5;20;23;33;25;19*6;36;27;34;26;17;38","5",""
1580,968.3855,945.36426,1273.3414,";;2;35;37;24;11;8;18;14;4;9*28;13;30;21;15;10;32*16;22;3;7;29;31;12;1*5;20;23;33;25;19*6;36;27;34;26;17;38","5",""
1581,984.4075,945.36426,1319.8901,";;2;35;37;24;11;8;18;14;4;9*28;13;30;21;15;10;32*16;22;3;7;29;31;12;1*5;20;23;33;25;19*6;36;27;34;26;17;38","5",""
1582,980.94037,945.36426,1350.4136,";;2;35;16;24;11;8;18;14;4;9*28;13;30;21;15;10;32*37;22;3;7;29;31*12;1;5;20;23;33;25*19;6;36;27;34;26;17*38","6",""
1583,978.6011,945.36426,1419.0338,";;2;35;37;24;11;8;18;14;4;9*28;13;30;21;15;10;32*16;22;3;7;29;31;12;1*5;20;23;33;25;19*6;36;27;34;26;17;38","5",""
1584,969.83673,945.36426,1370.3214,";;2;35;37;24;11;31;18;14;4;9;28*13;30;21;15;10;32;16;22*3;7;29;8;12;1*5;20;23;33;25;19*6;36;27;34;26;17;38","5",""
1585,971.35657,945.36426,1310.1367,";;2;35;37;24;11;8;18;14;4;9*28;13;30;21;15;10;32*16;22;3;7;29;31;12;1*5;20;23;33;25;19*6;36;27;34;26;17;38","5",""
1586,956.8071,945.36426,1310.6064,";;2;35;37;24;11;8;18;14;4;9*28;13;30;21;15;10;32*16;22;3;7;29;31;12;1*5;20;23;33;25;19*6;36;27;34;26;17;38","5",""
1587,973.0773,945.36426,1415.4133,";;2;35;37;24;11;8;18;14;4;9*28;13;30;21;15;10;32*16;22;3;7;29;31;12;1*5;20;23;33;25;19*6;36;27;34;26;17;38","5",""
1588,970.12915,945.36426,1357.9598,";;2;35;37;24;11;8;18;14;4;9*28;13;30;21;15;10;32*16;22;3;7;29;31;12;1*5;20;23;33;25;19*6;36;27;34;26;17;38","5",""
1589,968.3594,945.36426,1416.4768,";;2;35;37;24;11;8;18;14;4;9*28;13;30;21;15;10;32*16;22;3;7;29;31;12;1*5;20;23;33;25;19*6;36;27;34;26;17;38","5",""
1590,982.8853,945.36426,1605.4214,";;2;35;37;24;11;8;18;14;4;9*28;13;30;21;15;10;32*16;22;3;7;29;31;12;1*5;20;23;33;25;19*6;36;27;34;26;17;38","5",""
1591,988.1389,945.36426,1432.9923,";;2;35;37;24;11;8;18;14;4;9*28;13;30;21;15;10;32*16;22;3;7;29;31;12;1*5;20;23;33;25;19*6;36;27;34;26;17;38","5",""
1592,971.43005,945.36426,1360.5142,";;2;35;37;24;11;8;18;14;4;9*28;13;30;21;15;10;32*16;22;3;7;29;31;12;1*5;20;23;33;25;19*6;36;27;34;26;17;38","5",""
1593,977.0027,945.36426,1301.7909,";;2;35;37;24;11;8;18;14;4;9*28;13;30;21;15;10;32*16;22;3;7;29;31;12;1*5;20;23;33;25;19*6;36;27;34;26;17;38","5",""
1594,978.30646,945.36426,1432.9923,";;2;35;37;24;11;8;18;14;4;9*28;13;30;21;15;10;32*16;22;3;7;29;31;12;1*5;20;23;33;25;19*6;36;27;34;26;17;38","5",""
1595,963.88873,945.36426,1291.9879,";;2;35;37;24;11;8;18;14;4;9*28;13;30;21;15;10;32*16;22;3;7;29;31;12;1*5;20;23;33;25;19*6;36;27;34;26;17;38","5",""
1596,971.7425,945.36426,1491.2937,";;2;35;37;24;11;8;18;14;4;9*28;13;30;21;15;10;32*16;22;3;7;29;31;12;1*5;20;23;33;25;19*6;36;27;34;26;17;38","5",""
1597,970.1507,945.36426,1307.9758,";;2;35;37;24;11;8;18;14;4;9*28;13;30;21;15;10;32*16;22;3;7;29;31;12;1*5;20;23;33;25;19*6;36;27;34;26;17;38","5",""
1598,962.1105,945.36426,1374.8118,";;2;35;37;24;11;8;18;14;4;9*28;13;30;21;15;10;32*16;22;3;7;29;31;12;1*5;20;23;33;25;19*6;36;27;34;26;17;38","5",""
1599,966.82874,945.36426,1255.9788,";;2;35;37;24;11;8;18;14;4;9*28;13;30;21;15;10;32*16;22;3;7;29;31;12;1*5;20;23;33;25;19*6;36;27;34;26;17;38","5",""
1600,962.0389,945.36426,1302.6005,";;2;35;37;24;11;8;18;14;4;9*28;13;30;21;15;10;32*16;22;3;7;29;31;12;1*5;20;23;33;25;19*6;36;27;34;26;17;38","5",""
1601,971.4448,945.36426,1333.4033,";;2;35;37;24;11;8;18;14;4;9*28;13;30;21;15;10;32*16;22;3;7;29;31;12;1*5;20;23;33;25;19*6;36;27;34;26;17;38","5",""
1602,992.0203,945.36426,1415.4133,";;2;35;37;24;11;8;18;14;4;9*28;13;30;21;15;10;32*16;22;3;7;29;31;12;1*5;20;23;33;25;19*6;36;27;34;26;17;38","5",""
1603,965.09796,945.36426,1416.4768,";;2;35;37;24;11;8;18;14;4;9*28;13;30;21;15;10;32*16;22;3;7;29;31;12;1*5;20;23;33;25;19*6;36;27;34;26;17;38","5",""
1604,969.40295,945.36426,1388.4341,";;2;35;37;24;11;8;18;14;4;9*28;13;30;21;15;10;32*16;22;3;7;29;31;12;1*5;20;23;33;25;19*6;36;27;34;26;17;38","5",""
1605,966.687,945.36426,1479.6309,";;2;35;37;24;11;8;18;14;4;9*28;13;30;21;15;10;32*16;22;3;7;29;31;12;1*5;20;23;33;25;19*6;36;27;34;26;17;38","5",""
1606,961.3413,945.36426,1314.6366,";;2;35;37;24;11;8;18;14;4;9*28;13;30;21;15;10;32*16;22;3;7;29;31;12;1*5;20;23;33;25;19*6;36;27;34;26;17;38","5",""
1607,980.045,945.36426,1386.7859,";;2;35;37;24;11;8;18;14;4;9*28;13;30;21;15;10;32*16;22;3;7;29;31;12;1*5;20;23;33;25;19*6;36;27;34;26;17;38","5",""
1608,962.12646,945.36426,1267.4938,";;2;35;37;24;11;8;18;14;4;9*28;13;30;21;15;10;32*16;22;3;7;29;31;12;1*5;20;23;33;25;19*6;36;27;34;26;17;38","5",""
1609,967.459,945.36426,1390.4355,";;2;35;37;24;11;8;18;14;4;9*28;13;30;21;15;10;32*16;22;3;7;29;31;12;1*5;20;23;33;25;19*6;36;27;34;26;17;38","5",""
1610,967.64374,945.36426,1286.4641,";;2;35;37;24;11;8;18;14;4;9*28;13;30;21;15;10;32*16;22;3;7;29;31;12;1*5;20;23;33;25;19*6;36;27;34;26;17;38","5",""
1611,970.5369,945.36426,1419.0338,";;2;35;37;24;11;8;18;14;4;9*28;13;30;21;15;10;32*16;22;3;7;29;31;12;1*5;20;23;33;25;19*6;36;27;34;26;17;38","5",""
1612,967.60626,945.36426,1340.1925,";;2;35;37;24;11;8;18;14;4;9*28;13;30;21;15;10;32*16;22;3;7;29;31;12;1*5;20;23;33;25;19*6;36;27;34;26;17;38","5",""
1613,961.5963,945.36426,1340.1925,";;2;35;37;24;11;8;18;14;4;9*28;13;30;21;15;10;32*16;22;3;7;29;31;12;1*5;20;23;33;25;19*6;36;27;34;26;17;38","5",""
1614,969.72266,945.36426,1342.1187,";;2;35;37;24;11;8;18;14;4;9*28;13;30;21;15;10;32*16;22;3;7;29;31;12;1*5;20;23;33;25;19*6;36;27;34;26;17;38","5",""
1615,962.31256,945.36426,1388.4341,";;2;35;37;24;11;8;18;14;4;9*28;13;30;21;15;10;32*16;22;3;7;29;31;12;1*5;20;23;33;25;19*6;36;27;34;26;17;38","5",""
1616,959.1395,945.36426,1310.0913,";;2;35;37;24;11;8;18;14;4;9*28;13;30;21;15;10;32*16;22;3;7;29;31;12;1*5;20;23;33;25;19*6;36;27;34;26;17;38","5",""
1617,963.473,945.36426,1218.325,";;2;35;37;24;11;8;18;14;4;9*28;13;30;21;15;10;32*16;22;3;7;29;31;12;1*5;20;23;33;25;19*6;36;27;34;26;17;38","5",""
1618,961.34705,945.36426,1440.8508,";;2;35;37;24;11;8;18;14;4;9*28;13;30;21;15;10;32*16;22;3;7;29;31*23;1;5;20;12;33;25*19;6;36;27;34;26;17*38","6",""
1619,976.43524,945.36426,1359.9888,";;2;35;37;24;11;8;18;14;4;9*28;13;30;21;15;10;32*16;22;3;7;29;31;12;1*5;20;23;33;25;19*6;36;27;34;26;17;38","5",""
1620,978.4857,945.36426,1518.5939,";;2;35;37;24;11;8;18;14;4;9*28;13;30;21;15;10;32*16;22;3;7;29;31;12;1*5;20;23;33;25;19*6;36;27;34;26;17;38","5",""
1621,985.7594,945.36426,1417.5271,";;2;35;37;24;11;8;18;14;4;9*28;13;30;21;15;10;32*16;22;3;7;29;31;12;1*5;20;23;33;25;19*6;36;27;34;26;17;38","5",""
1622,960.5578,945.36426,1417.5271,";;2;35;37;24;11;8;18;14;4;9*28;13;30;21;15;10;32*16;22;3;7;29;31;12;1*5;20;23;33;25;19*6;36;27;34;26;17;38","5",""
1623,967.1987,945.36426,1260.9413,";;2;35;37;24;11;8;18;14;4;9*28;13;30;21;15;10;32*16;22;3;7;29;31;12;1*5;20;23;33;25;19*6;36;27;34;26;17;38","5",""
1624,967.8985,945.36426,1370.3214,";;2;35;37;24;11;8;18;14;4;9*28;13;30;21;15;10;32*16;22;3;7;29;31;12;1*5;20;23;33;25;19*6;36;27;34;26;17;38","5",""
1625,962.6345,945.36426,1215.393,";;2;35;37;24;11;8;18;14;4;9*28;13;30;21;15;10;32*16;22;3;7;29;31;12;1*5;20;23;33;25;19*6;36;27;34;26;17;38","5",""
1626,967.1339,945.36426,1391.381,";;2;35;37;24;11;8;18;14;4;9*28;13;30;21;15;10;32*16;22;3;7;29;31;12;1*5;20;23;33;25;19*6;36;27;34;26;17;38","5",""
1627,958.3098,945.36426,1291.9879,";;2;35;37;24;11;8;18;14;4;9*28;13;30;21;15;10;32*16;22;3;7;29;31;12;1*5;20;23;33;25;19*6;36;27;34;26;17;38","5",""
1628,984.25385,945.36426,1370.5592,";;2;35;37;24;11;8;18;14;4;9*28;13;30;21;15;10;32*16;22;3;7;29;31;12;1*5;20;23;33;25;19*6;36;27;34;26;17;38","5",""
1629,978.4959,945.36426,1372.4895,";;2;35;37;24;11;8;18;14;4;9*28;13;30;21;15;10;32*16;22;3;7;29;31;12;1*5;20;23;33;25;19*6;36;27;34;26;17;38","5",""
1630,968.8996,945.36426,1374.8118,";;2;35;37;24;11;8;18;14;4;9*28;13;30;21;15;10;32*16;22;3;7;29;31;12;1*5;20;23;33;25;19*6;36;27;34;26;17;38","5",""
1631,982.8307,945.36426,1326.5068,";;2;35;37;24;11;8;18;14;4;9*28;13;30;21;15;10;32*16;22;3;7;29;31;12;1*5;20;23;33;25;19*6;36;27;34;26;17;38","5",""
1632,969.65704,945.36426,1308.6152,";;2;35;37;24;11;8;18;14;4;9*28;13;30;21;15;10;32*16;22;3;7;29;31;12;1*5;20;23;33;25;19*6;36;27;34;26;17;38","5",""
1633,964.28577,945.36426,1285.0648,";;2;35;37;24;11;8;18;14;4;9*28;13;30;21;15;10;32*16;22;3;7;29;31;12;1*5;20;23;33;25;19*6;36;27;34;26;17;38","5",""
1634,975.3209,945.36426,1391.381,";;2;35;37;24;11;8;18;14;4;9*28;13;30;21;15;10;32*16;22;3;7;29;31;12;1*5;20;23;33;25;19*6;36;27;34;26;17;38","5",""
1635,965.29,945.36426,1289.2322,";;2;35;37;24;11;8;18;14;4;9*28;13;30;21;15;10;32;38*22;3;7;29;31;12;1*5;20;23;33;25;19*6;36;27;34;26;17;16","5",""
1636,981.39056,945.36426,1524.265,";;2;35;37;24;11;8;18;14;4;9*28;13;30;21;15;10;32*16;22;3;7;29;31;12;1*5;20;23;33;25;19*6;36;27;34;26;17;38","5",""
1637,980.0404,945.36426,1355.6561,";;2;35;37;24;11;8;18;14;4;9*28;13;30;21;15;10;32*16;22;3;26;29;31;12;1*5;20;23;33;25;19*6;36;27;34;7;17*38","6",""
1638,961.25397,945.36426,1350.4136,";;2;35;37;24;11;8;18;14;4;9*28;13;30;21;15;10;32*16;22;3;7;29;31;12;1*5;20;23;33;25;19*6;36;27;34;26;17;38","5",""
1639,975.2358,945.36426,1365.6924,";;2;35;37;24;11;8;18;14;4;9*28;13;30;21;15;10;32*16;22;3;7;29;31;12;1*5;20;23;33;25;19*6;36;27;34;26;17;38","5",""
1640,977.28955,945.36426,1303.484,";;2;35;37;24;11;8;18;14;4;9*28;13;30;21;15;10;32*16;22;3;7;29;31;12;1*5;20;23;33;25;19*6;36;27;34;26;17;38","5",""
1641,985.7798,945.36426,1324.5282,";;2;35;37;24;11;8;18;14;4;9*28;13;30;21;15;10;32*16;22;3;7;29;31;12;1*5;20;23;33;25;19*6;36;27;34;26;17;38","5",""
1642,954.33655,945.36426,1192.4553,";;2;35;37;24;11;8;18;14;4;9*28;13;30;21;15;10;32*16;22;3;7;29;31;12;1*5;20;23;33;25;19*6;36;27;34;26;17;38","5",""
1643,980.17267,945.36426,1370.3214,";;2;35;37;24;11;8;18;14;4;9*28;13;30;21;15;10;32*16;22;3;7;29;31;12;1*5;20;23;33;25;19*6;36;27;34;26;17;38","5",""
1644,980.4889,945.36426,1313.2019,";;2;35;37;24;11;8;18;14;4;9*28;13;30;21;15;10;32*16;22;3;7;29;31;12;1*5;20;23;33;25;19*6;36;27;34;26;17;38","5",""
1645,964.86896,945.36426,1341.7202,";;2;35;37;24;11;8;18;14;4;9*28;13;30;21;15;10;32*16;22;3;7;29;31;12;1*5;20;23;33;25;19*6;36;27;34;26;17;38","5",""
1646,972.7907,945.36426,1357.9598,";;2;35;37;24;11;8;18;14;4;9*28;13;30;21;15;10;32*16;22;3;7;29;31;12;1*5;20;23;33;25;19*6;36;27;34;26;17;38","5",""
1647,975.31586,945.36426,1417.5271,";;2;35;37;24;11;8;18;14;4;9*28;13;30;21;15;10;32*16;22;3;7;29;31;12;1*5;20;23;33;25;19*6;36;27;34;26;17;38","5",""
1648,965.8074,945.36426,1274.7975,";;2;35;37;24;11;8;18;14;4;9*28;13;30;21;15;10;32*16;22;3;7;29;31;12;1*5;20;23;33;25;19*6;36;27;34;26;17;38","5",""
1649,974.28735,945.36426,1283.6252,";;2;35;37;24;11;8;18;14;4;9*28;13;30;21;15;10;32*16;22;3;7;29;31;12;1*5;20;23;33;25;19*6;36;27;34;26;17;38","5",""
1650,976.6199,945.36426,1386.7859,";;2;35;37;24;11;8;18;14;4;9*28;13;30;21;15;10;32*16;22;3;7;29;31;12;1*5;20;23;33;25;19*6;36;27;34;26;17;38","5",""
1651,965.22437,945.36426,1199.4796,";;2;35;37;24;11;8;18;14;4;9*28;13;30;21;15;10;32*16;22;3;7;29;31;12;1*5;20;23;33;25;19*6;36;27;34;26;17;38","5",""
1652,970.0984,945.36426,1342.1187,";;2;35;37;24;11;8;18;14;4;9*28;13;30;21;15;10;32*16;22;3;7;29;31;12;1*5;20;23;33;25;19*6;36;27;34;26;17;38","5",""
1653,973.71405,945.36426,1386.7859,";;2;35;37;24;11;8;18;14;4;9*28;13;30;21;15;10;32*16;22;3;7;29;31;12;1*5;20;23;33;25;19*6;36;27;34;26;17;38","5",""
1654,967.8789,945.36426,1359.9888,";;2;35;37;24;11;8;18;14;4;9*28;13;30;21;15;10;32*16;22;3;7;29;31;12;1*5;20;23;33;25;19*6;36;27;34;26;17;38","5",""
1655,974.9627,945.36426,1390.4355,";;2;35;37;24;11;8;18;14;4;9*28;13;30;21;15;10;32*16;22;3;7;29;31;12;1*5;20;23;33;25;19*6;36;27;34;26;17;38","5",""
1656,967.8299,945.36426,1341.7202,";;2;35;37;24;11;8;18;14;4;9*28;13;30;21;15;10;32*16;22;3;7;29;31;12;1*5;20;23;33;25;19*6;36;27;34;26;17;38","5",""
1657,967.3437,945.36426,1274.7975,";;2;35;37;24;11;8;18;14;4;9*28;13;30;21;15;10;32*16;22;3;7;29;31;12;1*5;20;23;33;25;19*6;36;27;34;26;17;38","5",""
1658,962.7352,945.36426,1301.7277,";;2;35;37;24;11;8;18;14;4;9*28;13;30;21;15;10;32*16;22;3;7;29;31;12;1*5;20;23;33;25;19*6;36;27;34;26;17;38","5",""
1659,964.0743,945.36426,1279.0768,";;2;35;37;24;11;8;18;14;4;9*28;13;30;21;15;10;32*16;22;3;7;29;31;12;1*5;20;23;33;25;19*6;36;27;34;26;17;38","5",""
1660,970.08234,945.36426,1350.4136,";;2;35;37;24;11;8;18;14;4;9*28;13;30;21;15;10;32*16;22;3;7;29;31;12;1*5;20;23;33;25;19*6;36;27;34;26;17;38","5",""
1661,961.95685,945.36426,1331.2523,";;2;35;37;24;11;8;18;14;4;9*28;13;30;21;15;10;32*16;22;3;7;29;31;12;1*5;20;23;33;25;19*6;36;27;34;26;17;38","5",""
1662,970.2999,945.36426,1327.4885,";;2;35;37;24;11;8;18;14;4;9*28;13;30;21;15;10;32*16;22;3;7;29;31;12;1*5;20;23;33;25;19*6;36;27;34;26;17;38","5",""
1663,975.74774,945.36426,1417.5271,";;2;35;37;24;11;8;18;14;4;9*28;13;30;21;15;10;32*16;22;3;7;29;31;12;1*5;20;23;33;25;19*6;36;27;34;26;17;38","5",""
1664,952.94305,945.36426,1132.593,";;2;35;37;24;11;8;18;14;4;9*28;13;30;21;15;10;32*16;22;3;7;29;31;12;1*5;20;23;33;25;19*6;36;27;34;26;17;38","5",""
1665,977.4311,945.36426,1355.6561,";;2;35;37;24;11;8;18;14;4;9*28;13;30;21;15;10;32*16;22;3;7;29;31;12;1*5;20;23;33;25;19*6;36;27;34;26;17;38","5",""
1666,971.1351,945.36426,1329.4408,";;2;35;37;24;11;8;18;14;4;9*28;13;30;21;15;10;32*16;22;3;7;29;31;12;1*5;20;23;33;25;19*6;36;27;34;26;17;38","5",""
1667,981.74603,945.36426,1432.9923,";;2;35;37;24;11;8;18;14;4;9*28;13;30;21;15;10;32*16;22;3;7;29;31;12;1*5;20;23;33;25;19*6;36;27;34;26;17;38","5",""
1668,966.9049,945.36426,1224.3395,";;2;35;37;24;11;8;18;14;4;9*28;13;30;15;21;10;32*16;22;3;7;29;31;12;1*5;20;23;33;25;19*6;36;27;34;26;17;38","5",""
1669,973.56415,945.36426,1307.41,";;2;35;37;24;11;8;18;14;4;9*28;13;30;21;15;10;32*16;22;3;7;29;31;12;1*5;20;23;33;25;19*6;36;27;34;26;17;38","5",""
1670,983.75287,945.36426,1310.0913,";;2;35;37;24;11;13;18;14;4;9*28;8;30;21;15;10;32*16;22;3;7;29;31;12;1*5;20;23;33;25;19*6;36;27;34;26;17;38","5",""
1671,973.9675,945.36426,1333.4033,";;2;35;37;24;11;8;18;14;4;9*28;13;30;21;15;10;32*16;22;3;7;29;31;12;1*5;20;23;33;25;19*6;36;27;34;26;17;38","5",""
1672,975.3911,945.36426,1285.7301,";;2;35;37;24;11;8;18;14;4;9*28;13;30;21;15;10;32*16;22;3;7;29;31;12;1*5;20;23;33;25;19*6;36;27;34;26;17;38","5",""
1673,961.90955,945.36426,1210.4305,";;2;35;37;24;11;8;18;14;4;9*28;13;30;21;15;10;32*16;22;3;7;29;31;12;1*5;20;23;33;25;19*6;36;27;34;26;17;38","5",""
1674,964.37085,945.36426,1220.1584,";;2;35;37;24;11;8;18;14;4;9*28;13;30;21;15;10;32*16;22;3;7;29;31;12;1*5;20;23;33;25;19*6;36;27;34;26;17;38","5",""
1675,975.02167,945.36426,1440.8508,";;2;35;37;24;11;8;18;14;4;9*28;13;30;21;15;10;32*16;22;3;7;29;31;12;1*5;20;23;33;25;19*6;36;27;34;26;17;38","5",""
1676,992.8301,945.36426,1425.2108,";;2;35;37;24;11;8;18;14;4;9*28;13;30;21;15;10;32*16;22;3;7;29;31;12;1*5;20;23;33;25;19*6;36;27;34;26;17;38","5",""
1677,977.3384,945.36426,1359.9888,";;2;35;37;24;11;8;18;14;4;9*28;13;30;21;15;10;32*16;22;3;7;29;31;12;1*5;20;23;33;25;19*6;36;27;34;26;17;38","5",""
1678,977.21515,945.36426,1366.2103,";;2;35;37;24;11;8;18;14;4;9*28;13;30;21;15;10;32*16;22;3;7;29;31;12;1*5;20;23;33;25;19*6;36;27;34;26;17;38","5",""
1679,964.87256,945.36426,1307.9758,";;2;35;37;24;11;8;18;14;4;9*28;13;30;21;15;10;32*16;22;3;7;29;31;12;1*5;20;23;33;25;19*6;36;27;34;26;17;38","5",""
1680,970.47626,945.36426,1316.2646,";;2;35;37;24;11;8;18;14;4;9*28;13;30;21;15;10;32*16;22;3;7;29;31;12;1*5;20;23;33;25;19*6;36;27;34;26;17;38","5",""
1681,967.4434,945.36426,1305.6436,";;2;35;37;24;11;8;18;14;4;9*28;13;30;21;15;10;32*16;22;3;7;29;31;12;1*5;20;23;33;25;19*6;36;27;34;26;17;38","5",""
1682,974.99524,945.36426,1479.6309,";;2;35;37;24;11;8;18;14;4;9*28;13;30;21;15;10;32*16;22;3;7;29;31;12;1*5;20;23;33;25;19*6;36;27;34;26;17;38","5",""
1683,973.78687,945.36426,1360.5142,";;2;35;37;24;11;8;18;14;4;9*28;13;30;21;15;10;32*16;22;3;7;29;31;12;1*5;20;23;33;25;19*6;36;27;34;26;17;38","5",""
1684,962.7491,945.36426,1322.9912,";;2;35;37;24;11;8;18;14;4;9*28;13;30;21;15;10;32*16;22;3;7;29;31;12;1*5;20;23;33;25;19*6;36;27;34;26;17;38","5",""
1685,965.889,945.36426,1286.0565,";;2;35;37;24;11;8;18;14;4;9*28;13;30;21;15;10;32*16;22;3;7;29;31;12;1*5;20;23;33;25;19*6;36;27;34;26;17;38","5",""
1686,971.05554,945.36426,1267.4998,";;2;35;37;24;11;8;18;14;4;9*28;13;30;21;15;10;32*16;22;3;7;29;31;12;1*5;20;23;33;25;19*6;36;27;34;26;17;38","5",""
1687,980.60297,945.36426,1416.4768,";;2;35;37;24;11;8;18;14;4;9*28;13;30;21;15;10;32*16;22;3;7;29;31;12;1*5;20;23;33;25;19*6;36;27;34;26;17;38","5",""
1688,965.0307,945.36426,1201.5111,";;2;35;37;24;11;8;18;14;4;9*28;13;30;21;15;10;32*16;22;3;7;29;31;12;1*5;20;23;33;25;19*6;36;27;34;26;17;38","5",""
1689,965.9158,945.36426,1357.9598,";;2;35;37;24;11;8;18;14;4;9*28;13;30;21;15;10;32*16;22;3;7;29;31;12;1*5;20;23;33;25;19*6;36;27;34;26;17;38","5",""
1690,972.1682,945.36426,1425.7368,";;2;35;37;24;11;8;18;14;4;9*28;13;30;21;15;10;32*16;22;3;7;29;31;12;1*5;20;23;33;25;19*6;36;27;34;26;17;38","5",""
1691,971.80554,945.36426,1274.7975,";;2;35;37;24;11;8;18;14;4;9*28;13;30;21;15;10;32*16;22;3;7;29;31;12;1*5;20;23;33;25;19*6;36;27;34;26;17;38","5",""
1692,972.6393,945.36426,1350.4136,";;2;35;37;24;11;8;18;14;4;9*28;13;30;21;15;10;32*16;22;3;7;29;31;12;1*5;20;23;33;25;19*6;36;27;34;26;17;38","5",""
1693,968.86237,945.36426,1317.2039,";;2;35;37;24;11;8;18;14;4;9*28;13;30;21;15;10;32*16;22;3;7;29;31;12;1*5;20;23;33;25;19*6;36;27;34;26;17;38","5",""
1694,962.6881,945.36426,1298.0004,";;2;35;37;24;11;8;18;14;4;9*28;13;30;21;15;10;32*16;22;3;7;29;31;12;1*27;20;23;33;25;19*6;36;5;34;26;17;38","5",""
1695,964.56146,945.36426,1381.8179,";;2;35;37;24;11;8;18;14;4;9*28;13;30;21;15;10;32*16;22;3;7;29;31;12;1*5;20;23;33;25;19*6;36;27;34;26;17;38","5",""
1696,973.2375,945.36426,1340.1925,";;2;35;37;24;11;8;18;14;4;9*28;13;30;21;15;10;32*16;22;3;7;29;31;12;1*5;20;23;33;25;19*6;36;27;34;26;17;38","5",""
1697,966.1804,945.36426,1300.4296,";;2;35;37;24;11;8;18;14;4;9*28;13;30;21;15;10;32*16;22;3;7;29;31;12;1*5;20;23;33;25;19*6;36;27;34;26;17;38","5",""
1698,961.4897,945.36426,1264.5425,";;2;35;37;24;11;8;18;14;4;9*28;13;30;21;15;10;32*16;22;3;7;29;31;12;1*5;20;23;33;25;19*6;36;27;34;26;17;38","5",""
1699,969.2427,945.36426,1385.4384,";;12;35;37;24;11;8;18;14;4;9*28;13;30;21;15;10;32*16;22;3;7;29;31;2;1*5;20;23;33;25;19*6;36;27;34;26;17;38","5",""
1700,966.7136,945.36426,1403.569,";;2;35;37;24;11;8;18;14;4;9*28;13;30;21;15;10;32*16;22;3;7;29;31;12;1*5;20;23;33;25;19*6;36;27;34;26;17;38","5",""
1701,967.44495,945.36426,1273.2815,";;2;35;37;24;11;8;18;14;4;9*28;13;30;21;15;10;32*16;22;3;7;29;31;12;1*5;20;23;33;25;19*6;36;27;34;26;17;38","5",""
1702,968.53925,945.36426,1322.9912,";;2;35;37;24;11;8;18;14;4;9*28;13;30;21;15;10;32*16;22;3;7;29;31;12;1*5;20;23;33;25;19*6;36;27;34;26;17;38","5",""
1703,983.9189,945.36426,1444.0874,";;2;35;37;24;11;8;18;14;4;9*28;13;30;21;15;10;32*16;22;3;7;29;31;12;1*5;20;23;33;25;19*6;36;27;34;26;17;38","5",""
1704,974.19977,945.36426,1362.887,";;2;35;37;24;11;8;18;14;4;9*28;13;30;21;15;10;32*16;22;3;7;29;31;12;1*5;20;23;33;25;19*6;36;27;34;26;17;38","5",""
1705,962.2367,945.36426,1300.2848,";;2;35;37;24;11;8;18;14;4;9*28;13;30;21;15;10;32*16;22;3;7;29;31;12;1*5;20;23;33;25;19*6;36;27;34;26;17;38","5",""
1706,973.17804,945.36426,1425.2108,";;2;35;37;24;11;8;18;14;4;9*28;13;30;21;15;10;32*16;22;3;7;29;31;12;1*5;20;23;33;25;19*6;36;27;34;26;17;38","5",""
1707,966.15906,945.36426,1284.3015,";;2;35;37;24;11;8;18;14;4;9*28;13;30;21;15;10;32*16;22;3;7;29;31;12;1*5;20;23;33;25;19*6;36;27;34;26;17;38","5",""
1708,976.5274,945.36426,1344.3146,";;2;35;37;24;11;8;18;14;4;9*28;13;30;21;15;10;32*16;22;3;7;29;31;12;1*5;20;23;33;25;19*6;36;27;34;26;17;38","5",""
1709,970.36237,945.36426,1487.3911,";;2;35;37;24;11;8;18;14;4;9*28;13;30;21;15;10;32*16;22;3;7;29;31;12;1*5;20;23;33;25;19*6;36;27;34;26;17;38","5",""
1710,965.25024,945.36426,1288.2667,";;2;35;37;24;11;8;18;14;4;9*28;13;30;21;15;10;32*16;22;3;7;29;31;12;1*5;20;23;33;25;19*6;36;27;34;26;17;38","5",""
1711,966.6794,945.36426,1300.2848,";;2;35;37;24;11;8;18;14;4;9*28;13;30;21;15;10;32*16;22;3;7;29;31;12;1*5;20;23;33;25;19*6;36;27;34;26;17;38","5",""
1712,985.3915,945.36426,1463.205,";;2;35;37;24;11;8;18;14;4;9*28;13;30;21;15;10;32*16;22;3;7;29;31;12;1*5;20;23;33;25;19*6;36;27;34;26;17;38","5",""
1713,974.4068,945.36426,1403.569,";;2;35;37;24;11;8;18;14;4;9*28;13;30;21;15;10;32*16;22;3;7;29;31;12;1*5;20;23;33;25;19*6;36;27;34;26;17;38","5",""
1714,962.3787,945.36426,1403.569,";;2;35;37;24;11;8;18;14;4;9*28;13;30;21;15;10;32*16;22;3;7;29;31;12;1*5;20;23;33;25;19*6;36;27;34;26;17;38","5",""
1715,961.4192,945.36426,1311.0071,";;2;35;37;24;11;8;18;14;4;9*28;13;30;21;15;10;32*16;22;3;7;29;31;12;1*5;20;23;33;25;19*6;36;27;34;26;17;38","5",""
1716,968.0748,945.36426,1386.7859,";;2;35;37;24;11;8;18;14;4;9*28;13;30;21;15;10;32*16;22;3;7;29;31;12;1*5;20;23;33;25;19*6;36;27;34;26;17;38","5",""
1717,968.906,945.36426,1331.2523,";;2;35;37;24;11;8;18;14;4;9*28;13;30;21;15;10;32*16;22;3;7;29;31;12;1*5;20;23;33;25;19*6;36;27;34;26;17;38","5",""
1718,961.5034,945.36426,1326.5068,";;2;35;37;24;11;8;18;14;4;9*28;13;30;21;15;10;32*16;22;3;7;29;31;12;1*5;20;23;33;25;19*6;36;27;34;26;17;38","5",""
1719,989.84064,945.36426,1487.7963,";;2;35;37;24;11;8;18;14;4;9*28;13;30;21;15;10;32*16;22;3;7;29;31;12;1*5;20;23;33;25;19*6;36;27;34;26;17;38","5",""
1720,968.9222,945.36426,1351.9104,";;2;35;37;24;11;8;18;14;4;9*28;13;30;21;15;10;32*16;22;3;7;29;31;12;1*5;20;23;33;25;19*6;36;27;34;26;17;38","5",""
1721,974.38416,945.36426,1403.569,";;2;35;37;24;11;8;18;14;4;9*28;13;30;21;15;10;32*16;22;3;7;29;31;12;1*5;20;23;33;25;19*6;36;27;34;26;17;38","5",""
1722,978.43646,945.36426,1301.7909,";;2;35;37;24;11;8;18;14;4;9*28;13;30;21;15;10;32*16;22;3;7;29;31;12;1*5;20;23;33;25;19*6;36;27;34;26;17;38","5",""
1723,973.11884,945.36426,1419.0338,";;2;35;37;24;11;8;18;14;4;9*28;13;30;21;15;10;32*16;22;3;7;29;31;12;1*5;20;23;33;25;19*6;36;27;34;26;17;38","5",""
1724,971.72705,945.36426,1286.076,";;2;35;37;24;11;8;18;14;4;9*28;13;30;21;15;10;32*16;22;3;7;29;31;12;1*5;20;23;33;25;19*6;36;27;34;26;17;38","5",""
1725,969.3699,945.36426,1416.187,";;2;35;37;24;11;8;18;14;4;9*28;13;30;21;15;10;32*16;22;3;7;29;31;12;1*5;20;23;33;25;19*6;36;27;34;26;17;38","5",""
1726,964.3217,945.36426,1400.8604,";;2;35;37;24;11;8;18;14;4;9*28;13;30;21;15;10;32*16;22;3;7;29;31;12;1*5;20;23;33;25;19*6;36;27;34;26;17;38","5",""
1727,980.5687,945.36426,1440.8508,";;2;35;37;24;11;8;18;14;4;9*28;13;30;21;15;10;32*16;22;3;7;29;31;12;1*5;20;23;33;25;19*6;36;27;34;26;17;38","5",""
1728,971.51764,945.36426,1386.7859,";;2;35;37;24;11;8;18;14;4;9*28;13;30;21;15;10;32*16;22;3;7;29;31;12;1*5;20;23;33;25;19*6;36;27;34;26;17;38","5",""
1729,963.1962,945.36426,1296.0964,";;2;35;37;24;11;8;18;14;4;9*28;13;30;21;15;10;32*16;22;3;7;29;31;12;1*5;20;23;33;25;19*6;36;27;34;26;17;38","5",""
1730,967.0466,945.36426,1300.2848,";;2;35;37;24;11;8;18;14;4;9*28;13;30;21;15;10;32*16;22;3;7;29;31;12;1*5;20;23;33;25;19*6;36;27;34;26;17;38","5",""
1731,962.9232,945.36426,1298.0004,";;2;35;37;24;11;8;18;14;4;9*28;13;30;21;15;10;32*16;22;3;7;29;31;12;1*5;20;23;33;25;19*6;36;27;34;26;17;38","5",""
1732,967.74133,945.36426,1432.9923,";;2;35;37;24;11;8;18;14;4;9*28;13;30;21;15;10;32*16;22;3;7;29;31;12;1*5;20;23;33;25;19*6;36;27;34;26;17;38","5",""
1733,969.68115,945.36426,1386.7859,";;2;35;37;24;11;8;18;14;4;9*28;13;30;21;15;10;32*16;22;3;7;29;31;12;1*5;20;23;33;25;19*6;36;27;34;26;17;38","5",""
1734,971.1401,945.36426,1341.7202,";;2;35;37;24;11;8;18;14;4;9*28;13;30;21;15;10;32*16;22;3;7;29;31;12;1*5;20;23;33;25;19*6;36;27;34;26;17;38","5",""
1735,961.12115,945.36426,1204.036,";;2;35;37;24;11;8;18;14;4;9*28;13;30;21;15;10;32*16;22;3;7;29;31;12;1*5;20;23;33;25;19*6;36;27;34;26;17;38","5",""
1736,991.1171,945.36426,1444.0874,";;2;35;37;24;11;8;18;14;4;9*28;13;30;21;15;10;32*16;22;3;7;29;31;12;1*5;20;23;33;25;19*6;36;27;34;26;17;38","5",""
1737,963.8326,945.36426,1400.8604,";;2;35;37;24;11;8;18;14;4;9*28;13;30;21;15;10;32*16;22;3;7;29;31;12;1*5;20;23;33;25;19*6;36;27;34;26;17;38","5",""
1738,978.8368,945.36426,1391.381,";;2;35;37;24;11;8;18;14;4;9*28;13;30;21;15;10;32*16;22;3;7;29;31;12;1*5;20;23;33;25;19*6;36;27;34;26;17;38","5",""
1739,967.6091,945.36426,1298.0004,";;2;35;37;24;11;8;18;14;4;9*28;13;30;21;15;10;32*16;22;3;7;29;31;12;1*5;20;23;33;25;19*6;36;27;34;26;17;38","5",""
1740,967.58563,945.36426,1416.187,";;2;35;37;24;11;8;18;14;4;9*28;13;30;21;15;10;32*16;22;3;7;29;31;12;1*5;20;23;33;25;19*6;36;27;34;26;17;38","5",""
1741,962.695,945.36426,1248.684,";;2;35;37;24;11;8;18;14;4;9*28;13;30;21;15;10;32*16;22;3;7;29;31;12;1*5;20;23;33;25;19*6;36;27;34;26;17;38","5",""
1742,966.5084,945.36426,1310.1367,";;2;35;37;24;11;8;18;14;4;9*28;13;30;21;15;10;32*16;22;3;7;29;31;12;1*5;20;23;33;25;19*6;36;27;34;26;17;38","5",""
1743,976.56586,945.36426,1329.4408,";;2;35;37;24;11;8;18;14;4;9*28;13;30;21;15;10;32*16;22;3;7;29;31;12;1*5;20;23;33;25;19*6;36;27;34;26;17;38","5",""
1744,963.8893,945.36426,1444.0874,";;2;35;37;24;11;8;18;14;4;9*28;13;30;21;15;10;32*16;22;3;7;29;31;12;1*5;20;23;33;25;19*6;36;27;34;26;17;38","5",""
1745,981.33264,945.36426,1360.5142,";;2;35;37;24;11;8;18;14;4;9*28;13;30;21;15;10;32*16;22;3;7;29;31;12;1*5;20;23;33;25;19*6;36;27;34;26;17;38","5",""
1746,970.0545,945.36426,1274.796,";;2;35;37;24;11;8;18;14;4;9*28;13;30;21;15;10;32*16;22;3;7;29;31;12;1*5;20;23;33;25;19*6;36;27;34;26;17;38","5",""
1747,966.9215,945.36426,1416.4768,";;2;35;37;24;11;8;18;14;4;9*28;13;30;21;15;10;32*16;22;3;7;29;31;12;1*5;20;23;33;25;19*6;36;27;34;26;17;38","5",""
1748,975.6814,945.36426,1372.9323,";;2;35;37;24;11;8;18;14;4;9*28;13;30;21;15;10;32*16;22;3;7;29;31;12;1*5;20;23;33;25;19*6;36;27;34;26;17;38","5",""
1749,983.00073,945.36426,1317.2039,";;2;35;37;24;11;8;18;14;4;9*28;13;30;21;15;10;32*16;22;3;7;29;31;12;1*5;20;23;33;25;19*6;36;27;34;26;17;38","5",""
1750,967.5771,945.36426,1326.5068,";;2;35;37;24;11;8;18;14;4;9*28;13;30;21;15;10;32*16;22;3;7;29;31;12;1*5;20;23;33;25;19*6;36;27;34;26;17;38","5",""
1751,965.7533,945.36426,1355.6561,";;2;35;37;24;11;8;18;14;4;9*28;13;30;21;15;10;32*16;22;3;7;29;31;12;1*5;20;23;33;25;19*6;36;27;34;26;17;38","5",""
1752,971.87854,945.36426,1388.4341,";;2;35;37;24;11;8;18;14;4;9*28;13;30;21;15;10;32*16;22;3;7;29;31;12;1*5;20;23;33;25;19*6;36;27;34;26;17;38","5",""
1753,967.7781,945.36426,1341.7202,";;2;35;37;24;11;8;18;14;4;9*28;13;30;21;15;10;32*16;22;3;7;29;31;12;1*5;20;23;33;25;19*6;36;27;34;26;17;38","5",""
1754,968.449,945.36426,1341.7202,";;2;35;37;24;11;8;18;14;4;9*28;13;30;21;15;10;32*16;22;3;7;29;31;12;1*5;20;23;33;25;19*6;36;27;34;26;17;38","5",""
1755,974.77057,945.36426,1444.0874,";;2;35;37;24;11;8;18;14;4;9*28;13;30;21;15;10;32*16;22;3;7;29;31;12;1*5;20;23;33;25;19*6;36;27;34;26;17;38","5",""
1756,963.5627,945.36426,1386.7859,";;2;35;37;24;11;8;18;14;4;9*28;13;30;21;15;10;32*16;22;3;7;29;31;12;1*5;20;23;33;25;19*6;36;27;34;26;17;38","5",""
1757,966.11975,945.36426,1254.4568,";;2;35;37;24;11;8;18;14;4;9*28;7;30;21;15;10;32*16;22;3;13;29;31;12;1*5;20;23;33;25;19*6;36;27;34;26;17;38","5",""
1758,966.2942,945.36426,1391.381,";;2;35;37;24;11;8;18;14;4;9*28;13;30;21;15;10;32*16;22;3;7;29;31;12;1*5;20;23;33;25;19*6;36;27;34;26;17;38","5",""
1759,971.9626,945.36426,1372.4895,";;2;35;37;24;11;8;18;14;4;9*28;13;30;21;15;10;32*16;22;3;7;29;31;12;1*5;20;23;33;25;19*6;36;27;34;26;17;38","5",""
1760,973.57263,945.36426,1370.3107,";;2;35;37;24;11;8;18;14;4;9*28;13;30;21;15;10;32*16;22;3;7;29;31;12;1*5;20;23;33;25;19*6;36;27;34;26;17;38","5",""
1761,968.1705,945.36426,1322.9912,";;2;35;37;24;11;8;18;14;4;9*28;13;30;21;15;10;32*16;22;3;7;29;31;12;1*5;20;23;33;25;19*6;36;27;34;26;17;38","5",""
1762,966.2764,945.36426,1416.4768,";;2;35;37;24;11;8;18;14;4;9*28;13;30;21;15;10;32*16;22;3;7;29;31;12;1*5;20;23;33;25;19*6;36;27;34;26;17;38","5",""
1763,959.4656,945.36426,1391.381,";;2;35;37;24;11;8;18;14;4;9*28;13;30;21;15;10;32*16;22;3;7;29;31;12;1*5;20;23;33;25;19*6;36;27;34;26;17;38","5",""
1764,975.0129,945.36426,1355.6561,";;2;35;37;24;11;8;18;14;4;9*28;13;30;21;15;10;32*16;22;3;7;29;31;12;1*5;20;23;33;25;19*6;36;27;34;26;17;38","5",""
1765,982.93463,945.36426,1285.9364,";;2;35;37;24;11;8;18;14;4;9*28;13;30;21;15;10;32*16;22;3;7;29;31;12;1*5;20;23;33;25;19*6;36;27;34;26;17;38","5",""
1766,973.39484,945.36426,1362.887,";;2;35;37;24;11;8;18;14;4;9*28;13;30;21;15;10;32*16;22;3;7;29;31;12;1*5;20;23;33;25;19*6;36;27;34;26;17;38","5",""
1767,960.31714,945.36426,1246.5809,";;2;35;37;24;11;8;18;14;4;9*28;13;30;21;15;10;32*16;22;3;7;29;31;12;1*5;20;23;33;25;19*6;36;27;34;26;17;38","5",""
1768,964.2788,945.36426,1300.4296,";;2;35;37;24;11;8;18;14;4;9*28;13;30;21;15;10;32*16;22;3;7;29;31;12;1*5;33;23;20;25;19*6;36;27;34;26;17;38","5",""
1769,955.59064,945.36426,1274.796,";;2;35;37;24;11;8;18;14;4;9*28;13;30;21;15;10;32*16;22;3;7;29;31;12;1*5;20;23;33;25;19*6;36;27;34;26;17;38","5",""
1770,962.5789,945.36426,1357.9598,";;2;35;37;24;11;8;18;14;4;9*28;13;30;21;15;10;32*16;22;3;7;29;31;12;1*5;20;23;33;25;19*6;36;27;34;26;17;38","5",""
1771,983.7154,945.36426,1524.265,";;2;35;37;24;11;8;18;14;4;9*28;13;30;21;15;10;32*16;22;3;7;29;31;12;1*5;20;23;33;25;19*6;36;27;34;26;17;38","5",""
1772,985.11993,945.36426,1425.2108,";;2;35;37;24;11;8;18;14;4;9*28;13;30;21;15;10;32*16;22;3;7;29;31;12;1*5;20;23;33;25;19*6;36;27;34;26;17;38","5",""
1773,962.248,945.36426,1301.1147,";;2;35;37;24;11;8;18;14;4;9*28;13;30;21;15;10;32*16;22;3;7;29;31;12;1*5;20;23;33;25;19*6;36;27;34;26;17;38","5",""
1774,965.5863,945.36426,1440.8508,";;2;35;37;24;11;8;18;14;4;9*28;13;30;21;15;10;32*16;22;3;7;29;31;12;1*5;20;23;33;25;19*6;36;27;34;26;17;38","5",""
1775,970.1244,945.36426,1331.2523,";;2;35;37;24;11;8;18;14;4;9*28;13;30;21;15;10;32*16;22;3;7;29;31;12;1*5;20;23;33;25;19*6;36;27;34;26;17;38","5",""
1776,965.2198,945.36426,1331.2523,";;2;35;37;24;11;8;18;14;4;9*28;13;30;21;15;10;32*16;22;3;7;29;31;12;1*5;20;23;33;25;19*6;36;27;34;26;17;38","5",""
1777,969.5225,945.36426,1316.4147,";;2;35;37;24;11;8;18;14;4;9*28;13;30;21;15;10;32*16;22;3;7;29;31;12;1*5;20;23;33;25;19*6;36;27;34;26;17;38","5",""
1778,970.28674,945.36426,1403.569,";;2;35;37;24;11;8;18;14;4;9*28;13;30;21;15;10;32*16;22;3;7;29;31;12;1*5;20;23;33;25;19*6;36;27;34;26;17;38","5",""
1779,972.51483,945.36426,1417.5271,";;2;35;37;24;11;8;18;14;4;9*28;13;30;21;15;10;32*16;22;3;7;29;31;12;1*5;20;23;33;25;19*6;36;27;34;26;17;38","5",""
1780,975.519,945.36426,1419.0338,";;2;35;37;24;11;8;18;14;4;9*28;13;30;21;15;10;32*16;22;3;7;29;31;12;1*5;20;23;33;25;19*6;36;27;34;26;17;38","5",""
1781,989.55414,945.36426,1370.5592,";;2;35;37;24;11;8;18;14;4;9*28;32;30;21;15;10;13*16;22;3;7;29;31;12;1*5;20;23;33;25;19*6;36;27;34;26;17;38","5",""
1782,970.4972,945.36426,1322.9912,";;2;35;37;24;11;8;18;14;4;9*28;13;30;21;15;10;32*16;22;3;7;29;31;12;1*5;20;23;33;25;19*6;36;27;34;26;17;38","5",""
1783,970.80835,945.36426,1310.0913,";;2;35;37;24;11;8;18;14;4;9*28;13;30;21;15;10;32*16;22;3;7;29;31;12;1*5;20;23;33;25;19*6;36;27;34;26;17;38","5",""
1784,956.5374,945.36426,1285.7301,";;2;35;37;24;11;8;18;14;4;9*28;13;30;21;15;10;32*16;22;3;7;29;31;12;1*5;20;23;33;25;19*6;36;27;34;26;17;38","5",""
1785,968.10333,945.36426,1317.3798,";;2;35;37;24;11;8;18;14;4;9*28;13;30;21;15;10;32*16;22;3;7;29;31;12;1*5;20;23;33;25;19*6;36;27;34;26;17;38","5",""
1786,987.7653,945.36426,1419.0338,";;2;35;37;24;11;8;18;14;4;9*28;13;30;21;15;10;32*16;22;3;7;29;31;12;1*5;20;23;33;25;19*6;36;27;34;26;17;38","5",""
1787,980.46454,945.36426,1419.0338,";;2;35;37;24;11;8;18;14;4;9*28;13;30;21;15;10;32*16;22;3;7;29;31;12;1*5;20;23;33;25;19*6;36;27;34;26;17;38","5",""
1788,962.93414,945.36426,1313.2019,";;2;35;37;24;11;8;18;14;4;9*28;13;30;21;15;10;32*16;22;3;7;29;31;12;1*5;20;23;33;25;19*6;36;27;34;26;17;38","5",""
1789,970.53064,945.36426,1302.6005,";;2;35;37;24;11;8;18;14;4;9*28;13;30;21;15;10;32*16;22;3;7;29;31;12;1*5;20;23;33;25;19*6;36;27;34;26;17;38","5",""
1790,971.12585,945.36426,1349.6243,";;2;35;37;24;11;8;18;14;4;9*28;13;30;21;15;10;32*16;22;3;7;29;31;12;1*5;20;23;33;25;19*6;36;27;34;26;17;38","5",""
1791,974.2713,945.36426,1316.4147,";;2;35;37;24;11;8;18;14;4;9*28;13;30;21;15;10;32*16;22;3;7;29;31;12;1*5;20;23;33;25;19*6;36;27;34;26;17;38","5",""
1792,961.2244,945.36426,1185.9447,";;2;35;37;24;11;8;18;14;4;9*28;13;30;21;15;10;32*16;22;3;7;29;31;12;1*5;20;23;33;25;19*6;36;27;34;26;17;38","5",""
1793,968.27924,945.36426,1324.5282,";;2;35;37;24;11;8;18;14;4;9*28;13;30;21;15;10;32*16;22;3;7;29;31;12;1*5;20;23;33;25;19*6;36;27;34;26;17;38","5",""
1794,965.7527,945.36426,1415.4133,";;2;35;37;24;11;8;18;14;4;9*28;13;30;21;15;10;32*16;22;3;7;29;31;12;1*5;20;23;33;25;19*6;36;27;34;26;17;38","5",""
1795,976.3054,945.36426,1337.0577,";;2;35;37;24;11;8;18;14;4;9*28;13;30;21;15;10;32*16;22;3;7;29;31;12;1*5;20;23;33;25;19*6;36;27;34;26;17;38","5",""
1796,966.2611,945.36426,1241.5262,";;2;35;37;24;11;8;18;14;4;9*28;13;30;21;15;10;32*16;22;3;7;29;31;12;1*5;20;23;33;25;19*6;36;27;34;26;17;38","5",""
1797,967.1778,945.36426,1425.7368,";;2;35;37;24;11;8;18;14;4;9*28;13;30;21;15;10;32*16;22;3;7;29;31;12;1*5;20;23;33;25;19*6;36;27;34;26;17;38","5",""
1798,967.3304,945.36426,1432.9923,";;2;35;37;24;11;8;18;14;4;9*28;13;30;21;15;10;32*16;22;3;7;29;31;12;1*5;20;23;33;25;19*6;36;27;34;26;17;38","5",""
1799,956.49493,945.36426,1263.7096,";;2;35;37;24;11;8;18;14;4;9*28;13;30;21;15;10;32*16;22;3;7;29;31;12;1*5;20;23;33;25;19*6;36;27;34;26;17;38","5",""
1800,983.57513,945.36426,1305.6436,";;2;35;37;24;11;8;18;14;4;9*28;13;30;21;15;10;32*16;22;3;7;29;31;12;1*5;20;23;33;25;19*6;36;27;34;26;17;38","5",""
1801,962.82806,945.36426,1302.6005,";;2;35;37;25;11;8;18;14;4;9*28;13;30;21;15;10;32*16;22;3;7;29;31;12;1*5;20;23;33;24;19*6;36;27;34;26;17;38","5",""
1802,969.15485,945.36426,1341.7202,";;2;35;37;24;11;8;18;14;4;9*28;13;30;21;15;10;32*16;22;3;7;29;31;12;1*5;20;23;33;25;19*6;36;27;34;26;17;38","5",""
1803,971.0039,945.36426,1386.7859,";;2;35;37;24;11;8;18;14;4;9*28;13;30;21;15;10;32*16;22;3;7;29;31;12;1*5;20;23;33;25;19*6;36;27;34;26;17;38","5",""
1804,969.3257,945.36426,1372.4895,";;2;35;37;24;11;8;18;14;4;9*28;13;30;21;15;10;32*16;22;3;7;29;31;12;1*5;20;23;33;25;19*6;36;27;34;26;17;38","5",""
1805,981.27264,945.36426,1357.9598,";;2;35;37;24;11;8;18;14;4;9*28;13;30;21;15;10;32*16;22;3;7;29;31;12;1*5;20;23;33;25;19*6;36;27;34;26;17;38","5",""
1806,959.67,945.36426,1210.4305,";;2;35;37;24;11;8;18;14;4;9*28;13;30;21;15;10;32*16;22;3;7;29;31;12;1*5;20;23;33;25;19*6;36;27;34;26;17;38","5",""
1807,977.2321,945.36426,1297.2708,";;2;35;37;24;11;8;18;14;4;9*28;13;30;21;15;10;32*16;22;3;7;29;31;12;1*5;20;23;33;25;19*6;36;27;34;26;17;38","5",""
1808,963.0017,945.36426,1303.0878,";;2;35;37;24;11;8;18;14;4;9*28;13;30;21;15;10;32*16;22;3;7;29;31;12;1*5;20;23;33;25;19*6;36;27;34;26;17;38","5",""
1809,976.12134,945.36426,1329.4408,";;2;35;37;24;11;8;18;14;4;9*28;13;30;21;15;10;32*16;22;3;7;29;31;12;1*5;20;23;33;25;19*6;36;27;34;26;17;38","5",""
1810,970.92896,945.36426,1355.7675,";;2;35;37;24;11;8;18;14;4;9*28;13;30;21;15;10;32*16;22;3;7;29;31;12;1*5;20;23;33;25;19*6;36;27;34;26;17;38","5",""
1811,963.96436,945.36426,1301.7277,";;2;35;37;24;11;8;18;14;4;9*28;13;30;21;15;10;32*16;22;3;7;29;31;12;1*5;20;23;33;25;19*6;36;27;34;26;17;38","5",""
1812,967.5662,945.36426,1324.5282,";;2;35;37;24;11;8;18;14;4;9*28;13;30;21;15;10;32*16;22;3;7;29;31;12;1*5;20;23;33;25;19*6;36;27;34;26;17;38","5",""
1813,970.74927,945.36426,1313.2019,";;2;35;37;24;11;8;18;14;4;9*28;13;30;21;15;10;32*16;22;3;7;29;31;12;1*5;20;23;33;25;19*6;36;27;34;26;17;38","5",""
1814,970.2357,945.36426,1333.4033,";;2;35;37;24;11;8;18;14;4;9*28;13;30;21;15;10;32*16;22;3;7;29;31;12;1*5;20;23;33;25;19*6;36;27;34;26;17;38","5",""
1815,962.4531,945.36426,1201.5111,";;2;35;37;24;11;8;18;14;4;9*28;13;30;21;15;10;32*16;22;3;7;29;31;12;1*5;20;23;33;25;19*6;36;27;34;26;17;38","5",""
1816,975.53534,945.36426,1355.6561,";;2;35;37;24;11;8;18;14;4;9*28;13;30;21;15;10;32*16;22;3;7;29;31;12;1*5;20;23;33;25;19*6;36;27;34;26;17;38","5",""
1817,972.1345,945.36426,1479.6309,";;2;35;37;24;11;8;18;14;4;9*28;13;30;21;15;10;32*16;22;3;7;29;31;12;1*5;20;23;33;25;19*6;36;27;34;26;17;38","5",""
1818,966.9883,945.36426,1487.3911,";;2;35;37;24;11;8;18;14;4;9*28;13;30;21;15;10;32*16;22;3;7;29;31;12;1*5;20;23;33;25;19*6;36;27;34;26;17;38","5",""
1819,973.9271,945.36426,1416.4768,";;2;35;37;24;11;8;18;14;4;9*28;13;30;21;15;10;32*16;22;3;7;29;31;12;1*5;20;23;33;25;19*6;36;27;34;26;17;38","5",""
1820,983.02716,945.36426,1316.4147,";;2;35;37;24;11;8;18;14;4;9*28;13;30;21;15;10;32*16;22;3;7;29;31;12;1*5;20;23;33;25;19*6;36;27;34;26;17;38","5",""
1821,967.21643,945.36426,1174.6732,";;2;35;37;24;11;8;18;14;4;9*28;13;30;21;15;10;32*16;22;3;7;29;31;12;1*5;20;23;33;25;19*6;36;27;34;26;17;38","5",""
1822,959.7981,945.36426,1301.1147,";;2;35;37;24;11;8;18;14;4;9*28;13;30;21;15;10;32*16;22;3;7;29;31;12;1*5;20;23;33;25;19*6;36;27;34;26;17;38","5",""
1823,976.36115,945.36426,1326.5068,";;2;35;37;24;11;8;18;14;4;9*28;13;30;21;15;10;32*16;22;3;7;29;31;12;1*5;20;23;33;25;19*6;36;27;34;26;17;38","5",""
1824,963.93604,945.36426,1403.569,";;2;35;37;24;11;8;18;14;4;9*28;13;30;21;15;10;32*16;22;3;7;29;31;12;1*5;20;23;33;25;19*6;36;27;34;26;17;38","5",""
1825,961.4332,945.36426,1270.1581,";;2;35;37;24;11;8;18;14;4;9*28;13;30;21;15;10;32*16;22;3;7;29;31;12;1*5;20;23;33;25;19*6;36;27;34;26;17;38","5",""
1826,982.10724,945.36426,1419.0338,";;2;35;37;24;11;8;18;14;4;9*28;13;30;21;15;10;32*16;22;3;7;29;31;12;1*5;20;23;33;25;19*6;36;27;34;26;17;38","5",""
1827,977.2063,945.36426,1391.381,";;2;35;37;24;11;8;18;14;4;9*28;13;12;21;15;10;32*16;22;3;7;29;31;30;1*5;20;23;33;25;19*6;36;27;34;26;17;38","5",""
1828,1000.11365,945.36426,1349.4506,";;2;35;37;24;11;8;18;14;4;9*28;13;30;21;15;10;32*16;22;3;7;29;31;12;1*5;20;23;33;25;19*6;36;27;34;26;17;38","5",""
1829,963.18164,945.36426,1263.7096,";;2;35;37;24;11;8;18;14;4;9*28;13;30;21;15;10;32*16;22;3;7;29;31;12;1*5;20;23;33;25;19*6;36;27;34;26;17;38","5",""
1830,982.2793,945.36426,1360.5142,";;2;35;37;24;11;8;18;14;4;9*28;13;30;21;15;10;32*16;22;3;7;29;31;12;1*5;20;23;33;25;19*6;36;27;34;26;17;38","5",""
1831,968.8946,945.36426,1425.7368,";;2;35;37;24;11;8;18;14;4;9*28;13;30;21;15;10;32*16;22;3;7;29;31;12;1*5;20;23;33;25;19*6;36;27;34;26;17;38","5",""
1832,958.0239,945.36426,1192.4553,";;2;35;37;24;11;8;18;14;4;9*28;13;30;21;15;10;32*16;22;3;7;29;31;12;1*5;20;23;33;25;19*6;36;27;34;26;17;38","5",""
1833,977.89307,945.36426,1350.4136,";;2;35;37;24;11;8;18;14;4;9*28;13;30;21;15;10;32*16;22;3;7;29;31;12;1*5;20;23;33;25;19*6;36;27;34;26;17;38","5",""
1834,961.4847,945.36426,1327.4885,";;2;35;37;24;11;8;18;14;4;9*28;13;30;21;15;10;32*16;22;3;7;29;31;12;1*5;20;23;33;25;19*6;36;27;34;26;17;38","5",""
1835,977.3555,945.36426,1374.8118,";;2;35;37;24;11;8;18;14;4;9*28;13;30;21;15;10;32*16;22;3;7;29;31;12;1*5;20;23;33;25;19*6;36;27;34;26;17;38","5",""
1836,972.11554,945.36426,1333.4033,";;2;35;37;24;11;8;18;14;4;9*28;13;30;21;15;10;32*16;22;3;7;29;31;12;1*5;20;23;33;25;19*6;36;27;34;26;17;38","5",""
1837,977.2482,945.36426,1286.4641,";;2;35;37;24;11;8;18;14;4;9*28;13;30;21;15;10;32*16;22;3;7;29;31;12;1*5;20;23;33;25;19*6;36;27;34;26;17;38","5",""
1838,961.6206,945.36426,1324.5282,";;2;35;37;24;11;8;18;14;4;9*28;13;30;21;15;10;32*16;22;3;7;29;31;12;1*5;20;23;33;25;19*6;36;27;34;26;17;38","5",""
1839,967.04456,945.36426,1285.7301,";;2;35;37;24;11;8;18;14;4;9*28;13;30;21;15;10;32*16;22;3;7;29;31;12;1*5;20;23;33;25;19*6;36;27;34;26;17;38","5",""
1840,968.84924,945.36426,1236.0264,";;2;35;37;24;11;8;18;14;4;9*28;13;30;21;15;10;32*16;22;3;7;29;31;12;1*5;20;23;33;25;19*6;36;27;34;26;17;38","5",""
1841,962.12775,945.36426,1274.9393,";;2;35;37;24;11;8;18;14;4;9*28;13;30;21;15;10;32*16;22;3;7;29;31;12;1*5;20;23;33;25;19*6;36;27;34;26;17;38","5",""
1842,974.2382,945.36426,1360.5142,";;2;35;37;24;11;8;18;14;4;9*28;13;30;21;15;10;32*16;22;3;7;29;31;12;1*5;20;23;33;25;19*6;36;27;34;26;17;38","5",""
1843,960.158,945.36426,1297.466,";;2;35;37;24;11;8;18;14;4;9*28;13;30;21;15;10;32*16;22;3;7;29;31;12;1*5;20;23;33;25;19*6;36;27;34;26;17;38","5",""
1844,968.53046,945.36426,1316.4147,";;2;35;37;24;11;8;18;14;4;9*28;13;30;21;15;10;32*16;22;3;7;29;31;12;1*5;20;23;33;25;19*6;36;27;34;26;17;38","5",""
1845,964.7983,945.36426,1211.8088,";;2;35;37;24;11;8;18;14;4;9*28;13;30;21;15;10;32*16;22;3;7;29;31;12;1*5;20;23;33;25;19*6;36;27;34;26;17;38","5",""
1846,963.9512,945.36426,1425.2108,";;2;35;37;24;11;8;18;14;4;9*28;13;30;21;15;10;32*16;22;3;7;29;31;12;1*5;20;23;33;25;19*6;36;27;34;26;17;38","5",""
1847,965.6524,945.36426,1265.9471,";;2;35;37;24;11;8;18;14;4;9*28;13;30;21;15;10;32*16;22;3;7;29;31;12;1*5;20;23;33;25;19*6;36;27;34;26;17;38","5",""
1848,962.17474,945.36426,1244.7974,";;2;35;37;24;11;8;18;14;4;9*28;13;30;21;15;10;32*16;22;3;7;29;31;12;1*5;20;23;33;25;19*6;36;27;34;26;17;38","5",""
1849,968.2385,945.36426,1342.1187,";;2;35;37;24;11;8;18;14;4;9*28;13;30;21;15;10;32*16;22;3;7;29;31;12;1*5;20;23;33;25;19*6;36;27;34;26;17;38","5",""
1850,971.26733,945.36426,1440.8508,";;2;35;37;24;11;8;18;14;4;9*28;13;30;21;15;10;32*16;22;3;7;29;31;12;1*5;20;23;33;25;19*6;36;27;34;26;17;38","5",""
1851,957.75854,945.36426,1388.4341,";;2;35;37;24;11;8;18;14;4;9*28;13;30;21;15;10;32*16;22;3;7;29;31;12;1*5;20;23;33;25;19*6;36;27;34;26;17;38","5",""
1852,969.6051,945.36426,1391.381,";;2;35;37;24;11;8;18;14;4;9*28;13;30;21;15;10;32*16;22;3;7;29;31;12;1*5;20;23;33;25;19*6;36;27;34;26;17;38","5",""
1853,956.13617,945.36426,1310.1367,";;2;35;37;24;11;8;18;14;4;9*28;13;30;21;15;10;32*16;22;3;7;29;31;12;1*5;20;23;33;25;19*6;36;27;34;26;17;38","5",""
1854,964.6819,945.36426,1340.1925,";;2;35;37;24;11;8;18;14;4;9*28;13;30;21;15;10;32*16;22;3;7;29;31;12;1*5;20;23;33;25;19*6;36;27;34;26;17;38","5",""
1855,966.8267,945.36426,1374.8118,";;2;35;37;24;11;8;18;14;4;9*28;13;30;21;15;10;32*16;22;3;7;29;31;12;1*5;20;23;33;25;19*6;36;27;34;26;17;38","5",""
1856,965.0435,945.36426,1385.4384,";;2;35;37;24;11;8;18;14;4;9*28;13;30;21;15;10;32*16;22;3;7;29;31;12;1*5;20;23;33;25;19*6;36;27;34;26;17;38","5",""
1857,980.45703,945.36426,1290.8044,";;2;35;37;24;11;8;18;14;4;9*28;13;30;21;15;10;32*16;22;3;7;29;31;12;1*5;20;23;33;25;19*6;36;27;34;26;17;38","5",""
1858,979.8144,945.36426,1340.1925,";;2;35;37;24;11;8;18;14;4;9*28;13;30;21;15;10;32*16;22;3;7;29;31;12;1*5;20;23;33;25;19*6;36;27;34;26;17;38","5",""
1859,956.9283,945.36426,1307.9758,";;2;35;37;24;11;8;18;14;4;9*28;13;30;21;15;10;32*16;22;3;7;29;31;12;1*5;20;23;33;25;19*6;36;27;34;26;17;38","5",""
1860,964.36475,945.36426,1350.4136,";;2;35;37;24;11;8;18;14;4;9*28;13;30;21;15;10;32*16;22;3;7;29;31;12;1*5;20;23;33;25;19*6;36;27;34;26;17;38","5",""
1861,972.9757,945.36426,1301.7277,";;2;35;37;24;11;8;18;14;4;9*28;13;30;21;15;10;32*16;22;3;7;29;31;12;1*5;20;23;33;25;19*6;36;27;34;26;17;38","5",""
1862,964.6719,945.36426,1524.265,";;2;35;37;24;11;8;18;14;4;9*28;13;30;21;15;10;32*16;22;3;7;29;31;12;1*5;20;23;33;25;19*6;36;27;34;26;17;38","5",""
1863,971.2886,945.36426,1425.7368,";;2;35;37;24;11;8;18;14;4;9*28;13;30;21;15;10;32*16;22;3;7;29;31;12;1*5;20;23;33;25;19*6;36;27;34;26;17;38","5",""
1864,979.3533,945.36426,1479.6309,";;2;35;37;24;11;8;18;14;4;9*28;13;30;21;15;10;32*16;22;3;7;29;31;12;1*5;20;23;33;25;19*6;36;27;34;26;17;38","5",""
1865,963.37866,945.36426,1355.6561,";;2;35;37;24;11;8;18;14;4;9*28;13;30;21;15;10;32*16;22;3;7;29;31;12;1*5;20;23;33;25;19*6;36;27;34;26;17;38","5",""
1866,962.64154,945.36426,1317.3798,";;2;35;37;24;11;8;18;14;4;9*28;13;30;21;15;10*16;32;22;3;7;29;31;12;1*5;20;23;33;25;19*6;36;27;34;26;17;38","5",""
1867,969.4233,945.36426,1283.6252,";;2;35;37;24;11;8;18;14;4;9*28;13;30;21;15;10;32*16;22;3;7;29;31;12;1*5;20;23;33;25;19*6;36;27;34;26;17;38","5",""
1868,957.09766,945.36426,1329.4408,";;2;35;37;24;11;8;18;14;4;9*28;13;30;21;15;10;32*16;22;3;7;29;31;12;1*5;20;23;33;25;19*6;36;27;34;26;17;38","5",""
1869,967.78766,945.36426,1370.3107,";;2;35;37;24;11;8;18;14;4;9*28;13;30;21;15;10;32*16;22;3;7;29;31;12;1*5;20;23;33;25;19*6;36;27;34;26;17;38","5",""
1870,964.5386,945.36426,1301.7277,";;2;35;37;24;11;8;18;14;4;9*28;13;30;21;15;10;32*16;22;3;7;29;31;12;1*5;20;23;33;25;19*6;36;27;34;26;17;38","5",""
1871,970.68835,945.36426,1340.1925,";;2;35;37;24;11;8;18;14;4;9*28;13;30;21;15;10;32*16;22;3;7;29;31;12;1*5;20;23;33;25;19*6;36;27;34;26;17;38","5",""
1872,968.2286,945.36426,1288.2667,";;2;35;37;24;11;8;18;14;4;9*28;13;30;21;15;10;32*16;22;3;7;29;31;12;1*5;20;23;33;25;19*6;36;27;34;26;17;38","5",""
1873,972.0189,945.36426,1289.2322,";;2;35;37;24;11;8;18;14;4;9*28;13;30;21;15;10;32*16;22;3;7;29;31;12;1*5;20;23;33;25;19*6;36;27;34;26;17;38","5",""
1874,970.71173,945.36426,1323.5714,";;2;35;37;24;11;8;18;14;4;9*28;13;30;21;15;10;32*16;22;3;7;29;31;12;1*5;20;23;33;25;19*6;36;27;34;26;17;38","5",""
1875,965.70435,945.36426,1302.6005,";;2;35;37;24;11;8;18;14;4;9*28;13;30;21;15;10;32*16;22;3;7;29;31;12;1*5;20;23;33;25;19*6;36;27;34;26;17;38","5",""
1876,968.89,945.36426,1319.8901,";;2;35;37;24;11;8;18;14;4;9*28;13;30;21;15;10;32*16;22;3;7;29;31;12;1*5;20;23;33;25;19*6;36;27;34;26;17;38","5",""
1877,968.12225,945.36426,1416.187,";;2;35;37;24;11;8;18;14;4;9*28;13;30;21;15;10;32*16;22;3;7;29;31;12;1*5;20;23;33;25;19*6;36;27;34;26;17;38","5",""
1878,973.72375,945.36426,1391.381,";;2;35;37;24;11;8;18;14;4;9*28;13;30;21;15;10;32*16;22;3;7;29;31;12;1*5;20;23;33;25;19*6;36;27;34;26;17;38","5",""
1879,983.0068,945.36426,1487.3911,";;2;35;37;24;11;8;18;14;4;9*28;13;30;21;15;10;32*16;22;3;7;29;31;12;1*5;20;23;33;25;19*6;36;27;34;26;17;38","5",""
1880,957.8924,945.36426,1228.4806,";;2;35;37;24;11;8;18;14;4;9*28;13;30;21;15;10;32*16;22;3;7;29;31;12;1*5;20;23;33;25;19*6;36;27;34;26;17;38","5",""
1881,970.6897,945.36426,1365.6924,";;2;35;37;24;11;8;18;14;4;9*28;13;30;21;15;10;32*16;22;3;7;29;31;12;1*5;20;23;33;25;19*6;36;27;34;26;17;38","5",""
1882,969.7342,945.36426,1291.9879,";;2;35;37;24;11;8;18;14;4;9*28;13;30;21;15;10;32*16;22;3;7;29;31;12;1*5;20;23;33;25;19*6;36;27;34;26;17;38","5",""
1883,959.2318,945.36426,1169.6272,";;2;35;37;24;11;8;18;14;4;9*28;13;30;21;15;10;32*16;22;3;7;29;31;12;1*5;20;23;33;25;19*6;36;27;34;26;17;38","5",""
1884,965.6972,945.36426,1342.1187,";;2;35;37;24;11;8;18;14;4;9*28;13;30;21;15;10;32*16;22;3;7;29;31;12;1*5;20;23;33;25;19*6;36;27;34;26;17;38","5",""
1885,956.2813,945.36426,1238.9845,";;2;35;37;24;11;8;18;14;4;9*28;13;30;21;15;10;32*16;22;3;7;29;31;12;1*5;20;23;33;25;19*6;36;27;34;26;17;38","5",""
1886,963.0299,945.36426,1267.4833,";;2;35;37;24;11;8;18;14;4;9*28;13;30;21;15;10;32*16;22;3;7;29;31;12;1*5;20;23;33;25;19*6;36;27;34;26;17;38","5",""
1887,967.6506,945.36426,1308.6152,";;2;35;37;24;11;8;18;14;4;9*28;13;30;21;15;10;32*16;22;3;7;29;31;12;1*5;20;23;33;25;19*6;36;27;34;26;17;38","5",""
1888,968.51624,945.36426,1274.796,";;2;35;37;24;11;8;18;14;4;9*28;13;30;21;15;10;32*16;22;3;7;29;31;12;1*5;20;23;33;25;19*6;36;27;34;26;17;38","5",""
1889,960.6028,945.36426,1518.5939,";;2;35;37;24;11;8;18;14;4;9*28;13;30;21;15;10;32*16;22;3;7;29;31;12;1*5;20;23;33;25;19*6;36;27;34;26;17;38","5",""
1890,983.484,945.36426,1403.569,";;2;35;37;24;11;8;18;14;4;9*28;13;30;21;15;10;32*16;22;3;7;29;31;12;1*5;20;23;33;25;19*6;36;27;34;26;17;38","5",""
1891,964.7657,945.36426,1263.276,";;2;35;37;24;11;8;18;14;4;9*28;13;30;21;15;10;32*16;22;3;7;29;31;12;1*5;20;23;33;25;19*6;36;27;34;26;17;38","5",""
1892,953.8871,945.36426,1295.0596,";;2;35;37;24;34;8;18;14;4;9*28;13;30;21;15;10;32*16;22;3;7;29;31;12;1*5;20;23;33;25;19*6;36;27;11;26;17;38","5",""
1893,963.09766,945.36426,1200.0262,";;2;35;37;24;11;8;18;14;4;9*28;13;30;21;15;10;32*16;22;3;7;29;31;12;1*5;20;23;33;25;19*6;36;27;34;26;17;38","5",""
1894,971.7138,945.36426,1390.4355,";;2;35;37;24;11;8;18;14;4;9*28;13;30;21;15;10;32*16;22;3;7;29;31;12;1*5;20;23;33;25;19*6;36;27;34;26;17;38","5",""
1895,969.9612,945.36426,1285.0648,";;2;35;37;24;11;8;18;14;4;9*28;13;30;21;15;10;32*16;22;3;7;29;31;12;1*5;20;23;33;25;19*6;36;27;34;26;17;38","5",""
1896,965.31805,945.36426,1316.2646,";;2;35;37;24;11;8;18;14;4;9*28;13;30;21;15;10;32*16;22;3;7;29;31;12;1*5;20;23;33;25;19*6;36;27;34;26;17;38","5",""
1897,964.46936,945.36426,1209.2123,";;2;35;37;24;11;8;18;14;4;9*28;13;30;21;15;10;32*16;22;3;7;29;31;12;1*5;20;23;33;25;19*6;36;27;34;26;17;38","5",""
1898,956.9764,945.36426,1194.1176,";;2;35;37;24;11;8;18;14;4;9*28;13;30;21;15;10;32*16;22;3;7;29;31;12;1*5;20;23;33;25;19*6;36;27;34;26;17;38","5",""
1899,958.25867,945.36426,1274.796,";;2;35;37;24;11;8;18;14;4;9*28;13;30;21;15;10;32*16;22;3;7;29;31;12;1*5;20;23;33;25;19*6;36;27;34;26;17;38","5",""
1900,965.0419,945.36426,1432.9923,";;2;35;37;24;11;8;18;14;4;9*28;13;30;21;15;10;32*16;22;3;7;29;31;12;1*5;20;23;33;25;19*6;36;27;34;26;17;38","5",""
1901,974.92554,945.36426,1416.187,";;2;35;37;24;11;8;18;14;4;9*28;13;30;21;15;10;32*16;22;3;7;29;31;12;1*5;20;23;33;25;19*6;36;27;34;26;17;38","5",""
1902,973.7579,945.36426,1292.2676,";;2;35;37;24;11;8;18;14;4;9*28;13;30;21;15;10;32*16;22;3;7;29;31;12;1*5;20;23;33;25;19*6;36;27;34;26;17;38","5",""
1903,977.09143,945.36426,1299.4908,";;2;35;37;24;11;8;18;14;4;9*28;13;30;21;15;10;32*16;22;3;7;29;31;12;1*5;20;23;33;25;19*6;36;27;34;26;17;38","5",""
1904,981.95624,945.36426,1403.569,";;2;35;37;24;11;8;18;14;4;9*28;13;30;21;15;10;32*16;22;3;7;29;31;12;1*5;20;23;33;25;19*6;36;27;34;26;17;38","5",""
1905,981.31213,945.36426,1487.3911,";;2;35;37;24;11;8;18;14;4;9*28;13;30;21;15;10;32*16;22;3;7;29;31;12;1*5;20;23;33;25;19*6;36;27;34;26;17;38","5",""
1906,998.2644,945.36426,1340.1925,";;2;35;37;24;11;8;18;14;4;9*28;13;30;21;15;10;32*16;22;3;7;29;31;12;1*5;20;23;33;25;19*6;36;27;34;26;17;38","5",""
1907,969.35974,945.36426,1342.1187,";;2;35;37;24;11;8;18;14;4;9*28;13;30;21;15;10;32*16;22;3;7;29;31;12;1*5;20;23;33;25;19*6;36;27;34;26;17;38","5",""
1908,971.54,945.36426,1370.3107,";;2;35;37;24;11;8;18;30;4;9*28;13;14;21;15;10;32*16;22;3;7;29;31;12;1*5;20;23;33;25;19*6;36;27;34;26;17;38","5",""
1909,963.8075,945.36426,1292.2676,";;2;35;37;24;11;8;18;14;4;9*28;13;30;21;15;10;32*16;22;3;7;29;31;12;1*5;20;23;33;25;19*6;36;27;34;26;17;38","5",""
1910,968.30646,945.36426,1349.6243,";;2;35;37;24;11;8;18;14;4;9*28;13;30;21;15;10;32*16;22;3;7;29;31;12;1*5;20;23;33;25;19*6;36;27;34;26;17;38","5",""
1911,966.867,945.36426,1351.9104,";;2;35;37;24;11;8;18;14;4;9*28;13;30;21;15;10;32*16;22;3;7;29;31;12;1*5;20;23;33;25;19*6;36;27;34;26;17;38","5",""
1912,960.78076,945.36426,1288.2667,";;2;35;37;24;11;8;18;14;4;9*28;13;30;21;15;10;32*16;22;3;7;29;31;12;1*5;20;23;33;25;19*6;36;27;34;26;17;38","5",""
1913,982.11224,945.36426,1460.439,";;2;35;37;24;11;8;18;14;4;9*28;13;30;21;15;10;32*16;22;3;7;29;31;12;1*5;20;23;33;25;19*6;36;27;34;26;17;38","5",""
1914,961.6933,945.36426,1390.4355,";;2;35;37;24;11;8;18;14;4;9*28;13;30;21;15;10;32*16;22;3;7;29;31;12;1*5;20;23;33;26;19*6;36;27;34;25;17*38","6",""
1915,971.42206,945.36426,1288.2667,";;2;35;37;24;11;8;18;14;4;9*28;13;30;21;15;10;32*16;22;3;7;29;31;12;1*5;20;23;33;25;19*6;36;27;34;26;17;38","5",""
1916,978.53937,945.36426,1350.4136,";;2;35;37;24;11;8;18;14;4;9*28;13;30;21;15;10;32*16;22;3;7;29;31;12;1*5;20;23;33;25;19*6;36;27;34;26;17;38","5",""
1917,954.7898,945.36426,1198.2191,";;2;35;37;24;11;8;18;14;4;9*28;13;30;21;15;10;32*16;22;3;7;29;31;12;1*5;20;23;33;25;19*6;36;27;34;26;17;38","5",""
1918,964.23914,945.36426,1292.2676,";;2;35;37;24;11;8;18;14;4;9*28;13;30;21;15;10;32*16;22;3;7;29;31;12;1*5;20;23;33;25;19*6;36;27;34;26;17;38","5",""
1919,970.14154,945.36426,1251.8314,";;2;35;37;24;11;8;18;14;4;9*28;13;30;21;15;10;32*16;22;3;7;29;31;12;1*5;20;23;33;25;19*6;36;27;34;26;17;38","5",""
1920,961.4207,945.36426,1333.4033,";;2;35;37;24;11;8;18;14;4;9*28;13;30;21;15;10;32*16;22;3;7;29;31;12;1*5;20;23;33;25;19*6;36;27;34;26;17;38","5",""
1921,973.777,945.36426,1366.2103,";;2;35;37;24;11;8;18;14;4;9*28;13;30;21;15;10;32*16;22;3;7;29;31;12;1*5;20;23;33;25;19*6;36;27;34;26;17;38","5",""
1922,960.8128,945.36426,1212.4988,";;2;35;37;24;11;8;18;14;4;9*28;13;30;21;15;10;32*16;22;3;7;29;31;12;1*5;20;23;33;25;19*6;36;27;34;26;17;38","5",""
1923,956.4,945.36426,1161.741,";;2;35;37;24;11;8;18;14;4;9*28;13;30;21;15;10;32*16;22;3;7;29;31;12;1*5;20;23;33;25;19*6;36;27;34;26;17;38","5",""
1924,957.1418,945.36426,1298.0004,";;2;35;37;24;11;8;18;14;4;9*28;13;30;21;15;10;32*16;22;3;7;29;31;12;1*5;20;23;33;25;19*6;36;27;34;26;17;38","5",""
1925,970.1209,945.36426,1416.4768,";;2;35;37;24;11;8;18;14;4;9*28;13;30;21;15;10;32*16;22;3;7;29;31;12;1*5;20;23;33;25;19*6;36;27;34;26;17;38","5",""
1926,970.0641,945.36426,1518.5939,";;2;35;37;24;11;8;18;14;4;9*28;13;30;21;15;10;32*16;22;3;7;29;31;12;1*5;20;23;33;25;19*6;36;27;34;26;17;38","5",""
1927,961.2681,945.36426,1301.7909,";;2;35;37;24;11;8;18;14;4;9*28;13;30;21;15;10;32*16;22;3;7;29;31;12;1*5;20;23;33;25;19*6;36;27;34;26;17;38","5",""
1928,976.1953,945.36426,1313.2019,";;2;35;37;24;11;8;18;14;4;9*28;13;30;21;15;10;32*16;22;3;7;29;31;12;1*5;20;23;33;25;19*6;36;27;34;26;17;38","5",""
1929,963.47235,945.36426,1353.9525,";;2;35;37;24;11;8;18;14;4;9*28;13;30;21;15;10;32*16;22;3;7;29;31;12;1*5;20;23;33;25;19*6;36;27;34;26;17;38","5",""
1930,970.1398,945.36426,1370.3214,";;2;35;37;24;11;8;18;14;4;9*28;13;30;21;15;10;32*16;22;3;7;29;31;12;1*5;20;23;33;25;19*6;36;27;34;26;17;38","5",""
1931,980.32874,945.36426,1444.0874,";;2;35;37;24;11;8;25*14;4;9;28;13;30;21;15*10;32;16;22;3;7*29;31;12;1;5;20;23;33;18*19;6;36;27;34;26;17*38","6",""
1932,975.5118,945.36426,1419.0338,";;2;35;37;24;11;8;18;14;4;9*28;13;30;21;15;10;32*16;22;3;7;29;31;12;1*5;20;23;33;25;19*6;36;27;34;26;17;38","5",""
1933,981.2001,945.36426,1491.2937,";;2;35;37;24;11;8;18;14;4;9*28;13;30;21;15;10;32*16;22;3;7;29;31;12;1*5;20;23;33;25;19*6;36;27;34;26;17;38","5",""
1934,974.37415,945.36426,1331.2523,";;2;35;37;24;11;8;18;14;4;9*28;13;30;21;15;10;32*16;22;3;7;29;31;12;1*5;20;23;33;25;19*6;36;27;34;26;17;38","5",""
1935,960.65875,945.36426,1403.569,";;2;35;37;24;11;8;18;14;4;9*28;13;30;21;15;10;32*16;22;3;7;29;31;12;1*5;20;23;33;25;19*6;36;27;34;26;17;38","5",""
1936,956.8364,945.36426,1154.1917,";;2;35;37;24;11;8;18;14;4;9*28;13;30;21;15;10;32*16;22;3;7;29;31;12;1*5;20;23;33;25;19*6;36;27;34;26;17;38","5",""
1937,961.9121,945.36426,1283.6252,";;2;35;37;24;11;8;18;14;4;9*28;13;30;21;15;10;32*16;22;3;7;29;31;12;1*5;20;23;33;25;19*6;36;27;34;26;17;38","5",""
1938,973.8551,945.36426,1362.887,";;2;35;37;24;11;8;18;14;4;9*28;13;30;21;15;10;32*16;22;3;7;29;31;12;1*5;20;23;33;25;19*6;36;27;34;26;17;38","5",""
1939,971.1234,945.36426,1374.8118,";;2;35;37;24;11;8;18;14;4;9*28;13;30;21;15;10;32*16;22;3;7;29;31;12;1*5;20;23;33;25;19*6;36;27;34;26;17;38","5",""
1940,974.35486,945.36426,1487.3911,";;2;35;37;24;11;8;18;14;4;9*28;13;30;21;15;10;32*16;22;3;7;29;31;12;1*5;20;23;33;25;19*6;36;27;34;26;17;38","5",""
1941,956.91187,945.36426,1229.302,";;2;35;37;24;11;8;18;14;4;9*28;13;30;21;15;10;32*16;22;3;7;29;31;12;1*5;20;23;33;25;19*6;36;27;34;26;17;38","5",""
1942,961.89984,945.36426,1479.6309,";;2;35;37;24;11;8;18;14;4;9*28;13;30;21;15;10;32*16;22;3;7;29;31;12;1*5;20;23;33;25;19*6;36;27;34;26;17;38","5",""
1943,970.3237,945.36426,1327.4885,";;2;35;37;24;11;8;18;14;4;9*28;13;30;21;15;10;32*16;22;3;7;29;31;12;1*5;20;23;33;25;19*6;36;27;34;26;17;38","5",""
1944,969.1347,945.36426,1326.5068,";;2;35;37;24;11;8;18;14;4;9*28;13;30;21;15;10;32*16;22;3;7;29;31;12;1*5;20;23;33;25;19*6;36;27;34;26;17;38","5",""
1945,958.47656,945.36426,1329.4408,";;2;35;37;24;11;8;18;14;4;9*28;13;30;21;15;10;32*16;22;3;7;29;31;12;1*5;20;23;33;25;19*6;36;27;34;26;17;38","5",""
1946,970.57947,945.36426,1425.2108,";;2;35;37;24;11;8;18;14;4;9*28;13;30;21;15;10;32*16;22;3;7;29;31;12;1*5;20;23;33;25;19*6;36;27;34;26;17;38","5",""
1947,987.62726,945.36426,1319.8901,";;2;35;37;24;11;8;18;14;4;9*28;13;30;21;15;10;32*16;22;3;7;29;31;12;1*5;20;23;33;25;19*6;36;27;34;26;17;38","5",""
1948,972.90717,945.36426,1415.4133,";;2;35;37;24;11;8;18;33;4*9;28;13;30;21;15;10;32*16;22;3;7;29;31;12;1*5;20;23;14;25;19*6;36;27;34;26;17;38","5",""
1949,962.41095,945.36426,1416.4768,";;2;35;37;24;11;8;18;14;4;9*28;13;30;21;15;10;32*16;22;3;7;29;31;12;1*5;20;23;33;25;19*6;36;27;34;26;17;38","5",""
1950,970.40967,945.36426,1314.6366,";;2;35;37;24;11;8;18;14;4;9*28;13;30;21;15;10;32*16;22;3;7;29;31;12;1*5;20;23;33;25;19*6;36;27;34;26;17;38","5",""
1951,967.1568,945.36426,1415.4133,";;2;35;37;24;11;8;18;14;4;9*28;13;30;21;15;10;32*16;22;3;7;29;31;12;1*5;20;23;33;25;19*6;36;27;34;26;17;38","5",""
1952,965.1329,945.36426,1386.7859,";;2;35;37;24;11;8;18;14;4;9*28;13;30;21;15;10;32*16;22;3;7;29;31;12;1*5;20;23;33;25;19*6;36;27;34;26;17;38","5",""
1953,967.16296,945.36426,1353.9525,";;2;35;37;24;11;8;18;14;4;9*28;13;30;21;15;10;32*16;22;3;7;29;31;12;1*5;20;23;33;25;19*6;36;27;34;26;17;38","5",""
1954,995.346,945.36426,1307.9758,";;2;35;37;24;11;8;18;14;4;9*28;13;30;21;15;10;32*16;22;3;7;29;31;12;1*5;20;23;33;25;19*6;36;27;34;26;17;38","5",""
1955,964.6435,945.36426,1415.4133,";;2;35;37;24;11;8;18;14;4;9*28;13;6;21;15*10;32;16;22;3;7*29;31;12;1;5;20;23;33*25;19;30;36;27;34;26;17*38","6",""
1956,972.0048,945.36426,1314.6366,";;2;35;37;24;11;8;18;14;4;9*28;13;30;21;15;10;32*16;22;3;7;29;31;12;1*5;20;23;33;25;19*6;36;27;34;26;17;38","5",""
1957,972.52563,945.36426,1444.0874,";;2;35;37;24;11;8;18;14;4;9*28;13;30;21;15;10;32*16;22;3;7;29;31;12;1*5;20;23;33;25;19*6;36;27;34;26;17;38","5",""
1958,974.5536,945.36426,1416.4768,";;2;35;37;24;11;8;18;14;4;9*28;13;30;21;15;10;32*16;22;3;7;29;31;12;1*5;20;23;33;25;19*6;36;27;34;26;17;38","5",""
1959,967.81635,945.36426,1316.4147,";;2;35;37;24;11;8;12;14;4;9*28;13;30;21;15;10;32*16;22;3;7;29;31;18;1*5;20;23;33;25;19*6;36;27;34;26;17;38","5",""
1960,975.0379,945.36426,1374.8118,";;2;35;37;24;11;8;18;14;4;9*28;13;30;21;15;10;32*16;22;3;7;29;31;12;1*5;20;23;33;25;19*6;36;27;34;26;17;38","5",""
1961,976.425,945.36426,1416.4768,";;2;35;37;24;11;8;18;14;4;9*28;13;30;21;15;10;32*16;22;3;7;29;31;12;1*5;20;23;33;25;19*6;36;27;34;26;17;38","5",""
1962,991.32336,945.36426,1381.8179,";;2;35;37;24;11;8;18;14;4;9*28;13;30;21;15;16;32*10;22;3;7;29;31*12;1;5;20;23;33;25*19;6;36;27;34;26;17*38","6",""
1963,963.3608,945.36426,1263.276,";;2;35;37;24;11;8;18;14;4;9*28;13;30;21;15;10;32*16;22;3;7;29;31;12;1*5;20;23;33;25;19*6;36;27;34;26;17;38","5",""
1964,970.1716,945.36426,1327.4885,";;2;35;37;24;11;8;18;14;4;9*28;13;30;21;15;10;32*16;22;3;7;29;31;12;1*5;20;23;33;25;19*6;36;27;34;26;17;38","5",""
1965,974.4688,945.36426,1374.8118,";;2;35;37;24;11;8;18;14;4;9*28;13;30;21;15;10;32*16;22;3;7;29;31;12;1*5;20;23;33;25;19*6;36;27;34;26;17;38","5",""
1966,963.88104,945.36426,1333.4033,";;2;35;37;24;11;8;18;14;4;9*28;13;30;21;15;10;32*16;22;3;7;29;31;12;1*5;20;23;33;25;19*6;36;27;34;26;17;38","5",""
1967,981.0076,945.36426,1293.4727,";;2;35;37;24;11;8;18;14;4;9*28;13;30;21;15;10;32*16;22;3;7;29;31;12;1*5;20;23;33;25;19*6;36;27;34;26;17;38","5",""
1968,971.2824,945.36426,1310.0913,";;2;35;37;24;11;8;18;14;4;9*25;13;30;21;15;10;32*16;22;3;7;29;31;12;1*5;20;23;33;28;19*6;36;27;34;26;17;38","5",""
1969,983.0636,945.36426,1327.3477,";;2;35;37;24;11;8;18;14;4;9*28;13;30;21;15;10;32*16;22;3;7;29;31;12;1*5;20;23;33;25;19*6;36;27;34;26;17;38","5",""
1970,983.44995,945.36426,1370.5592,";;2;35;37;24;11;8;18;14;4;9*28;13;30;21;15;10;32*16;22;3;7;29;31;12;1*5;20;23;33;25;19*6;36;27;34;26;17;38","5",""
1971,963.6728,945.36426,1292.2676,";;2;35;37;24;11;8;18;14;4;9*28;13;30;21;15;10;32*16;22;3;7;29;31;12;1*5;20;23;33;25;19*6;36;27;34;26;17;38","5",""
1972,972.3632,945.36426,1416.187,";;2;35;37;24;11;8;18;14;4;9*28;13;30;21;15;10;32*16;22;3;7;29;31;12;1*5;20;23;33;25;19*6;36;27;34;26;17;38","5",""
1973,958.42413,945.36426,1329.4408,";;2;35;37;24;11;8;18;14;4;9*28;13;30;21;15;10;32*16;22;3;7;29;31;12;1*5;20;23;33;25;19*6;36;27;34;26;17;38","5",""
1974,979.24994,945.36426,1403.569,";;2;35;37;24;11;8;18;14;4;9*28;13;30;21;15;10;32*16;22;3;7;29;31;12;1*5;20;23;33;25;19*6;36;27;34;26;17;38","5",""
1975,985.1689,945.36426,1415.4133,";;2;35;37;24;11;8;18;14;4;9*28;13;30;21;15;10;32*16;22;3;7;29;31;12;1*5;20;23;33;25;19*6;36;27;34;26;17;38","5",""
1976,974.3206,945.36426,1252.32,";;2;35;37;24;11;8;18;14;4;9*28;13;30;21;15;10;32*16;22;3;7;29;31;12;1*5;20;23;33;25;19*6;36;27;34;26;17;38","5",""
1977,983.91974,945.36426,1390.4355,";;2;35;37;24;11;8;18;14;4;9*28;13;30;21;15;10;32*16;22;3;7;29;31;12;1*5;20;23;33;25;19*6;36;27;34;26;17;38","5",""
1978,969.0669,945.36426,1285.7301,";;2;35;37;24;11;8;18;14;4;9*28;13;30;21;15;10;32*16;22;3;7;29;31;12;1*5;20;23;33;25;19*6;36;27;34;26;17;38","5",""
1979,959.60815,945.36426,1391.381,";;2;35;37;24;11;8;18;14;4;9*28;13;30;21;15;10;32*16;22;3;7;29;31;12;1*5;20;23;33;25;19*6;36;27;34;26;17;38","5",""
1980,969.17615,945.36426,1272.6871,";;2;35;37;24;11;8;18;14;4;9*28;13;30;21;15;10;32*16;22;3;7;29;31;12;1*5;20;23;33;25;19*6;36;27;34;26;17;38","5",""
1981,985.0606,945.36426,1360.5142,";;2;35;37;24;11;8;18;14;4;9*28;13;30;21;15;10;32*16;22;3;7;29;31;12;1*5;20;23;33;25;19*6;36;27;34;26;17;38","5",""
1982,969.2943,945.36426,1296.0964,";;2;35;37;24;11;8;18;14;4;9*28;13;30;21;15;10;32*16;22;3;7;29;31;12;1*5;20;23;33;25;19*6;36;27;34;26;17;38","5",""
1983,981.0795,945.36426,1340.1925,";;2;35;37;24;11;8;18;14;4;9*28;13;30;21;15;10;32*16;22;3;7;29;31;12;1*5;20;23;33;25;19*6;36;27;34;26;17;38","5",""
1984,970.1255,945.36426,1374.8118,";;2;35;37;24;11;8;18;14;4;9*28;13;30;21;15;10;32*16;22;3;7;29;31;12;1*5;20;23;33;25;19*6;36;27;34;26;17;38","5",""
1985,964.79407,945.36426,1381.8179,";;2;35;37;24;11;8;18;14;4;9*28;13;30;21;15;10;32*16;22;3;7;29;31;12;1*5;20;23;33;25;19*6;36;27;34;26;17;38","5",""
1986,965.7127,945.36426,1370.3214,";;2;35;37;24;11;8;18;14;4;9*28;13;30;21;15;10;32*16;22;3;7;29;31;12;1*5;20;23;33;25;19*6;36;27;34;26;17;38","5",""
1987,963.6429,945.36426,1323.5714,";;2;35;37;24;11;8;18;14;4;9*28;13;30;21;15;10;32*16;22;3;7;29;31;12;1*5;20;23;33;25;19*6;36;27;34;26;17;38","5",""
1988,970.6373,945.36426,1524.265,";;2;35;37;24;11;8;18;14;4;9*28;13;30;21;15;10;32*16;22;3;7;29;31;12;1*5;20;23;33;25;19*6;36;27;34;26;17;38","5",""
1989,985.3872,945.36426,1518.5939,";;2;35;37;24;11;8;18;14;4;9*28;13;30;21;15;10;32*16;22;3;7;29;31;12;1*5;20;23;33;25;19*6;36;27;34;26;17;38","5",""
1990,962.132,945.36426,1370.3107,";;2;35;37;24;11;8;18;14;4;9*28;13;30;21;15;10;32*16;22;3;7;29;31;12;1*5;20;23;33;25;19*6;36;27;34;26;17;38","5",""
1991,972.23303,945.36426,1524.265,";;2;35;37;24;11;8;18;14;4;9*28;13;30;21;15;10;32*16;22;3;7;29;31;12;1*5;20;23;33;25;19*6;36;27;34;26;17;38","5",""
1992,960.4872,945.36426,1235.7577,";;2;35;37;24;11;8;18;14;4;9*28;13;30;21;15;10;32*16;22;3;7;29;31;12;1*5;20;23;33;25;19*6;36;27;34;26;17;38","5",""
1993,961.0767,945.36426,1310.1367,";;2;35;37;24;11;8;18;14;4;9*28;13;30;21;15;10;32*16;22;3;7;29;31;12;1*5;20;23;33;25;19*6;36;27;34;26;17;38","5",""
1994,975.86273,945.36426,1425.7368,";;2;35;37;24;11;8;18;14;4;9*28;13;30;21;15;10;32*16;22;3;7;29;31;12;1*5;20;23;33;25;19*6;36;27;34;26;17;38","5",""
1995,979.8574,945.36426,1388.4341,";;2;35;37;24;11;8;18;14;4;9*28;13;30;21;15;10;32*16;22;3;7;29;31;12;1*5;20;23;33;25;19*6;36;27;34;26;17;38","5",""
1996,959.50995,945.36426,1416.187,";;2;35;37;24;11;8;18;14;4;9*28;13;30;21;15;10;32*16;22;3;7;29;31;12;1*5;20;23;33;25;19*6;36;27;34;26;17;38","5",""
1997,965.68494,945.36426,1317.3798,";;2;35;37;24;11;8;18;14;4;9*28;13;30;21;15;10;32*16;22;3;7;29;31;12;1*5;20;23;33;25;19*6;36;27;34;26;17;38","5",""
1998,950.2059,945.36426,1085.357,";;2;35;37;24;11;8;18;14;4;9*28;13;30;21;15;10;32*16;22;3;7;29;31;12;1*5;20;23;33;25;19*6;36;27;34;26;17;38","5",""
1999,962.0496,945.36426,1370.3107,";;2;35;37;24;11;8;18;14;4;9*28;13;30;21;15;10;32*16;22;3;7;29;31;12;1*5;20;23;33;25;19*6;36;27;34;26;17;38","5",""
